nodenumber     x-coordinate     y-coordinate     z-coordinate      temperature total-temperature               n2              air         molef-n2        molef-air concentration-n2 concentration-air 
         1  1.180011401E+00  7.000440735E-01  4.499552279E-01  2.881976582E+02  2.881976584E+02  2.286611111E-01  7.713388870E-01  2.342035768E-01  7.657964214E-01  9.494727794E-03  3.091736392E-02 
         2  1.150002942E+00  1.299996259E+00  6.549998111E+00  2.919626817E+02  2.919626825E+02  4.121462688E-03  9.958785224E-01  4.260970511E-03  9.957390146E-01  1.699681869E-04  3.971918249E-02 
         3  2.599979183E-01  1.299834635E+00  4.769962194E+00  2.919777638E+02  2.919777641E+02  2.981890953E-03  9.970180932E-01  3.082976104E-03  9.969170081E-01  1.229710277E-04  3.976411905E-02 
         4  2.499957813E-01  1.300216226E+00  3.040010943E+00  2.919822342E+02  2.919822345E+02  2.852848218E-03  9.971471518E-01  2.949572703E-03  9.970504273E-01  1.176481134E-04  3.976883252E-02 
         5  1.179989316E+00  1.700000987E+00  4.500025386E-01  2.919769691E+02  2.919769692E+02  3.678832943E-03  9.963211440E-01  3.803455626E-03  9.961965213E-01  1.517092140E-04  3.973548885E-02 
         6  2.090000749E+00  1.699988964E+00  2.640041275E+00  2.919991723E+02  2.919991740E+02  2.749778038E-04  9.997250259E-01  2.843253761E-04  9.997156783E-01  1.134008972E-05  3.987282713E-02 
         7  1.929998960E+00  1.700096390E+00  4.850038151E+00  2.919953897E+02  2.919953901E+02  1.043202238E-03  9.989567996E-01  1.078633308E-03  9.989213686E-01  4.302105605E-05  3.984166270E-02 
         8  1.149997690E+00  1.699993700E+00  6.550001821E+00  2.919472031E+02  2.919472040E+02  5.862096769E-03  9.941378939E-01  6.060176899E-03  9.939398138E-01  2.417500300E-04  3.964951596E-02 
         9  2.599530306E-01  1.699784014E+00  4.769789816E+00  2.919650663E+02  2.919650667E+02  4.528525486E-03  9.954714766E-01  4.681795146E-03  9.953182069E-01  1.867514025E-04  3.970207479E-02 
        10  2.500325889E-01  1.700141952E+00  3.039603904E+00  2.919766067E+02  2.919766070E+02  3.899385209E-03  9.961006167E-01  4.031447300E-03  9.959685546E-01  1.608034157E-04  3.972644614E-02 
        11  2.090000512E+00  6.999920786E-01  2.640018387E+00  2.878656115E+02  2.878656122E+02  2.604480381E-01  7.395519768E-01  2.663654604E-01  7.336345545E-01  1.081422842E-02  2.964471784E-02 
        12  1.930000944E+00  7.000071781E-01  4.849993220E+00  2.889538559E+02  2.889538562E+02  1.803561977E-01  8.196437929E-01  1.851179873E-01  8.148820034E-01  7.478645408E-03  3.282692355E-02 
        13  1.149999460E+00  7.000041210E-01  6.549999896E+00  2.895881925E+02  2.895881934E+02  1.495530316E-01  8.504469759E-01  1.536146007E-01  8.463854067E-01  6.194974259E-03  3.402223850E-02 
        14  2.599937070E-01  6.999245510E-01  4.770022657E+00  2.890279318E+02  2.890279320E+02  1.927148057E-01  8.072851877E-01  1.975993709E-01  8.024006225E-01  7.988611831E-03  3.230709317E-02 
        15  2.500057384E-01  7.000450448E-01  3.040068823E+00  2.888159606E+02  2.888159613E+02  1.896882923E-01  8.103117133E-01  1.945960225E-01  8.054039831E-01  7.867596791E-03  3.245737102E-02 
        16  1.179999658E+00  1.300002449E+00  4.500000716E-01  2.919812935E+02  2.919812937E+02  3.052291723E-03  9.969477082E-01  3.155757524E-03  9.968442424E-01  1.258724775E-04  3.976073666E-02 
        17  2.090000552E+00  1.299991228E+00  2.640042717E+00  2.919998209E+02  2.919998274E+02  1.678299773E-04  9.998321626E-01  1.735356465E-04  9.998264569E-01  6.921319968E-06  3.987715643E-02 
        18  1.930000128E+00  1.300009553E+00  4.849983633E+00  2.919963081E+02  2.919963083E+02  8.545256636E-04  9.991454892E-01  8.835558585E-04  9.991164590E-01  3.524029058E-05  3.984931905E-02 
