nodenumber     x-coordinate     y-coordinate     z-coordinate      temperature total-temperature               n2              air         molef-n2        molef-air concentration-n2 concentration-air 
         1  1.180011401E+00  7.000440735E-01  4.499552279E-01  2.880252296E+02  2.880252297E+02  2.382296821E-01  7.617703160E-01  2.440487876E-01  7.559512105E-01  9.891068494E-03  3.054479649E-02 
         2  1.150002942E+00  1.299996259E+00  6.549998111E+00  2.919543065E+02  2.919543071E+02  5.082780000E-03  9.949172051E-01  5.254682928E-03  9.947453022E-01  2.096119340E-04  3.968068301E-02 
         3  2.599979183E-01  1.299834635E+00  4.769962194E+00  2.919766444E+02  2.919766447E+02  3.163044625E-03  9.968369395E-01  3.270251000E-03  9.967297332E-01  1.304413650E-04  3.975680162E-02 
         4  2.499957813E-01  1.300216226E+00  3.040010943E+00  2.919821840E+02  2.919821842E+02  2.887161598E-03  9.971128384E-01  2.985045138E-03  9.970149549E-01  1.190630340E-04  3.976742447E-02 
         5  1.179989316E+00  1.700000987E+00  4.500025386E-01  2.919769843E+02  2.919769844E+02  3.704103194E-03  9.962958738E-01  3.829578986E-03  9.961703980E-01  1.527511846E-04  3.973444479E-02 
         6  2.090000749E+00  1.699988964E+00  2.640041275E+00  2.919995035E+02  2.919995052E+02  2.305961896E-04  9.997694075E-01  2.384354117E-04  9.997615683E-01  9.509794271E-06  3.987461219E-02 
         7  1.929998960E+00  1.700096390E+00  4.850038151E+00  2.919964977E+02  2.919964981E+02  8.384691574E-04  9.991615327E-01  8.669529174E-04  9.991330489E-01  3.457808849E-05  3.984995433E-02 
         8  1.149997690E+00  1.699993700E+00  6.550001821E+00  2.919400689E+02  2.919400698E+02  6.663272295E-03  9.933367184E-01  6.888256608E-03  9.931117341E-01  2.747894438E-04  3.961745136E-02 
         9  2.599530306E-01  1.699784014E+00  4.769789816E+00  2.919679264E+02  2.919679268E+02  4.246661339E-03  9.957533408E-01  4.390434912E-03  9.956095672E-01  1.751276100E-04  3.971330782E-02 
        10  2.500325889E-01  1.700141952E+00  3.039603904E+00  2.919768317E+02  2.919768320E+02  3.892395712E-03  9.961076062E-01  4.024221741E-03  9.959757801E-01  1.605151004E-04  3.972670372E-02 
        11  2.090000512E+00  6.999920786E-01  2.640018387E+00  2.877870984E+02  2.877870993E+02  2.613632537E-01  7.386367612E-01  2.673042416E-01  7.326957733E-01  1.085622879E-02  2.961388617E-02 
        12  1.930000944E+00  7.000071781E-01  4.849993220E+00  2.895633384E+02  2.895633388E+02  1.483239444E-01  8.516760463E-01  1.523388240E-01  8.476611667E-01  6.145311832E-03  3.407540971E-02 
        13  1.149999460E+00  7.000041210E-01  6.549999896E+00  2.895596971E+02  2.895596976E+02  1.544706662E-01  8.455293412E-01  1.585848587E-01  8.414151487E-01  6.398799648E-03  3.382249990E-02 
        14  2.599937070E-01  6.999245510E-01  4.770022657E+00  2.888971037E+02  2.888971047E+02  2.009414022E-01  7.990585913E-01  2.060453965E-01  7.939545970E-01  8.328891584E-03  3.198483689E-02 
        15  2.500057384E-01  7.000450448E-01  3.040068823E+00  2.888838567E+02  2.888838573E+02  1.832390849E-01  8.167609207E-01  1.880018004E-01  8.119982052E-01  7.600615867E-03  3.271491456E-02 
        16  1.179999658E+00  1.300002449E+00  4.500000716E-01  2.919814551E+02  2.919814552E+02  3.034226392E-03  9.969657735E-01  3.137081694E-03  9.968629182E-01  1.251274945E-04  3.976145956E-02 
        17  2.090000552E+00  1.299991228E+00  2.640042717E+00  2.920001228E+02  2.920001297E+02  1.295597436E-04  9.998704328E-01  1.339644941E-04  9.998660281E-01  5.343053343E-06  3.987869346E-02 
        18  1.930000128E+00  1.300009553E+00  4.849983633E+00  2.919972839E+02  2.919972841E+02  6.677775586E-04  9.993322373E-01  6.904673293E-04  9.993095476E-01  2.753895079E-05  3.985688711E-02 
