nodenumber     x-coordinate     y-coordinate     z-coordinate      temperature total-temperature               n2              air         molef-n2        molef-air concentration-n2 concentration-air 
         1  1.180011401E+00  7.000440735E-01  4.499552279E-01  2.887383091E+02  2.887383093E+02  1.874157591E-01  8.125842390E-01  1.921708850E-01  8.078291131E-01  7.781120328E-03  3.255532567E-02 
         2  1.150002942E+00  1.299996259E+00  6.549998111E+00  2.919436407E+02  2.919436414E+02  5.916428460E-03  9.940835566E-01  6.116355353E-03  9.938836297E-01  2.439933105E-04  3.964775898E-02 
         3  2.599979183E-01  1.299834635E+00  4.769962194E+00  2.919575378E+02  2.919575381E+02  5.120521143E-03  9.948794630E-01  5.293708857E-03  9.947062753E-01  2.111658999E-04  3.967868747E-02 
         4  2.499957813E-01  1.300216226E+00  3.040010943E+00  2.919882784E+02  2.919882786E+02  2.059014454E-03  9.979409855E-01  2.128880768E-03  9.978711192E-01  8.491186582E-05  3.980074312E-02 
         5  1.179989316E+00  1.700000987E+00  4.500025386E-01  2.919797012E+02  2.919797014E+02  3.352682324E-03  9.966472946E-01  3.466294537E-03  9.965336824E-01  1.382595153E-04  3.974856532E-02 
         6  2.090000749E+00  1.699988964E+00  2.640041275E+00  2.919992166E+02  2.919992182E+02  2.471746139E-04  9.997528291E-01  2.555772385E-04  9.997444265E-01  1.019349355E-05  3.987396768E-02 
         7  1.929998960E+00  1.700096390E+00  4.850038151E+00  2.919906405E+02  2.919906408E+02  1.662048518E-03  9.983379533E-01  1.718458481E-03  9.982815434E-01  6.854156385E-05  3.981679092E-02 
         8  1.149997690E+00  1.699993700E+00  6.550001821E+00  2.919357694E+02  2.919357704E+02  6.677924851E-03  9.933220658E-01  6.903364582E-03  9.930966261E-01  2.753976212E-04  3.961743074E-02 
         9  2.599530306E-01  1.699784014E+00  4.769789816E+00  2.919508395E+02  2.919508401E+02  6.177609576E-03  9.938223925E-01  6.386337309E-03  9.936136648E-01  2.547559602E-04  3.963601401E-02 
        10  2.500325889E-01  1.700141952E+00  3.039603904E+00  2.919782767E+02  2.919782771E+02  3.714282202E-03  9.962857197E-01  3.840094774E-03  9.961599071E-01  1.531701568E-04  3.973385126E-02 
        11  2.090000512E+00  6.999920786E-01  2.640018387E+00  2.875580436E+02  2.875580445E+02  2.738043194E-01  7.261956955E-01  2.799453654E-01  7.200546495E-01  1.137646554E-02  2.912587946E-02 
        12  1.930000944E+00  7.000071781E-01  4.849993220E+00  2.888733511E+02  2.888733514E+02  1.851536498E-01  8.148463409E-01  1.900031002E-01  8.099968905E-01  7.678791748E-03  3.263808859E-02 
        13  1.149999460E+00  7.000041210E-01  6.549999896E+00  2.891970478E+02  2.891970484E+02  1.729889978E-01  8.270110097E-01  1.775448581E-01  8.224551494E-01  7.169434415E-03  3.310228747E-02 
        14  2.599937070E-01  6.999245510E-01  4.770022657E+00  2.885926133E+02  2.885926138E+02  2.229600890E-01  7.770399044E-01  2.284926537E-01  7.715073397E-01  9.243124317E-03  3.111310897E-02 
        15  2.500057384E-01  7.000450448E-01  3.040068823E+00  2.891601265E+02  2.891601272E+02  1.653626256E-01  8.346373800E-01  1.697330434E-01  8.302669622E-01  6.857880401E-03  3.341916360E-02 
        16  1.179999658E+00  1.300002449E+00  4.500000716E-01  2.919852261E+02  2.919852263E+02  2.486739933E-03  9.975132600E-01  2.571083184E-03  9.974289167E-01  1.025504441E-04  3.978352148E-02 
        17  2.090000552E+00  1.299991228E+00  2.640042717E+00  2.920000256E+02  2.920000325E+02  1.298306218E-04  9.998701619E-01  1.342445879E-04  9.998657480E-01  5.354227076E-06  3.987869556E-02 
        18  1.930000128E+00  1.300009553E+00  4.849983633E+00  2.919961181E+02  2.919961182E+02  7.717029093E-04  9.992283120E-01  7.979211008E-04  9.992020938E-01  3.182482177E-05  3.985276048E-02 
