nodenumber     x-coordinate     y-coordinate     z-coordinate      temperature total-temperature               n2              air         molef-n2        molef-air concentration-n2 concentration-air 
         1  1.180011401E+00  7.000440735E-01  4.499552279E-01  2.889120740E+02  2.889120741E+02  1.756696138E-01  8.243303844E-01  1.802258888E-01  8.197741093E-01  7.291628987E-03  3.302039483E-02 
         2  1.150002942E+00  1.299996259E+00  6.549998111E+00  2.919764594E+02  2.919764601E+02  2.892867585E-03  9.971071175E-01  2.990914503E-03  9.970090706E-01  1.193004713E-04  3.976796789E-02 
         3  2.599979183E-01  1.299834635E+00  4.769962194E+00  2.919531227E+02  2.919531231E+02  5.323257281E-03  9.946767269E-01  5.503224217E-03  9.944967600E-01  2.195285124E-04  3.967092815E-02 
         4  2.499957813E-01  1.300216226E+00  3.040010943E+00  2.919870781E+02  2.919870785E+02  2.159921727E-03  9.978400783E-01  2.233201586E-03  9.977667984E-01  8.907324430E-05  3.979674570E-02 
         5  1.179989316E+00  1.700000987E+00  4.500025386E-01  2.919887289E+02  2.919887291E+02  2.147805439E-03  9.978521715E-01  2.220677957E-03  9.977792990E-01  8.857310468E-05  3.979701851E-02 
         6  2.090000749E+00  1.699988964E+00  2.640041275E+00  2.919987862E+02  2.919987875E+02  3.340769482E-04  9.996659268E-01  3.454330291E-04  9.996545707E-01  1.377733509E-05  3.987044263E-02 
         7  1.929998960E+00  1.700096390E+00  4.850038151E+00  2.920006095E+02  2.920006099E+02  1.159097614E-05  9.999884109E-01  1.198511687E-05  9.999880167E-01  4.780140402E-07  3.988349276E-02 
         8  1.149997690E+00  1.699993700E+00  6.550001821E+00  2.919623395E+02  2.919623404E+02  4.617734532E-03  9.953822562E-01  4.773967698E-03  9.952260230E-01  1.904312054E-04  3.969876665E-02 
         9  2.599530306E-01  1.699784014E+00  4.769789816E+00  2.919515275E+02  2.919515282E+02  5.793753780E-03  9.942062483E-01  5.989575534E-03  9.940104266E-01  2.389287908E-04  3.965174720E-02 
        10  2.500325889E-01  1.700141952E+00  3.039603904E+00  2.919844377E+02  2.919844383E+02  2.822927544E-03  9.971770743E-01  2.918636329E-03  9.970813655E-01  1.164134074E-04  3.976976637E-02 
        11  2.090000512E+00  6.999920786E-01  2.640018387E+00  2.873442704E+02  2.873442713E+02  2.850020569E-01  7.149979580E-01  2.912311202E-01  7.087688947E-01  1.184912195E-02  2.868381556E-02 
        12  1.930000944E+00  7.000071781E-01  4.849993220E+00  2.888090213E+02  2.888090217E+02  1.882685620E-01  8.117314287E-01  1.931320813E-01  8.068679094E-01  7.810455193E-03  3.251561849E-02 
        13  1.149999460E+00  7.000041210E-01  6.549999896E+00  2.891050917E+02  2.891050925E+02  1.760738437E-01  8.239261638E-01  1.807611593E-01  8.192388482E-01  7.297125196E-03  3.298718963E-02 
        14  2.599937070E-01  6.999245510E-01  4.770022657E+00  2.890424523E+02  2.890424525E+02  1.849124318E-01  8.150875617E-01  1.898708007E-01  8.101291928E-01  7.660981893E-03  3.263185413E-02 
        15  2.500057384E-01  7.000450448E-01  3.040068823E+00  2.885791639E+02  2.885791647E+02  1.950182858E-01  8.049817198E-01  1.999092274E-01  8.000907782E-01  8.099650383E-03  3.225917534E-02 
        16  1.179999658E+00  1.300002449E+00  4.500000716E-01  2.919887174E+02  2.919887174E+02  2.041866434E-03  9.979581334E-01  2.111153270E-03  9.978888466E-01  8.420462278E-05  3.980139039E-02 
        17  2.090000552E+00  1.299991228E+00  2.640042717E+00  2.919999843E+02  2.919999915E+02  1.466676369E-04  9.998533249E-01  1.516539863E-04  9.998483386E-01  6.048584798E-06  3.987800683E-02 
        18  1.930000128E+00  1.300009553E+00  4.849983633E+00  2.920007149E+02  2.920007151E+02  6.028846053E-05  9.999397264E-01  6.233842457E-05  9.999376765E-01  2.486303283E-06  3.988147111E-02 
