nodenumber     x-coordinate     y-coordinate     z-coordinate      temperature total-temperature               n2              air         molef-n2        molef-air concentration-n2 concentration-air 
         1  1.180011401E+00  7.000440735E-01  4.499552279E-01  2.912400619E+02  2.912400620E+02  1.539848616E-02  9.846015120E-01  1.591196936E-02  9.840880288E-01  6.367672076E-04  3.935146131E-02 
         2  1.150002942E+00  1.299996259E+00  6.549998111E+00  2.919916796E+02  2.919916800E+02  2.425691482E-04  9.997574160E-01  2.508154448E-04  9.997491697E-01  1.000385501E-05  3.987518535E-02 
         3  2.599979183E-01  1.299834635E+00  4.769962194E+00  2.919929428E+02  2.919929429E+02  2.797157847E-04  9.997202684E-01  2.892243508E-04  9.997107598E-01  1.153576221E-05  3.987348081E-02 
         4  2.499957813E-01  1.300216226E+00  3.040010943E+00  2.919905694E+02  2.919905696E+02  5.491160504E-04  9.994508839E-01  5.677767671E-04  9.994322232E-01  2.264606039E-05  3.986269597E-02 
         5  1.179989316E+00  1.700000987E+00  4.500025386E-01  2.920004944E+02  2.920004945E+02  1.858567188E-05  9.999813913E-01  1.921766563E-05  9.999807593E-01  7.664771762E-07  3.988321803E-02 
         6  2.090000749E+00  1.699988964E+00  2.640041275E+00  2.919987299E+02  2.919987312E+02  4.605840455E-05  9.999539453E-01  4.762453898E-05  9.999523792E-01  1.899470540E-06  3.988232818E-02 
         7  1.929998960E+00  1.700096390E+00  4.850038151E+00  2.920006252E+02  2.920006254E+02  3.029689018E-08  9.999999716E-01  3.132714152E-08  9.999999705E-01  1.249450609E-09  3.988396738E-02 
         8  1.149997690E+00  1.699993700E+00  6.550001821E+00  2.919992184E+02  2.919992189E+02  3.949261883E-05  9.999604981E-01  4.083546932E-05  9.999591552E-01  1.628695269E-06  3.988253119E-02 
         9  2.599530306E-01  1.699784014E+00  4.769789816E+00  2.919995567E+02  2.919995570E+02  3.726443059E-05  9.999627377E-01  3.853154876E-05  9.999614705E-01  1.536798587E-06  3.988257779E-02 
        10  2.500325889E-01  1.700141952E+00  3.039603904E+00  2.920002339E+02  2.920002342E+02  1.671621711E-05  9.999832856E-01  1.728464146E-05  9.999827172E-01  6.893813274E-07  3.988333269E-02 
        11  2.090000512E+00  6.999920786E-01  2.640018387E+00  2.906704684E+02  2.906704694E+02  2.800935542E-02  9.719906595E-01  2.892742134E-02  9.710725936E-01  1.160283170E-03  3.890639792E-02 
        12  1.930000944E+00  7.000071781E-01  4.849993220E+00  2.911209173E+02  2.911209179E+02  2.297785987E-02  9.770221308E-01  2.373341394E-02  9.762665767E-01  9.505939089E-04  3.905404956E-02 
        13  1.149999460E+00  7.000041210E-01  6.549999896E+00  2.918961315E+02  2.918961316E+02  3.241053126E-03  9.967589543E-01  3.350240162E-03  9.966497673E-01  1.337621787E-04  3.976449565E-02 
        14  2.599937070E-01  6.999245510E-01  4.770022657E+00  2.915224156E+02  2.915224160E+02  1.247128427E-02  9.875287092E-01  1.288733512E-02  9.871126584E-01  5.152841750E-04  3.943417274E-02 
        15  2.500057384E-01  7.000450448E-01  3.040068823E+00  2.912403022E+02  2.912403026E+02  1.975846238E-02  9.802415432E-01  2.040751121E-02  9.795924944E-01  8.173474762E-04  3.917090021E-02 
        16  1.179999658E+00  1.300002449E+00  4.500000716E-01  2.919989961E+02  2.919989961E+02  1.105620623E-04  9.998894378E-01  1.143212945E-04  9.998856786E-01  4.559613948E-06  3.987963138E-02 
        17  2.090000552E+00  1.299991228E+00  2.640042717E+00  2.920002204E+02  2.920002281E+02  1.481072108E-05  9.999851818E-01  1.531434895E-05  9.999846782E-01  6.107988648E-07  3.988341238E-02 
        18  1.930000128E+00  1.300009553E+00  4.849983633E+00  2.920000617E+02  2.920000618E+02  1.426275759E-05  9.999857521E-01  1.474775378E-05  9.999852671E-01  5.882010265E-07  3.988345843E-02 
