nodenumber     x-coordinate     y-coordinate     z-coordinate      temperature total-temperature               n2              air         molef-n2        molef-air concentration-n2 concentration-air 
         1  1.180011401E+00  7.000440735E-01  4.499552279E-01  2.910898795E+02  2.910898796E+02  2.230479508E-02  9.776952031E-01  2.303938760E-02  9.769606105E-01  9.231183003E-04  3.908587272E-02 
         2  1.150002942E+00  1.299996259E+00  6.549998111E+00  2.920006445E+02  2.920006448E+02  7.344544570E-06  9.999926406E-01  7.594294005E-06  9.999923908E-01  3.028907078E-07  3.988366177E-02 
         3  2.599979183E-01  1.299834635E+00  4.769962194E+00  2.919976516E+02  2.919976518E+02  1.423748438E-04  9.998576093E-01  1.472155034E-04  9.998527687E-01  5.871607755E-06  3.987850177E-02 
         4  2.499957813E-01  1.300216226E+00  3.040010943E+00  2.919980122E+02  2.919980124E+02  1.352054385E-04  9.998647946E-01  1.398024217E-04  9.998601976E-01  5.575929389E-06  3.987874946E-02 
         5  1.179989316E+00  1.700000987E+00  4.500025386E-01  2.920005082E+02  2.920005083E+02  2.259801889E-05  9.999773789E-01  2.336644840E-05  9.999766105E-01  9.319470839E-07  3.988305068E-02 
         6  2.090000749E+00  1.699988964E+00  2.640041275E+00  2.919997482E+02  2.919997496E+02  2.350321420E-05  9.999765005E-01  2.430241978E-05  9.999757013E-01  9.692807661E-07  3.988311928E-02 
         7  1.929998960E+00  1.700096390E+00  4.850038151E+00  2.920006260E+02  2.920006262E+02  7.262627700E-09  9.999999946E-01  7.509594709E-09  9.999999944E-01  2.995124066E-10  3.988396822E-02 
         8  1.149997690E+00  1.699993700E+00  6.550001821E+00  2.920002852E+02  2.920002856E+02  1.242698576E-05  9.999875637E-01  1.284955624E-05  9.999871411E-01  5.124925507E-07  3.988350169E-02 
         9  2.599530306E-01  1.699784014E+00  4.769789816E+00  2.920004427E+02  2.920004430E+02  9.031582604E-06  9.999909705E-01  9.338699948E-06  9.999906634E-01  3.724646728E-07  3.988362112E-02 
        10  2.500325889E-01  1.700141952E+00  3.039603904E+00  2.920005215E+02  2.920005218E+02  4.995290869E-06  9.999950066E-01  5.165155381E-06  9.999948367E-01  2.060069872E-07  3.988377678E-02 
        11  2.090000512E+00  6.999920786E-01  2.640018387E+00  2.904928432E+02  2.904928443E+02  3.802304846E-02  9.619769664E-01  3.924934863E-02  9.607506663E-01  1.576153723E-03  3.851521266E-02 
        12  1.930000944E+00  7.000071781E-01  4.849993220E+00  2.910456167E+02  2.910456169E+02  2.798529606E-02  9.720146946E-01  2.889671051E-02  9.711032802E-01  1.158216792E-03  3.885686377E-02 
        13  1.149999460E+00  7.000041210E-01  6.549999896E+00  2.915073578E+02  2.915073582E+02  1.597027880E-02  9.840297286E-01  1.649505250E-02  9.835049550E-01  6.601975054E-04  3.929138588E-02 
        14  2.599937070E-01  6.999245510E-01  4.770022657E+00  2.913195119E+02  2.913195121E+02  1.786631870E-02  9.821336748E-01  1.845811062E-02  9.815418829E-01  7.387301158E-04  3.923861128E-02 
        15  2.500057384E-01  7.000450448E-01  3.040068823E+00  2.910441359E+02  2.910441362E+02  3.425339583E-02  9.657466098E-01  3.534309468E-02  9.646569109E-01  1.417611259E-03  3.859771389E-02 
        16  1.179999658E+00  1.300002449E+00  4.500000716E-01  2.920002011E+02  2.920002012E+02  8.071584931E-05  9.999192840E-01  8.346036311E-05  9.999165395E-01  3.328735796E-06  3.988069766E-02 
        17  2.090000552E+00  1.299991228E+00  2.640042717E+00  2.920005353E+02  2.920005429E+02  8.085175804E-06  9.999919074E-01  8.360109203E-06  9.999916324E-01  3.334347869E-07  3.988364673E-02 
        18  1.930000128E+00  1.300009553E+00  4.849983633E+00  2.920006827E+02  2.920006828E+02  5.435962265E-06  9.999945789E-01  5.620811351E-06  9.999943941E-01  2.241803022E-07  3.988373763E-02 
