nodenumber     x-coordinate     y-coordinate     z-coordinate      temperature total-temperature               n2              air         molef-n2        molef-air concentration-n2 concentration-air 
         1  1.180011401E+00  7.000440735E-01  4.499552279E-01  2.912178566E+02  2.912178567E+02  1.337898463E-02  9.866210135E-01  1.382738301E-02  9.861726151E-01  5.530476733E-04  3.943814321E-02 
         2  1.150002942E+00  1.299996259E+00  6.549998111E+00  2.919569060E+02  2.919569068E+02  8.456591771E-04  9.991543259E-01  8.743890958E-04  9.991255960E-01  3.487968784E-05  3.985506010E-02 
         3  2.599979183E-01  1.299834635E+00  4.769962194E+00  2.919815767E+02  2.919815769E+02  4.870701879E-04  9.995129140E-01  5.036241933E-04  9.994963600E-01  2.008790427E-05  3.986648130E-02 
         4  2.499957813E-01  1.300216226E+00  3.040010943E+00  2.919825156E+02  2.919825157E+02  8.898410107E-04  9.991101590E-01  9.200712723E-04  9.990799287E-01  3.669847386E-05  3.984974374E-02 
         5  1.179989316E+00  1.700000987E+00  4.500025386E-01  2.920002797E+02  2.920002798E+02  7.248275259E-06  9.999927287E-01  7.494751859E-06  9.999924822E-01  2.989208447E-07  3.988371491E-02 
         6  2.090000749E+00  1.699988964E+00  2.640041275E+00  2.919962974E+02  2.919962985E+02  8.571873003E-05  9.999142850E-01  8.863324399E-05  9.999113705E-01  3.535118661E-06  3.988102480E-02 
         7  1.929998960E+00  1.700096390E+00  4.850038151E+00  2.920004599E+02  2.920004600E+02  3.396998869E-06  9.999966049E-01  3.512513865E-06  9.999964893E-01  1.400931002E-07  3.988385112E-02 
         8  1.149997690E+00  1.699993700E+00  6.550001821E+00  2.919291914E+02  2.919291927E+02  1.476173708E-03  9.985238170E-01  1.526291904E-03  9.984736988E-01  6.088998032E-05  3.983283727E-02 
         9  2.599530306E-01  1.699784014E+00  4.769789816E+00  2.919981513E+02  2.919981517E+02  6.359014032E-05  9.999364120E-01  6.575235500E-05  9.999342497E-01  2.622492345E-06  3.988168406E-02 
        10  2.500325889E-01  1.700141952E+00  3.039603904E+00  2.919970737E+02  2.919970740E+02  2.526980124E-04  9.997473039E-01  2.612886551E-04  9.997387132E-01  1.042136534E-05  3.987403237E-02 
        11  2.090000512E+00  6.999920786E-01  2.640018387E+00  2.909637832E+02  2.909637834E+02  1.690907668E-02  9.830909382E-01  1.747373403E-02  9.825262809E-01  6.994588374E-04  3.932664617E-02 
        12  1.930000944E+00  7.000071781E-01  4.849993220E+00  2.915100460E+02  2.915100466E+02  9.505160993E-03  9.904948297E-01  9.824340684E-03  9.901756500E-01  3.926609333E-04  3.955845374E-02 
        13  1.149999460E+00  7.000041210E-01  6.549999896E+00  2.918518336E+02  2.918518338E+02  3.300596943E-03  9.966994105E-01  3.411961006E-03  9.965880464E-01  1.362348978E-04  3.976807934E-02 
        14  2.599937070E-01  6.999245510E-01  4.770022657E+00  2.918845474E+02  2.918845477E+02  2.996632237E-03  9.970033612E-01  3.098156365E-03  9.969018371E-01  1.236269573E-04  3.977620389E-02 
        15  2.500057384E-01  7.000450448E-01  3.040068823E+00  2.911973968E+02  2.911973970E+02  1.986648595E-02  9.801335196E-01  2.052526172E-02  9.794747439E-01  8.214778881E-04  3.917260546E-02 
        16  1.179999658E+00  1.300002449E+00  4.500000716E-01  2.919948920E+02  2.919948920E+02  1.245959333E-04  9.998754040E-01  1.288322344E-04  9.998711676E-01  5.138451047E-06  3.987961313E-02 
        17  2.090000552E+00  1.299991228E+00  2.640042717E+00  2.919992745E+02  2.919992815E+02  2.794272890E-05  9.999720498E-01  2.889287139E-05  9.999710997E-01  1.152373397E-06  3.988300000E-02 
        18  1.930000128E+00  1.300009553E+00  4.849983633E+00  2.919930643E+02  2.919930644E+02  1.197925489E-04  9.998802224E-01  1.238653485E-04  9.998761496E-01  4.940439559E-06  3.988006200E-02 
