nodenumber     x-coordinate     y-coordinate     z-coordinate      temperature total-temperature               n2              air         molef-n2        molef-air concentration-n2 concentration-air 
         1  1.180011401E+00  7.000440735E-01  4.499552279E-01  2.886025136E+02  2.886025138E+02  1.593981629E-01  8.406018353E-01  1.636697255E-01  8.363302727E-01  6.628966507E-03  3.372642673E-02 
         2  1.150002942E+00  1.299996259E+00  6.549998111E+00  2.919993862E+02  2.919993866E+02  1.505405141E-04  9.998494446E-01  1.556582937E-04  9.998443268E-01  6.208319631E-06  3.987792820E-02 
         3  2.599979183E-01  1.299834635E+00  4.769962194E+00  2.919749667E+02  2.919749669E+02  3.290398209E-03  9.967095860E-01  3.401902346E-03  9.965980818E-01  1.356935016E-04  3.975177869E-02 
         4  2.499957813E-01  1.300216226E+00  3.040010943E+00  2.919825006E+02  2.919825009E+02  2.342145693E-03  9.976578543E-01  2.421589289E-03  9.975784107E-01  9.658889102E-05  3.978985536E-02 
         5  1.179989316E+00  1.700000987E+00  4.500025386E-01  2.919949860E+02  2.919949862E+02  1.072171329E-03  9.989278056E-01  1.108589900E-03  9.988913870E-01  4.421582634E-05  3.984052108E-02 
         6  2.090000749E+00  1.699988964E+00  2.640041275E+00  2.920002458E+02  2.920002473E+02  8.384395662E-05  9.999161598E-01  8.669478213E-05  9.999133089E-01  3.457737401E-06  3.988056286E-02 
         7  1.929998960E+00  1.700096390E+00  4.850038151E+00  2.920006389E+02  2.920006393E+02  1.558769416E-05  9.999844142E-01  1.611773916E-05  9.999838841E-01  6.428393014E-07  3.988332391E-02 
         8  1.149997690E+00  1.699993700E+00  6.550001821E+00  2.919970397E+02  2.919970404E+02  3.655514101E-04  9.996344393E-01  3.779747271E-04  9.996220160E-01  1.507541993E-05  3.986938206E-02 
         9  2.599530306E-01  1.699784014E+00  4.769789816E+00  2.919718514E+02  2.919718520E+02  4.075300419E-03  9.959247017E-01  4.213230483E-03  9.957867716E-01  1.680590075E-04  3.971984025E-02 
        10  2.500325889E-01  1.700141952E+00  3.039603904E+00  2.919782398E+02  2.919782402E+02  3.594772325E-03  9.964052295E-01  3.716550616E-03  9.962834512E-01  1.482423548E-04  3.973878411E-02 
        11  2.090000512E+00  6.999920786E-01  2.640018387E+00  2.879649310E+02  2.879649318E+02  1.998407372E-01  8.001592777E-01  2.049818172E-01  7.950181977E-01  8.310807577E-03  3.213352014E-02 
        12  1.930000944E+00  7.000071781E-01  4.849993220E+00  2.880932177E+02  2.880932180E+02  2.119116532E-01  7.880883374E-01  2.171643570E-01  7.828356337E-01  8.810413326E-03  3.161657832E-02 
        13  1.149999460E+00  7.000041210E-01  6.549999896E+00  2.889644065E+02  2.889644070E+02  1.758169341E-01  8.241830734E-01  1.804895493E-01  8.195104582E-01  7.291979086E-03  3.301217768E-02 
        14  2.599937070E-01  6.999245510E-01  4.770022657E+00  2.886336791E+02  2.886336794E+02  1.698167027E-01  8.301832908E-01  1.744238732E-01  8.255761203E-01  7.052146706E-03  3.329809613E-02 
        15  2.500057384E-01  7.000450448E-01  3.040068823E+00  2.888838208E+02  2.888838210E+02  1.706128658E-01  8.293871398E-01  1.750285889E-01  8.249714167E-01  7.086552839E-03  3.322975879E-02 
        16  1.179999658E+00  1.300002449E+00  4.500000716E-01  2.919971009E+02  2.919971010E+02  6.986716951E-04  9.993013282E-01  7.224126905E-04  9.992775872E-01  2.881303964E-05  3.985563682E-02 
        17  2.090000552E+00  1.299991228E+00  2.640042717E+00  2.920006493E+02  2.920006568E+02  4.065987368E-05  9.999593327E-01  4.204242749E-05  9.999579501E-01  1.676819401E-06  3.988228778E-02 
        18  1.930000128E+00  1.300009553E+00  4.849983633E+00  2.920008008E+02  2.920008010E+02  4.819253669E-05  9.999518224E-01  4.983122216E-05  9.999501837E-01  1.987465849E-06  3.988195822E-02 
