nodenumber     x-coordinate     y-coordinate     z-coordinate      temperature total-temperature               n2              air         molef-n2        molef-air concentration-n2 concentration-air 
         1  1.180011401E+00  7.000440735E-01  4.499552279E-01  2.910621959E+02  2.910621960E+02  2.036734783E-02  9.796326503E-01  2.104235607E-02  9.789576421E-01  8.426871932E-04  3.917002538E-02 
         2  1.150002942E+00  1.299996259E+00  6.549998111E+00  2.920002442E+02  2.920002444E+02  1.642564958E-05  9.999835594E-01  1.698419380E-05  9.999830009E-01  6.773984168E-07  3.988334193E-02 
         3  2.599979183E-01  1.299834635E+00  4.769962194E+00  2.919929635E+02  2.919929637E+02  3.229655824E-04  9.996770186E-01  3.339439702E-04  9.996660402E-01  1.331939837E-05  3.987169435E-02 
         4  2.499957813E-01  1.300216226E+00  3.040010943E+00  2.919910392E+02  2.919910393E+02  6.147018348E-04  9.993852982E-01  6.355903287E-04  9.993644097E-01  2.535076855E-05  3.985992710E-02 
         5  1.179989316E+00  1.700000987E+00  4.500025386E-01  2.920005005E+02  2.920005006E+02  1.933037278E-05  9.999806466E-01  1.998768967E-05  9.999799893E-01  7.971887727E-07  3.988318648E-02 
         6  2.090000749E+00  1.699988964E+00  2.640041275E+00  2.919989071E+02  2.919989084E+02  4.130989814E-05  9.999586938E-01  4.271457578E-05  9.999572891E-01  1.703638935E-06  3.988249982E-02 
         7  1.929998960E+00  1.700096390E+00  4.850038151E+00  2.920006259E+02  2.920006261E+02  1.796599448E-08  9.999999839E-01  1.857693146E-08  9.999999833E-01  7.409216749E-10  3.988396779E-02 
         8  1.149997690E+00  1.699993700E+00  6.550001821E+00  2.919999955E+02  2.919999958E+02  1.871695241E-05  9.999812737E-01  1.935339915E-05  9.999806373E-01  7.718939621E-07  3.988328186E-02 
         9  2.599530306E-01  1.699784014E+00  4.769789816E+00  2.919996070E+02  2.919996073E+02  3.785914745E-05  9.999621429E-01  3.914649537E-05  9.999608556E-01  1.561323953E-06  3.988254640E-02 
        10  2.500325889E-01  1.700141952E+00  3.039603904E+00  2.920002096E+02  2.920002099E+02  2.868997130E-05  9.999713119E-01  2.966552759E-05  9.999703363E-01  1.183181616E-06  3.988284221E-02 
        11  2.090000512E+00  6.999920786E-01  2.640018387E+00  2.907122263E+02  2.907122276E+02  2.766687756E-02  9.723331373E-01  2.857104572E-02  9.714289692E-01  1.146272992E-03  3.891471810E-02 
        12  1.930000944E+00  7.000071781E-01  4.849993220E+00  2.911204145E+02  2.911204147E+02  3.149218384E-02  9.685078068E-01  3.251458597E-02  9.674854047E-01  1.302401736E-03  3.870233381E-02 
        13  1.149999460E+00  7.000041210E-01  6.549999896E+00  2.916798468E+02  2.916798471E+02  1.016754808E-02  9.898324594E-01  1.050584499E-02  9.894941625E-01  4.199743411E-04  3.950791126E-02 
        14  2.599937070E-01  6.999245510E-01  4.770022657E+00  2.914403971E+02  2.914403975E+02  1.499180140E-02  9.850081921E-01  1.549151926E-02  9.845084742E-01  6.194519091E-04  3.934124660E-02 
        15  2.500057384E-01  7.000450448E-01  3.040068823E+00  2.913506917E+02  2.913506921E+02  1.319032493E-02  9.868096807E-01  1.362843574E-02  9.863715698E-01  5.455851054E-04  3.942748897E-02 
        16  1.179999658E+00  1.300002449E+00  4.500000716E-01  2.919994541E+02  2.919994542E+02  9.871723353E-05  9.999012827E-01  1.020737724E-04  9.998979261E-01  4.071124489E-06  3.988005730E-02 
        17  2.090000552E+00  1.299991228E+00  2.640042717E+00  2.920001383E+02  2.920001460E+02  1.651371327E-05  9.999834788E-01  1.707524974E-05  9.999829173E-01  6.810308812E-07  3.988335336E-02 
        18  1.930000128E+00  1.300009553E+00  4.849983633E+00  2.920004070E+02  2.920004071E+02  8.986686028E-06  9.999910282E-01  9.292275328E-06  9.999907226E-01  3.706134280E-07  3.988362886E-02 
