nodenumber     x-coordinate     y-coordinate     z-coordinate      temperature total-temperature               n2              air         molef-n2        molef-air concentration-n2 concentration-air 
         1  1.180011401E+00  7.000440735E-01  4.499552279E-01  2.883687109E+02  2.883687112E+02  1.752576697E-01  8.247423284E-01  1.798016427E-01  8.201983554E-01  7.292257414E-03  3.309624971E-02 
         2  1.150002942E+00  1.299996259E+00  6.549998111E+00  2.919993425E+02  2.919993429E+02  1.574516092E-04  9.998425335E-01  1.628043298E-04  9.998371808E-01  6.493333533E-06  3.987764916E-02 
         3  2.599979183E-01  1.299834635E+00  4.769962194E+00  2.919766060E+02  2.919766062E+02  3.014613114E-03  9.969853711E-01  3.116799963E-03  9.968831842E-01  1.243208174E-04  3.976292743E-02 
         4  2.499957813E-01  1.300216226E+00  3.040010943E+00  2.919796521E+02  2.919796524E+02  2.663794860E-03  9.973362051E-01  2.754116534E-03  9.972458835E-01  1.098534142E-04  3.977697997E-02 
         5  1.179989316E+00  1.700000987E+00  4.500025386E-01  2.919952285E+02  2.919952287E+02  1.051951125E-03  9.989480258E-01  1.087683523E-03  9.989122934E-01  4.338194761E-05  3.984132184E-02 
         6  2.090000749E+00  1.699988964E+00  2.640041275E+00  2.920003517E+02  2.920003532E+02  6.530462960E-05  9.999346991E-01  6.752511748E-05  9.999324786E-01  2.693173203E-06  3.988131296E-02 
         7  1.929998960E+00  1.700096390E+00  4.850038151E+00  2.920006421E+02  2.920006425E+02  1.762576682E-05  9.999823761E-01  1.822511143E-05  9.999817768E-01  7.268896596E-07  3.988323943E-02 
         8  1.149997690E+00  1.699993700E+00  6.550001821E+00  2.919991968E+02  2.919991975E+02  1.499279155E-04  9.998500628E-01  1.550247127E-04  9.998449660E-01  6.183059060E-06  3.987797978E-02 
         9  2.599530306E-01  1.699784014E+00  4.769789816E+00  2.919742244E+02  2.919742250E+02  3.819090243E-03  9.961809119E-01  3.948395015E-03  9.960516071E-01  1.574935097E-04  3.973008155E-02 
        10  2.500325889E-01  1.700141952E+00  3.039603904E+00  2.919689184E+02  2.919689189E+02  4.676799633E-03  9.953232022E-01  4.835023139E-03  9.951649787E-01  1.928621603E-04  3.969543776E-02 
        11  2.090000512E+00  6.999920786E-01  2.640018387E+00  2.881513157E+02  2.881513164E+02  1.956254461E-01  8.043745688E-01  2.006350527E-01  7.993649622E-01  8.132667382E-03  3.228564693E-02 
        12  1.930000944E+00  7.000071781E-01  4.849993220E+00  2.884449507E+02  2.884449509E+02  1.918695495E-01  8.081304412E-01  1.967189494E-01  8.032810413E-01  7.974655385E-03  3.240307956E-02 
        13  1.149999460E+00  7.000041210E-01  6.549999896E+00  2.894807934E+02  2.894807940E+02  1.492775161E-01  8.507224914E-01  1.534112992E-01  8.465887082E-01  6.184511502E-03  3.404742473E-02 
        14  2.599937070E-01  6.999245510E-01  4.770022657E+00  2.890249426E+02  2.890249428E+02  1.504620711E-01  8.495379224E-01  1.546205436E-01  8.453794498E-01  6.245041320E-03  3.405059582E-02 
        15  2.500057384E-01  7.000450448E-01  3.040068823E+00  2.880483345E+02  2.880483347E+02  2.197519447E-01  7.802480609E-01  2.251540832E-01  7.748459223E-01  9.135149675E-03  3.129822423E-02 
        16  1.179999658E+00  1.300002449E+00  4.500000716E-01  2.919967619E+02  2.919967620E+02  7.612690856E-04  9.992387308E-01  7.871355994E-04  9.992128643E-01  3.139451164E-05  3.985310165E-02 
        17  2.090000552E+00  1.299991228E+00  2.640042717E+00  2.920006985E+02  2.920007058E+02  3.250379323E-05  9.999674888E-01  3.360902417E-05  9.999663835E-01  1.340461509E-06  3.988261741E-02 
        18  1.930000128E+00  1.300009553E+00  4.849983633E+00  2.920007552E+02  2.920007553E+02  6.413729612E-05  9.999358776E-01  6.631810670E-05  9.999336968E-01  2.645028473E-06  3.988130689E-02 
