nodenumber     x-coordinate     y-coordinate     z-coordinate      temperature total-temperature               n2              air         molef-n2        molef-air concentration-n2 concentration-air 
         1  1.180011401E+00  7.000440735E-01  4.499552279E-01  2.885521001E+02  2.885521003E+02  1.863186778E-01  8.136813203E-01  1.910008689E-01  8.089991293E-01  7.745224121E-03  3.261780266E-02 
         2  1.150002942E+00  1.299996259E+00  6.549998111E+00  2.919901161E+02  2.919901168E+02  1.046625282E-03  9.989533598E-01  1.082165488E-03  9.989178196E-01  4.316308900E-05  3.984223970E-02 
         3  2.599979183E-01  1.299834635E+00  4.769962194E+00  2.919724164E+02  2.919724167E+02  3.717039167E-03  9.962829450E-01  3.842941554E-03  9.961570426E-01  1.532869688E-04  3.973453364E-02 
         4  2.499957813E-01  1.300216226E+00  3.040010943E+00  2.919849283E+02  2.919849286E+02  2.587955798E-03  9.974120442E-01  2.675720580E-03  9.973242794E-01  1.067242098E-04  3.977938840E-02 
         5  1.179989316E+00  1.700000987E+00  4.500025386E-01  2.919840341E+02  2.919840342E+02  2.966762108E-03  9.970332148E-01  3.067337209E-03  9.969326397E-01  1.223445491E-04  3.976388838E-02 
         6  2.090000749E+00  1.699988964E+00  2.640041275E+00  2.920003797E+02  2.920003814E+02  6.543790325E-05  9.999345658E-01  6.766292485E-05  9.999323408E-01  2.698669150E-06  3.988130364E-02 
         7  1.929998960E+00  1.700096390E+00  4.850038151E+00  2.920005978E+02  2.920005982E+02  2.226565353E-05  9.999777362E-01  2.302275707E-05  9.999769791E-01  9.182390912E-07  3.988305413E-02 
         8  1.149997690E+00  1.699993700E+00  6.550001821E+00  2.919816746E+02  2.919816756E+02  1.868424300E-03  9.981315664E-01  1.931812731E-03  9.980681780E-01  7.705434309E-05  3.980950204E-02 
         9  2.599530306E-01  1.699784014E+00  4.769789816E+00  2.919637554E+02  2.919637561E+02  5.053637527E-03  9.949463646E-01  5.224587008E-03  9.947754151E-01  2.084036562E-04  3.968060163E-02 
        10  2.500325889E-01  1.700141952E+00  3.039603904E+00  2.919757097E+02  2.919757101E+02  4.205975162E-03  9.957940267E-01  4.348370585E-03  9.956516313E-01  1.734452896E-04  3.971392681E-02 
        11  2.090000512E+00  6.999920786E-01  2.640018387E+00  2.875829760E+02  2.875829766E+02  2.363834166E-01  7.636165983E-01  2.422101419E-01  7.577898730E-01  9.828553351E-03  3.066936270E-02 
        12  1.930000944E+00  7.000071781E-01  4.849993220E+00  2.884768708E+02  2.884768711E+02  2.019967834E-01  7.980032073E-01  2.070281050E-01  7.929718857E-01  8.389531633E-03  3.198355592E-02 
        13  1.149999460E+00  7.000041210E-01  6.549999896E+00  2.894251608E+02  2.894251615E+02  1.561844608E-01  8.438155466E-01  1.603593833E-01  8.396406242E-01  6.473165260E-03  3.376690922E-02 
        14  2.599937070E-01  6.999245510E-01  4.770022657E+00  2.889179243E+02  2.889179250E+02  1.747484320E-01  8.252515615E-01  1.794422713E-01  8.205577222E-01  7.247903651E-03  3.306257792E-02 
        15  2.500057384E-01  7.000450448E-01  3.040068823E+00  2.878172050E+02  2.878172053E+02  2.648041495E-01  7.351958561E-01  2.709841064E-01  7.290158992E-01  1.099090271E-02  2.947420022E-02 
        16  1.179999658E+00  1.300002449E+00  4.500000716E-01  2.919891543E+02  2.919891545E+02  2.082009547E-03  9.979179903E-01  2.152655397E-03  9.978473445E-01  8.585983578E-05  3.979967549E-02 
        17  2.090000552E+00  1.299991228E+00  2.640042717E+00  2.920006588E+02  2.920006661E+02  4.455844076E-05  9.999554341E-01  4.607354699E-05  9.999539190E-01  1.837596490E-06  3.988212569E-02 
        18  1.930000128E+00  1.300009553E+00  4.849983633E+00  2.920007510E+02  2.920007512E+02  9.314741668E-05  9.999068675E-01  9.631453144E-05  9.999037004E-01  3.841404542E-06  3.988011108E-02 
