nodenumber     x-coordinate     y-coordinate     z-coordinate      temperature total-temperature               n2              air         molef-n2        molef-air concentration-n2 concentration-air 
         1  1.180011401E+00  7.000440735E-01  4.499552279E-01  2.891226135E+02  2.891226136E+02  1.368042500E-01  8.631957481E-01  1.405460754E-01  8.594539228E-01  5.684512872E-03  3.459816347E-02 
         2  1.150002942E+00  1.299996259E+00  6.549998111E+00  2.919989915E+02  2.919989919E+02  1.912222246E-04  9.998087629E-01  1.977226720E-04  9.998022624E-01  7.886040755E-06  3.987630440E-02 
         3  2.599979183E-01  1.299834635E+00  4.769962194E+00  2.919754987E+02  2.919754989E+02  3.188515485E-03  9.968114687E-01  3.296578336E-03  9.967034058E-01  1.314921703E-04  3.975590734E-02 
         4  2.499957813E-01  1.300216226E+00  3.040010943E+00  2.919786151E+02  2.919786153E+02  2.751168721E-03  9.972488313E-01  2.844440270E-03  9.971555597E-01  1.134566883E-04  3.977351837E-02 
         5  1.179989316E+00  1.700000987E+00  4.500025386E-01  2.919950431E+02  2.919950433E+02  1.069802848E-03  9.989301741E-01  1.106141040E-03  9.988938359E-01  4.411814615E-05  3.984061096E-02 
         6  2.090000749E+00  1.699988964E+00  2.640041275E+00  2.920003105E+02  2.920003120E+02  7.241920582E-05  9.999275845E-01  7.488158388E-05  9.999251221E-01  2.986579091E-06  3.988102519E-02 
         7  1.929998960E+00  1.700096390E+00  4.850038151E+00  2.920006452E+02  2.920006455E+02  1.699884759E-05  9.999830030E-01  1.757687749E-05  9.999824250E-01  7.010355103E-07  3.988326487E-02 
         8  1.149997690E+00  1.699993700E+00  6.550001821E+00  2.919981545E+02  2.919981552E+02  2.559732086E-04  9.997440175E-01  2.646737590E-04  9.997353169E-01  1.055638927E-05  3.987374882E-02 
         9  2.599530306E-01  1.699784014E+00  4.769789816E+00  2.919766591E+02  2.919766596E+02  3.445826502E-03  9.965541756E-01  3.562550653E-03  9.964374514E-01  1.421014386E-04  3.974514101E-02 
        10  2.500325889E-01  1.700141952E+00  3.039603904E+00  2.919766982E+02  2.919766987E+02  3.670043233E-03  9.963299586E-01  3.794360816E-03  9.962056410E-01  1.513468413E-04  3.973589021E-02 
        11  2.090000512E+00  6.999920786E-01  2.640018387E+00  2.878932785E+02  2.878932791E+02  2.037352081E-01  7.962648068E-01  2.089422607E-01  7.910577542E-01  8.473923264E-03  3.198051359E-02 
        12  1.930000944E+00  7.000071781E-01  4.849993220E+00  2.880377335E+02  2.880377336E+02  2.144974218E-01  7.855025688E-01  2.197694689E-01  7.802305218E-01  8.920125511E-03  3.151484618E-02 
        13  1.149999460E+00  7.000041210E-01  6.549999896E+00  2.882617450E+02  2.882617454E+02  2.132550111E-01  7.867449963E-01  2.186053380E-01  7.813946695E-01  8.857127797E-03  3.154577406E-02 
        14  2.599937070E-01  6.999245510E-01  4.770022657E+00  2.889173767E+02  2.889173772E+02  1.554230350E-01  8.445769585E-01  1.596980233E-01  8.403019702E-01  6.452174535E-03  3.385848824E-02 
        15  2.500057384E-01  7.000450448E-01  3.040068823E+00  2.879703043E+02  2.879703048E+02  2.147550274E-01  7.852449781E-01  2.201572727E-01  7.798427329E-01  8.928919466E-03  3.151501855E-02 
        16  1.179999658E+00  1.300002449E+00  4.500000716E-01  2.919969025E+02  2.919969026E+02  7.344734806E-04  9.992655264E-01  7.594301672E-04  9.992405697E-01  3.028948086E-05  3.985418747E-02 
        17  2.090000552E+00  1.299991228E+00  2.640042717E+00  2.920006730E+02  2.920006807E+02  3.714213079E-05  9.999628504E-01  3.840507457E-05  9.999615875E-01  1.531747192E-06  3.988242960E-02 
        18  1.930000128E+00  1.300009553E+00  4.849983633E+00  2.920007659E+02  2.920007661E+02  6.099590309E-05  9.999390190E-01  6.306989855E-05  9.999369450E-01  2.515477020E-06  3.988143497E-02 
