nodenumber     x-coordinate     y-coordinate     z-coordinate      temperature total-temperature               n2              air         molef-n2        molef-air concentration-n2 concentration-air 
         1  1.180011401E+00  7.000440735E-01  4.499552279E-01  2.907167886E+02  2.907167891E+02  3.406853015E-02  9.659314680E-01  3.515089339E-02  9.648491047E-01  1.413813181E-03  3.864702384E-02 
         2  1.150002942E+00  1.299996259E+00  6.549998111E+00  2.920007375E+02  2.920007378E+02  6.945171604E-06  9.999930399E-01  7.181340522E-06  9.999928038E-01  2.864203339E-07  3.988366553E-02 
         3  2.599979183E-01  1.299834635E+00  4.769962194E+00  2.919987029E+02  2.919987030E+02  1.415900845E-04  9.998583941E-01  1.464040268E-04  9.998535801E-01  5.839220676E-06  3.987839057E-02 
         4  2.499957813E-01  1.300216226E+00  3.040010943E+00  2.919960706E+02  2.919960708E+02  1.097266485E-03  9.989027335E-01  1.134533691E-03  9.988654663E-01  4.525048641E-05  3.983934012E-02 
         5  1.179989316E+00  1.700000987E+00  4.500025386E-01  2.920003951E+02  2.920003953E+02  6.770826409E-05  9.999322687E-01  7.001048047E-05  9.999299665E-01  2.792298626E-06  3.988120578E-02 
         6  2.090000749E+00  1.699988964E+00  2.640041275E+00  2.920003820E+02  2.920003833E+02  1.308500878E-05  9.999869187E-01  1.352995930E-05  9.999864738E-01  5.396290472E-07  3.988346237E-02 
         7  1.929998960E+00  1.700096390E+00  4.850038151E+00  2.920006252E+02  2.920006254E+02  5.742968869E-08  9.999999444E-01  5.938259551E-08  9.999999425E-01  2.368413333E-09  3.988396627E-02 
         8  1.149997690E+00  1.699993700E+00  6.550001821E+00  2.920003911E+02  2.920003916E+02  1.449194013E-05  9.999854987E-01  1.498472630E-05  9.999850060E-01  5.976513084E-07  3.988340206E-02 
         9  2.599530306E-01  1.699784014E+00  4.769789816E+00  2.920005835E+02  2.920005838E+02  3.334196958E-06  9.999966679E-01  3.447576436E-06  9.999965545E-01  1.375030497E-07  3.988383684E-02 
        10  2.500325889E-01  1.700141952E+00  3.039603904E+00  2.919994685E+02  2.919994688E+02  2.799397167E-04  9.997200621E-01  2.894535346E-04  9.997105483E-01  1.154464359E-05  3.987258198E-02 
        11  2.090000512E+00  6.999920786E-01  2.640018387E+00  2.900098156E+02  2.900098164E+02  6.326231494E-02  9.367377000E-01  6.521516133E-02  9.347848536E-01  2.624725613E-03  3.753361874E-02 
        12  1.930000944E+00  7.000071781E-01  4.849993220E+00  2.909606452E+02  2.909606460E+02  2.999813838E-02  9.700018523E-01  3.094835691E-02  9.690516338E-01  1.244065552E-03  3.878305993E-02 
        13  1.149999460E+00  7.000041210E-01  6.549999896E+00  2.909762177E+02  2.909762182E+02  3.684090872E-02  9.631590987E-01  3.800713972E-02  9.619928677E-01  1.525539958E-03  3.849923767E-02 
        14  2.599937070E-01  6.999245510E-01  4.770022657E+00  2.909373560E+02  2.909373564E+02  3.176075345E-02  9.682392400E-01  3.278943980E-02  9.672105537E-01  1.314967301E-03  3.871506296E-02 
        15  2.500057384E-01  7.000450448E-01  3.040068823E+00  2.903801952E+02  2.903801954E+02  6.587186805E-02  9.341281375E-01  6.789824094E-02  9.321017646E-01  2.730182786E-03  3.737701874E-02 
        16  1.179999658E+00  1.300002449E+00  4.500000716E-01  2.920001540E+02  2.920001541E+02  1.660294476E-04  9.998339704E-01  1.716742832E-04  9.998283256E-01  6.847063801E-06  3.987718577E-02 
        17  2.090000552E+00  1.299991228E+00  2.640042717E+00  2.920007755E+02  2.920007831E+02  4.261431182E-06  9.999957311E-01  4.406340656E-06  9.999955862E-01  1.757423139E-07  3.988377161E-02 
        18  1.930000128E+00  1.300009553E+00  4.849983633E+00  2.920006898E+02  2.920006899E+02  1.091683071E-05  9.999890981E-01  1.128805324E-05  9.999887268E-01  4.502123940E-07  3.988351063E-02 
