nodenumber     x-coordinate     y-coordinate     z-coordinate      temperature total-temperature               n2              air         molef-n2        molef-air concentration-n2 concentration-air 
         1  1.180011401E+00  7.000440735E-01  4.499552279E-01  2.915614378E+02  2.915614396E+02  5.293547472E-03  9.947064507E-01  5.471909648E-03  9.945280885E-01  2.187973116E-04  3.972531341E-02 
         2  1.150002942E+00  1.299996259E+00  6.549998111E+00  2.919995360E+02  2.919995403E+02  7.459429067E-19  9.999999851E-01  7.713088348E-19  9.999999851E-01  3.076297290E-20  3.988411606E-02 
         3  2.599979183E-01  1.299834635E+00  4.769962194E+00  2.919964947E+02  2.919964952E+02  3.444341736E-05  9.999655408E-01  3.561460819E-05  9.999643696E-01  1.420480111E-06  3.988311093E-02 
         4  2.499957813E-01  1.300216226E+00  3.040010943E+00  2.920039623E+02  2.920039628E+02  4.460565672E-06  9.999955394E-01  4.612247057E-06  9.999953878E-01  1.839529180E-07  3.988332872E-02 
         5  1.179989316E+00  1.700000987E+00  4.500025386E-01  2.919996439E+02  2.919996459E+02  3.104591607E-06  9.999968724E-01  3.210161517E-06  9.999967668E-01  1.280351037E-07  3.988397264E-02 
         6  2.090000749E+00  1.699988964E+00  2.640041275E+00  2.919985608E+02  2.919985647E+02  3.883859698E-05  9.999611651E-01  4.015910431E-05  9.999598446E-01  1.601746396E-06  3.988264902E-02 
         7  1.929998960E+00  1.700096390E+00  4.850038151E+00  2.919996671E+02  2.919996678E+02  2.716360435E-13  1.000000002E+00  2.808730780E-13  1.000000002E+00  1.120237033E-14  3.988409950E-02 
         8  1.149997690E+00  1.699993700E+00  6.550001821E+00  2.919997743E+02  2.919997763E+02  2.003586987E-19  9.999999907E-01  2.071719338E-19  9.999999907E-01  8.262863056E-21  3.988408397E-02 
         9  2.599530306E-01  1.699784014E+00  4.769789816E+00  2.919997082E+02  2.919997096E+02  3.660172006E-08  9.999999655E-01  3.784636770E-08  9.999999642E-01  1.509469106E-09  3.988409239E-02 
        10  2.500325889E-01  1.700141952E+00  3.039603904E+00  2.920112289E+02  2.920112314E+02  3.233193880E-07  9.999996785E-01  3.343139153E-07  9.999996675E-01  1.333337201E-08  3.988250701E-02 
        11  2.090000512E+00  6.999920786E-01  2.640018387E+00  2.919242846E+02  2.919242860E+02  9.496697512E-04  9.990503451E-01  9.818681619E-04  9.990181467E-01  3.919073623E-05  3.985521395E-02 
        12  1.930000944E+00  7.000071781E-01  4.849993220E+00  2.916341925E+02  2.916341957E+02  4.433618249E-03  9.955663724E-01  4.583530049E-03  9.954164606E-01  1.830937584E-04  3.975100251E-02 
        13  1.149999460E+00  7.000041210E-01  6.549999896E+00  2.920000161E+02  2.920000181E+02  3.133629954E-19  1.000000007E+00  3.240189626E-19  1.000000007E+00  1.292318917E-20  3.988405228E-02 
        14  2.599937070E-01  6.999245510E-01  4.770022657E+00  2.918930581E+02  2.918930587E+02  1.230165804E-03  9.987698277E-01  1.271941071E-03  9.987280524E-01  5.074995073E-05  3.984791621E-02 
        15  2.500057384E-01  7.000450448E-01  3.040068823E+00  2.919950079E+02  2.919950097E+02  6.890650503E-05  9.999310991E-01  7.124947026E-05  9.999287561E-01  2.841783402E-06  3.988189442E-02 
        16  1.179999658E+00  1.300002449E+00  4.500000716E-01  2.919397773E+02  2.919397810E+02  7.683380645E-04  9.992316618E-01  7.944353629E-04  9.992055645E-01  3.169479994E-05  3.986058731E-02 
        17  2.090000552E+00  1.299991228E+00  2.640042717E+00  2.919980414E+02  2.919980449E+02  4.092868576E-05  9.999590639E-01  4.232008199E-05  9.999576725E-01  1.687992298E-06  3.988263284E-02 
        18  1.930000128E+00  1.300009553E+00  4.849983633E+00  2.919995581E+02  2.919995609E+02  6.024946535E-08  9.999999547E-01  6.229825927E-08  9.999999526E-01  2.484711047E-09  3.988411294E-02 
