nodenumber     x-coordinate     y-coordinate     z-coordinate      temperature total-temperature               n2              air         molef-n2        molef-air concentration-n2 concentration-air 
         1  1.180011401E+00  7.000440735E-01  4.499552279E-01  2.914065775E+02  2.914065784E+02  9.692696216E-03  9.903073019E-01  1.001724378E-02  9.899827544E-01  4.008021316E-04  3.956457110E-02 
         2  1.150002942E+00  1.299996259E+00  6.549998111E+00  2.919871668E+02  2.919871673E+02  2.006061934E-04  9.997993789E-01  2.074262272E-04  9.997925589E-01  8.273416932E-06  3.987753224E-02 
         3  2.599979183E-01  1.299834635E+00  4.769962194E+00  2.919454975E+02  2.919454978E+02  1.077120006E-03  9.989228642E-01  1.113703638E-03  9.988862805E-01  4.442768394E-05  3.984707081E-02 
         4  2.499957813E-01  1.300216226E+00  3.040010943E+00  2.919597000E+02  2.919597001E+02  1.366834693E-03  9.986331653E-01  1.413243147E-03  9.985867569E-01  5.637404665E-05  3.983318516E-02 
         5  1.179989316E+00  1.700000987E+00  4.500025386E-01  2.919998919E+02  2.919998919E+02  9.289762405E-06  9.999906872E-01  9.605659125E-06  9.999903713E-01  3.831128579E-07  3.988368370E-02 
         6  2.090000749E+00  1.699988964E+00  2.640041275E+00  2.919955714E+02  2.919955726E+02  9.090500433E-05  9.999090987E-01  9.399577093E-05  9.999060080E-01  3.749026872E-06  3.988091006E-02 
         7  1.929998960E+00  1.700096390E+00  4.850038151E+00  2.919987188E+02  2.919987189E+02  3.336075685E-05  9.999666411E-01  3.449514710E-05  9.999655067E-01  1.375814529E-06  3.988285321E-02 
         8  1.149997690E+00  1.699993700E+00  6.550001821E+00  2.920002246E+02  2.920002253E+02  5.657581968E-06  9.999943331E-01  5.849967641E-06  9.999941407E-01  2.333203261E-07  3.988378913E-02 
         9  2.599530306E-01  1.699784014E+00  4.769789816E+00  2.919871442E+02  2.919871445E+02  2.442019765E-04  9.997558001E-01  2.525037521E-04  9.997474983E-01  1.007136503E-05  3.987573873E-02 
        10  2.500325889E-01  1.700141952E+00  3.039603904E+00  2.919866068E+02  2.919866071E+02  8.964468871E-04  9.991035550E-01  9.268997534E-04  9.990731021E-01  3.697039682E-05  3.984891308E-02 
        11  2.090000512E+00  6.999920786E-01  2.640018387E+00  2.911160748E+02  2.911160752E+02  1.236795139E-02  9.876320635E-01  1.278297326E-02  9.872170416E-01  5.114254604E-04  3.949373998E-02 
        12  1.930000944E+00  7.000071781E-01  4.849993220E+00  2.916869864E+02  2.916869876E+02  5.072302091E-03  9.949276886E-01  5.243734907E-03  9.947562558E-01  2.093973099E-04  3.971746153E-02 
        13  1.149999460E+00  7.000041210E-01  6.549999896E+00  2.915282898E+02  2.915282907E+02  9.733848738E-03  9.902661587E-01  1.005889724E-02  9.899411102E-01  4.023363454E-04  3.954633069E-02 
        14  2.599937070E-01  6.999245510E-01  4.770022657E+00  2.918041068E+02  2.918041076E+02  5.001960510E-03  9.949980330E-01  5.171147121E-03  9.948288464E-01  2.063886495E-04  3.970444007E-02 
        15  2.500057384E-01  7.000450448E-01  3.040068823E+00  2.911384187E+02  2.911384191E+02  1.461376351E-02  9.853862421E-01  1.510213929E-02  9.848978663E-01  6.043215986E-04  3.939780279E-02 
        16  1.179999658E+00  1.300002449E+00  4.500000716E-01  2.919922574E+02  2.919922574E+02  1.123854161E-04  9.998876145E-01  1.162066363E-04  9.998837932E-01  4.634921316E-06  3.988047653E-02 
        17  2.090000552E+00  1.299991228E+00  2.640042717E+00  2.919962731E+02  2.919962802E+02  7.715859330E-05  9.999228340E-01  7.978202065E-05  9.999202105E-01  3.182104257E-06  3.988138024E-02 
        18  1.930000128E+00  1.300009553E+00  4.849983633E+00  2.919953445E+02  2.919953446E+02  8.141502364E-05  9.999185999E-01  8.418331000E-05  9.999158316E-01  3.357629166E-06  3.988133333E-02 
