nodenumber     x-coordinate     y-coordinate     z-coordinate      temperature total-temperature               n2              air         molef-n2        molef-air concentration-n2 concentration-air 
         1  1.180011401E+00  7.000440735E-01  4.499552279E-01  2.886557773E+02  2.886557781E+02  1.836586176E-01  8.163413805E-01  1.883352509E-01  8.116647472E-01  7.629646702E-03  3.271846022E-02 
         2  1.150002942E+00  1.299996259E+00  6.549998111E+00  2.919881809E+02  2.919881818E+02  1.199950156E-03  9.988000349E-01  1.240682651E-03  9.987593024E-01  4.948634505E-05  3.983618079E-02 
         3  2.599979183E-01  1.299834635E+00  4.769962194E+00  2.919684697E+02  2.919684702E+02  3.553418882E-03  9.964465653E-01  3.673799254E-03  9.963261849E-01  1.465424242E-04  3.974181738E-02 
         4  2.499957813E-01  1.300216226E+00  3.040010943E+00  2.919905705E+02  2.919905709E+02  1.870019679E-03  9.981299803E-01  1.933486553E-03  9.980665134E-01  7.711778038E-05  3.980822411E-02 
         5  1.179989316E+00  1.700000987E+00  4.500025386E-01  2.919882645E+02  2.919882647E+02  2.211336944E-03  9.977886400E-01  2.286356864E-03  9.977136201E-01  9.119297646E-05  3.979446207E-02 
         6  2.090000749E+00  1.699988964E+00  2.640041275E+00  2.920001295E+02  2.920001311E+02  1.365032685E-04  9.998635005E-01  1.411442583E-04  9.998588595E-01  5.629405559E-06  3.987840707E-02 
         7  1.929998960E+00  1.700096390E+00  4.850038151E+00  2.919969952E+02  2.919969957E+02  6.919823462E-04  9.993080195E-01  7.154915623E-04  9.992845103E-01  2.853710172E-05  3.985592736E-02 
         8  1.149997690E+00  1.699993700E+00  6.550001821E+00  2.919940281E+02  2.919940292E+02  6.011155620E-04  9.993988751E-01  6.215306012E-04  9.993784601E-01  2.479023999E-05  3.986007863E-02 
         9  2.599530306E-01  1.699784014E+00  4.769789816E+00  2.919663224E+02  2.919663232E+02  3.936802105E-03  9.960632000E-01  4.070127210E-03  9.959298749E-01  1.623519979E-04  3.972630259E-02 
        10  2.500325889E-01  1.700141952E+00  3.039603904E+00  2.919881010E+02  2.919881015E+02  2.510861451E-03  9.974891404E-01  2.596020909E-03  9.974039810E-01  1.035440880E-04  3.978213527E-02 
        11  2.090000512E+00  6.999920786E-01  2.640018387E+00  2.874172806E+02  2.874172812E+02  2.557130498E-01  7.442869651E-01  2.617465567E-01  7.382534582E-01  1.063571215E-02  2.988615323E-02 
        12  1.930000944E+00  7.000071781E-01  4.849993220E+00  2.882963907E+02  2.882963909E+02  2.270752268E-01  7.729247639E-01  2.326746149E-01  7.673253758E-01  9.423074569E-03  3.097477070E-02 
        13  1.149999460E+00  7.000041210E-01  6.549999896E+00  2.889826935E+02  2.889826939E+02  1.813661424E-01  8.186338650E-01  1.859659092E-01  8.140340983E-01  7.524618625E-03  3.277761245E-02 
        14  2.599937070E-01  6.999245510E-01  4.770022657E+00  2.884620620E+02  2.884620626E+02  2.199638082E-01  7.800361853E-01  2.255318615E-01  7.744681320E-01  9.122442319E-03  3.125181923E-02 
        15  2.500057384E-01  7.000450448E-01  3.040068823E+00  2.886218981E+02  2.886218991E+02  2.083867037E-01  7.916133019E-01  2.134523235E-01  7.865476821E-01  8.649645724E-03  3.170336452E-02 
        16  1.179999658E+00  1.300002449E+00  4.500000716E-01  2.919848539E+02  2.919848540E+02  2.694032800E-03  9.973059671E-01  2.785388295E-03  9.972146116E-01  1.110983538E-04  3.977502441E-02 
        17  2.090000552E+00  1.299991228E+00  2.640042717E+00  2.920004639E+02  2.920004707E+02  9.919476519E-05  9.999007978E-01  1.025674370E-04  9.998974251E-01  4.090800756E-06  3.987989912E-02 
        18  1.930000128E+00  1.300009553E+00  4.849983633E+00  2.919970144E+02  2.919970146E+02  6.659268856E-04  9.993340880E-01  6.885525667E-04  9.993114623E-01  2.746264151E-05  3.985700023E-02 
