nodenumber     x-coordinate     y-coordinate     z-coordinate      temperature total-temperature               n2              air         molef-n2        molef-air concentration-n2 concentration-air 
         1  1.180011401E+00  7.000440735E-01  4.499552279E-01  2.880302461E+02  2.880302462E+02  2.246663598E-01  7.753336384E-01  2.301866730E-01  7.698133251E-01  9.335768014E-03  3.109978641E-02 
         2  1.150002942E+00  1.299996259E+00  6.549998111E+00  2.919718785E+02  2.919718794E+02  2.878110214E-03  9.971218749E-01  2.975582882E-03  9.970244022E-01  1.186940408E-04  3.976920026E-02 
         3  2.599979183E-01  1.299834635E+00  4.769962194E+00  2.919562028E+02  2.919562031E+02  5.153912132E-03  9.948460720E-01  5.328185675E-03  9.946717985E-01  2.125437446E-04  3.967749207E-02 
         4  2.499957813E-01  1.300216226E+00  3.040010943E+00  2.919883960E+02  2.919883962E+02  1.987444687E-03  9.980125553E-01  2.054887588E-03  9.979451124E-01  8.196056237E-05  3.980367837E-02 
         5  1.179989316E+00  1.700000987E+00  4.500025386E-01  2.919822455E+02  2.919822457E+02  3.058616428E-03  9.969413605E-01  3.162294783E-03  9.968376822E-01  1.261328479E-04  3.976034441E-02 
         6  2.090000749E+00  1.699988964E+00  2.640041275E+00  2.919982969E+02  2.919982984E+02  3.856507259E-04  9.996143530E-01  3.987592029E-04  9.996012445E-01  1.590423642E-05  3.986838257E-02 
         7  1.929998960E+00  1.700096390E+00  4.850038151E+00  2.919918357E+02  2.919918360E+02  1.531823373E-03  9.984681785E-01  1.583820400E-03  9.984161815E-01  6.317120058E-05  3.982199802E-02 
         8  1.149997690E+00  1.699993700E+00  6.550001821E+00  2.919540826E+02  2.919540839E+02  4.672337572E-03  9.953276531E-01  4.830251956E-03  9.951697387E-01  1.926883150E-04  3.969763789E-02 
         9  2.599530306E-01  1.699784014E+00  4.769789816E+00  2.919524879E+02  2.919524885E+02  6.060503268E-03  9.939394988E-01  6.265297876E-03  9.937347042E-01  2.499262433E-04  3.964061851E-02 
        10  2.500325889E-01  1.700141952E+00  3.039603904E+00  2.919804363E+02  2.919804367E+02  3.306997058E-03  9.966930048E-01  3.419064907E-03  9.965809370E-01  1.363753857E-04  3.975035101E-02 
        11  2.090000512E+00  6.999920786E-01  2.640018387E+00  2.878591480E+02  2.878591488E+02  2.536565660E-01  7.463434489E-01  2.593931123E-01  7.406069026E-01  1.053827799E-02  2.992195129E-02 
        12  1.930000944E+00  7.000071781E-01  4.849993220E+00  2.887913755E+02  2.887913760E+02  1.863082442E-01  8.136917465E-01  1.911897332E-01  8.088102575E-01  7.728319373E-03  3.259996625E-02 
        13  1.149999460E+00  7.000041210E-01  6.549999896E+00  2.888296749E+02  2.888296754E+02  1.948697414E-01  8.051302661E-01  1.998913527E-01  8.001086547E-01  8.079901549E-03  3.224308308E-02 
        14  2.599937070E-01  6.999245510E-01  4.770022657E+00  2.886049242E+02  2.886049246E+02  2.180615072E-01  7.819384863E-01  2.235034232E-01  7.764965702E-01  9.042386783E-03  3.131224559E-02 
        15  2.500057384E-01  7.000450448E-01  3.040068823E+00  2.890685403E+02  2.890685409E+02  1.769217896E-01  8.230782160E-01  1.815065058E-01  8.184934998E-01  7.336485905E-03  3.295339335E-02 
        16  1.179999658E+00  1.300002449E+00  4.500000716E-01  2.919841093E+02  2.919841095E+02  2.720835715E-03  9.972791642E-01  2.813097635E-03  9.971869022E-01  1.122038531E-04  3.977402063E-02 
        17  2.090000552E+00  1.299991228E+00  2.640042717E+00  2.919997777E+02  2.919997843E+02  1.678622307E-04  9.998321303E-01  1.735689959E-04  9.998264236E-01  6.922651595E-06  3.987716100E-02 
        18  1.930000128E+00  1.300009553E+00  4.849983633E+00  2.919945487E+02  2.919945488E+02  1.029935655E-03  9.989700792E-01  1.064916791E-03  9.989350981E-01  4.247411494E-05  3.984232556E-02 
