nodenumber     x-coordinate     y-coordinate     z-coordinate      temperature total-temperature               n2              air         molef-n2        molef-air concentration-n2 concentration-air 
         1  1.180011401E+00  7.000440735E-01  4.499552279E-01  2.886972063E+02  2.886972064E+02  1.428757804E-01  8.571242178E-01  1.468578261E-01  8.531421720E-01  5.941544531E-03  3.440031519E-02 
         2  1.150002942E+00  1.299996259E+00  6.549998111E+00  2.920004214E+02  2.920004218E+02  3.875517637E-05  9.999612299E-01  4.007296099E-05  9.999599121E-01  1.598271615E-06  3.988239686E-02 
         3  2.599979183E-01  1.299834635E+00  4.769962194E+00  2.919703827E+02  2.919703828E+02  3.581307359E-03  9.964186768E-01  3.702577768E-03  9.962974064E-01  1.476910372E-04  3.974040746E-02 
         4  2.499957813E-01  1.300216226E+00  3.040010943E+00  2.919714707E+02  2.919714709E+02  3.881006931E-03  9.961189931E-01  4.012442171E-03  9.959875578E-01  1.600484540E-04  3.972790261E-02 
         5  1.179989316E+00  1.700000987E+00  4.500025386E-01  2.920002537E+02  2.920002538E+02  2.226645965E-04  9.997773124E-01  2.302345552E-04  9.997697424E-01  9.182679580E-06  3.987483471E-02 
         6  2.090000749E+00  1.699988964E+00  2.640041275E+00  2.920004182E+02  2.920004196E+02  3.402332624E-05  9.999659804E-01  3.518024296E-05  9.999648235E-01  1.403128987E-06  3.988259392E-02 
         7  1.929998960E+00  1.700096390E+00  4.850038151E+00  2.920006255E+02  2.920006257E+02  2.672178909E-06  9.999973297E-01  2.763046145E-06  9.999972388E-01  1.102012368E-07  3.988385839E-02 
         8  1.149997690E+00  1.699993700E+00  6.550001821E+00  2.919998684E+02  2.919998690E+02  6.649385452E-05  9.999334968E-01  6.875469416E-05  9.999312360E-01  2.742223511E-06  3.988132888E-02 
         9  2.599530306E-01  1.699784014E+00  4.769789816E+00  2.919988975E+02  2.919988978E+02  2.441195458E-04  9.997558825E-01  2.524152880E-04  9.997475868E-01  1.006748007E-05  3.987413716E-02 
        10  2.500325889E-01  1.700141952E+00  3.039603904E+00  2.919571294E+02  2.919571298E+02  6.576147468E-03  9.934238544E-01  6.798185949E-03  9.932018159E-01  2.711809974E-04  3.961872960E-02 
        11  2.090000512E+00  6.999920786E-01  2.640018387E+00  2.887349844E+02  2.887349853E+02  1.330660763E-01  8.669339386E-01  1.367891318E-01  8.632108831E-01  5.532997268E-03  3.480325502E-02 
        12  1.930000944E+00  7.000071781E-01  4.849993220E+00  2.892525601E+02  2.892525603E+02  1.193096996E-01  8.806902910E-01  1.226739562E-01  8.773260345E-01  4.958709965E-03  3.530576357E-02 
        13  1.149999460E+00  7.000041210E-01  6.549999896E+00  2.898115300E+02  2.898115305E+02  9.672984719E-02  9.032701603E-01  9.956450079E-02  9.004355067E-01  4.012824864E-03  3.617329692E-02 
        14  2.599937070E-01  6.999245510E-01  4.770022657E+00  2.897081476E+02  2.897081482E+02  9.183010740E-02  9.081698861E-01  9.458085121E-02  9.054191423E-01  3.810868862E-03  3.638951448E-02 
        15  2.500057384E-01  7.000450448E-01  3.040068823E+00  2.892458621E+02  2.892458624E+02  1.338126556E-01  8.661873500E-01  1.375977254E-01  8.624022802E-01  5.554878240E-03  3.471023374E-02 
        16  1.179999658E+00  1.300002449E+00  4.500000716E-01  2.920001432E+02  2.920001433E+02  2.540511836E-04  9.997459487E-01  2.626879544E-04  9.997373119E-01  1.047705580E-05  3.987355725E-02 
        17  2.090000552E+00  1.299991228E+00  2.640042717E+00  2.920007662E+02  2.920007738E+02  1.420414526E-05  9.999857884E-01  1.468714762E-05  9.999853054E-01  5.857815878E-07  3.988336285E-02 
        18  1.930000128E+00  1.300009553E+00  4.849983633E+00  2.920008506E+02  2.920008507E+02  1.786208167E-05  9.999821528E-01  1.846947093E-05  9.999815454E-01  7.366352215E-07  3.988320225E-02 
