nodenumber     x-coordinate     y-coordinate     z-coordinate      temperature total-temperature               n2              air         molef-n2        molef-air concentration-n2 concentration-air 
         1  1.180011401E+00  7.000440735E-01  4.499552279E-01  2.888914689E+02  2.888914690E+02  1.762320294E-01  8.237679687E-01  1.807996655E-01  8.192003327E-01  7.315016267E-03  3.299984446E-02 
         2  1.150002942E+00  1.299996259E+00  6.549998111E+00  2.919668280E+02  2.919668288E+02  3.704976567E-03  9.962950085E-01  3.830428957E-03  9.961695561E-01  1.527923374E-04  3.973579186E-02 
         3  2.599979183E-01  1.299834635E+00  4.769962194E+00  2.919640156E+02  2.919640159E+02  4.483141639E-03  9.955168425E-01  4.634876332E-03  9.953651078E-01  1.848808297E-04  3.970408749E-02 
         4  2.499957813E-01  1.300216226E+00  3.040010943E+00  2.919859277E+02  2.919859280E+02  2.412656204E-03  9.975873438E-01  2.494492841E-03  9.975055072E-01  9.949533220E-05  3.978648076E-02 
         5  1.179989316E+00  1.700000987E+00  4.500025386E-01  2.919820054E+02  2.919820056E+02  2.967602390E-03  9.970323746E-01  3.068205427E-03  9.969317715E-01  1.223800396E-04  3.976413002E-02 
         6  2.090000749E+00  1.699988964E+00  2.640041275E+00  2.919991595E+02  2.919991612E+02  2.725200860E-04  9.997274836E-01  2.817838013E-04  9.997182199E-01  1.123872846E-05  3.987293025E-02 
         7  1.929998960E+00  1.700096390E+00  4.850038151E+00  2.919882300E+02  2.919882303E+02  2.311298396E-03  9.976887035E-01  2.389697621E-03  9.976103042E-01  9.531489426E-05  3.979034685E-02 
         8  1.149997690E+00  1.699993700E+00  6.550001821E+00  2.919380177E+02  2.919380186E+02  7.046153572E-03  9.929538371E-01  7.283972153E-03  9.927160185E-01  2.905774833E-04  3.960194361E-02 
         9  2.599530306E-01  1.699784014E+00  4.769789816E+00  2.919542050E+02  2.919542055E+02  6.059989395E-03  9.939400127E-01  6.264766750E-03  9.937352353E-01  2.499035700E-04  3.964040657E-02 
        10  2.500325889E-01  1.700141952E+00  3.039603904E+00  2.919797721E+02  2.919797724E+02  3.567935569E-03  9.964320663E-01  3.688813750E-03  9.963111881E-01  1.471351028E-04  3.973968204E-02 
        11  2.090000512E+00  6.999920786E-01  2.640018387E+00  2.877226394E+02  2.877226403E+02  2.646337390E-01  7.353662759E-01  2.705779590E-01  7.294220559E-01  1.099345689E-02  2.948581352E-02 
        12  1.930000944E+00  7.000071781E-01  4.849993220E+00  2.888316542E+02  2.888316544E+02  1.830511655E-01  8.169488252E-01  1.879048662E-01  8.120951245E-01  7.592066612E-03  3.273045343E-02 
        13  1.149999460E+00  7.000041210E-01  6.549999896E+00  2.890433747E+02  2.890433754E+02  1.809429747E-01  8.190570327E-01  1.856454953E-01  8.143545122E-01  7.501995651E-03  3.279129901E-02 
        14  2.599937070E-01  6.999245510E-01  4.770022657E+00  2.886140216E+02  2.886140222E+02  2.163443308E-01  7.836556627E-01  2.217334212E-01  7.782665723E-01  8.971732926E-03  3.138165940E-02 
        15  2.500057384E-01  7.000450448E-01  3.040068823E+00  2.889207175E+02  2.889207182E+02  1.907341686E-01  8.092658370E-01  1.955216550E-01  8.044783506E-01  7.911242016E-03  3.239958103E-02 
        16  1.179999658E+00  1.300002449E+00  4.500000716E-01  2.919857917E+02  2.919857919E+02  2.397832373E-03  9.976021675E-01  2.479168354E-03  9.975208315E-01  9.888411157E-05  3.978711055E-02 
        17  2.090000552E+00  1.299991228E+00  2.640042717E+00  2.919998806E+02  2.919998874E+02  1.593869795E-04  9.998406056E-01  1.648056748E-04  9.998351869E-01  6.573130931E-06  3.987749646E-02 
        18  1.930000128E+00  1.300009553E+00  4.849983633E+00  2.919941497E+02  2.919941499E+02  1.162619000E-03  9.988373959E-01  1.202100956E-03  9.987979139E-01  4.794576690E-05  3.983690840E-02 
