nodenumber     x-coordinate     y-coordinate     z-coordinate      temperature total-temperature               n2              air         molef-n2        molef-air concentration-n2 concentration-air 
         1  1.180011401E+00  7.000440735E-01  4.499552279E-01  2.894130329E+02  2.894130330E+02  1.101689602E-01  8.898310379E-01  1.132938701E-01  8.867061280E-01  4.580153346E-03  3.566225843E-02 
         2  1.150002942E+00  1.299996259E+00  6.549998111E+00  2.920005132E+02  2.920005135E+02  3.419103135E-05  9.999657941E-01  3.535362798E-05  9.999646315E-01  1.410044938E-06  3.988257255E-02 
         3  2.599979183E-01  1.299834635E+00  4.769962194E+00  2.919945141E+02  2.919945143E+02  7.545564947E-04  9.992454277E-01  7.801896081E-04  9.992197946E-01  3.111790202E-05  3.985368405E-02 
         4  2.499957813E-01  1.300216226E+00  3.040010943E+00  2.919829628E+02  2.919829630E+02  2.251410563E-03  9.977485894E-01  2.327789610E-03  9.976722104E-01  9.284720393E-05  3.979353392E-02 
         5  1.179989316E+00  1.700000987E+00  4.500025386E-01  2.919982932E+02  2.919982934E+02  6.345119589E-04  9.993654650E-01  6.560742200E-04  9.993439027E-01  2.616705655E-05  3.985811812E-02 
         6  2.090000749E+00  1.699988964E+00  2.640041275E+00  2.920005436E+02  2.920005449E+02  2.869332681E-05  9.999713104E-01  2.966901007E-05  9.999703347E-01  1.183318363E-06  3.988279661E-02 
         7  1.929998960E+00  1.700096390E+00  4.850038151E+00  2.920006212E+02  2.920006215E+02  6.541445974E-06  9.999934604E-01  6.763885221E-06  9.999932380E-01  2.697705829E-07  3.988369941E-02 
         8  1.149997690E+00  1.699993700E+00  6.550001821E+00  2.919996120E+02  2.919996126E+02  9.538978250E-05  9.999046009E-01  9.863294664E-05  9.999013577E-01  3.933898099E-06  3.988017223E-02 
         9  2.599530306E-01  1.699784014E+00  4.769789816E+00  2.920003815E+02  2.920003820E+02  3.402228645E-05  9.999659798E-01  3.517916560E-05  9.999648229E-01  1.403086284E-06  3.988259884E-02 
        10  2.500325889E-01  1.700141952E+00  3.039603904E+00  2.919793865E+02  2.919793870E+02  3.361927182E-03  9.966380747E-01  3.475847977E-03  9.965241539E-01  1.386408282E-04  3.974822898E-02 
        11  2.090000512E+00  6.999920786E-01  2.640018387E+00  2.885683963E+02  2.885683972E+02  1.470465418E-01  8.529534731E-01  1.510999269E-01  8.489000880E-01  6.115226243E-03  3.424446433E-02 
        12  1.930000944E+00  7.000071781E-01  4.849993220E+00  2.887840140E+02  2.887840141E+02  1.549783402E-01  8.450216505E-01  1.590877963E-01  8.409121944E-01  6.445752429E-03  3.388476439E-02 
        13  1.149999460E+00  7.000041210E-01  6.549999896E+00  2.893349710E+02  2.893349716E+02  1.277739011E-01  8.722261063E-01  1.313914280E-01  8.686085794E-01  5.302824265E-03  3.494962818E-02 
        14  2.599937070E-01  6.999245510E-01  4.770022657E+00  2.887656906E+02  2.887656914E+02  1.396032563E-01  8.603967372E-01  1.435856826E-01  8.564143109E-01  5.799852810E-03  3.453169248E-02 
        15  2.500057384E-01  7.000450448E-01  3.040068823E+00  2.886309766E+02  2.886309770E+02  1.648159069E-01  8.351840986E-01  1.692284368E-01  8.307715688E-01  6.851501598E-03  3.349989303E-02 
        16  1.179999658E+00  1.300002449E+00  4.500000716E-01  2.919990202E+02  2.919990203E+02  4.734498764E-04  9.995265500E-01  4.895416196E-04  9.995104583E-01  1.952497283E-05  3.986466273E-02 
        17  2.090000552E+00  1.299991228E+00  2.640042717E+00  2.920008220E+02  2.920008294E+02  1.008139057E-05  9.999899112E-01  1.042420316E-05  9.999895683E-01  4.157583684E-07  3.988352525E-02 
        18  1.930000128E+00  1.300009553E+00  4.849983633E+00  2.920008159E+02  2.920008160E+02  2.972801717E-05  9.999702869E-01  3.073888353E-05  9.999692760E-01  1.225987878E-06  3.988271764E-02 
