nodenumber     x-coordinate     y-coordinate     z-coordinate      temperature total-temperature               n2              air         molef-n2        molef-air concentration-n2 concentration-air 
         1  1.180011401E+00  7.000440735E-01  4.499552279E-01  2.886507141E+02  2.886507145E+02  1.574463016E-01  8.425536965E-01  1.616931169E-01  8.383068812E-01  6.547016453E-03  3.380161720E-02 
         2  1.150002942E+00  1.299996259E+00  6.549998111E+00  2.920001001E+02  2.920001005E+02  7.582020663E-05  9.999241649E-01  7.839811826E-05  9.999215870E-01  3.126840407E-06  3.988091217E-02 
         3  2.599979183E-01  1.299834635E+00  4.769962194E+00  2.919827772E+02  2.919827775E+02  2.504165745E-03  9.974958184E-01  2.589072396E-03  9.974109118E-01  1.032696236E-04  3.978313560E-02 
         4  2.499957813E-01  1.300216226E+00  3.040010943E+00  2.919797204E+02  2.919797206E+02  2.738123667E-03  9.972618763E-01  2.830955311E-03  9.971690447E-01  1.129183366E-04  3.977390572E-02 
         5  1.179989316E+00  1.700000987E+00  4.500025386E-01  2.919984075E+02  2.919984077E+02  5.068297544E-04  9.994931472E-01  5.240541645E-04  9.994759228E-01  2.090154727E-05  3.986336801E-02 
         6  2.090000749E+00  1.699988964E+00  2.640041275E+00  2.920003768E+02  2.920003784E+02  5.479278388E-05  9.999452109E-01  5.665588705E-05  9.999433478E-01  2.259664112E-06  3.988174304E-02 
         7  1.929998960E+00  1.700096390E+00  4.850038151E+00  2.920006219E+02  2.920006223E+02  2.180725181E-05  9.999781946E-01  2.254878557E-05  9.999774531E-01  8.993350496E-07  3.988306974E-02 
         8  1.149997690E+00  1.699993700E+00  6.550001821E+00  2.919987607E+02  2.919987614E+02  1.831850280E-04  9.998168057E-01  1.894121740E-04  9.998105785E-01  7.554594700E-06  3.987666781E-02 
         9  2.599530306E-01  1.699784014E+00  4.769789816E+00  2.919945174E+02  2.919945179E+02  9.506543640E-04  9.990493477E-01  9.829459476E-04  9.990170561E-01  3.920470498E-05  3.984559822E-02 
        10  2.500325889E-01  1.700141952E+00  3.039603904E+00  2.919731207E+02  2.919731211E+02  4.241208840E-03  9.957587930E-01  4.384753131E-03  9.956152487E-01  1.748992086E-04  3.971282661E-02 
        11  2.090000512E+00  6.999920786E-01  2.640018387E+00  2.880016746E+02  2.880016755E+02  1.902748702E-01  8.097251447E-01  1.951695566E-01  8.048304583E-01  7.918390458E-03  3.252120765E-02 
        12  1.930000944E+00  7.000071781E-01  4.849993220E+00  2.883890284E+02  2.883890287E+02  1.792110686E-01  8.207889221E-01  1.838904679E-01  8.161095228E-01  7.452180477E-03  3.293313110E-02 
        13  1.149999460E+00  7.000041210E-01  6.549999896E+00  2.890711861E+02  2.890711867E+02  1.605856830E-01  8.394143245E-01  1.648936403E-01  8.351063672E-01  6.663269738E-03  3.362616560E-02 
        14  2.599937070E-01  6.999245510E-01  4.770022657E+00  2.890676330E+02  2.890676335E+02  1.452323119E-01  8.547676816E-01  1.492851578E-01  8.507148356E-01  6.028015936E-03  3.426162572E-02 
        15  2.500057384E-01  7.000450448E-01  3.040068823E+00  2.880767382E+02  2.880767385E+02  2.311027738E-01  7.688972318E-01  2.365836912E-01  7.634163144E-01  9.602690294E-03  3.082684060E-02 
        16  1.179999658E+00  1.300002449E+00  4.500000716E-01  2.919972563E+02  2.919972564E+02  6.965716823E-04  9.993034282E-01  7.202411656E-04  9.992797587E-01  2.872642022E-05  3.985570221E-02 
        17  2.090000552E+00  1.299991228E+00  2.640042717E+00  2.920006944E+02  2.920007022E+02  3.020177901E-05  9.999697908E-01  3.122873789E-05  9.999687638E-01  1.245526284E-06  3.988271290E-02 
        18  1.930000128E+00  1.300009553E+00  4.849983633E+00  2.920007685E+02  2.920007687E+02  5.582493164E-05  9.999441900E-01  5.772313324E-05  9.999422918E-01  2.302226661E-06  3.988164787E-02 
