nodenumber     x-coordinate     y-coordinate     z-coordinate      temperature total-temperature               n2              air         molef-n2        molef-air concentration-n2 concentration-air 
         1  1.180011401E+00  7.000440735E-01  4.499552279E-01  2.891146519E+02  2.891146521E+02  1.261535822E-01  8.738464160E-01  1.296717622E-01  8.703282360E-01  5.245766282E-03  3.503819553E-02 
         2  1.150002942E+00  1.299996259E+00  6.549998111E+00  2.920000451E+02  2.920000455E+02  7.903339239E-05  9.999209517E-01  8.172054705E-05  9.999182646E-01  3.259353280E-06  3.988078718E-02 
         3  2.599979183E-01  1.299834635E+00  4.769962194E+00  2.919748578E+02  2.919748580E+02  3.284228083E-03  9.967157561E-01  3.395522528E-03  9.966044616E-01  1.354391490E-04  3.975204792E-02 
         4  2.499957813E-01  1.300216226E+00  3.040010943E+00  2.919745551E+02  2.919745553E+02  3.152547263E-03  9.968474527E-01  3.259365373E-03  9.967406346E-01  1.300093725E-04  3.975752035E-02 
         5  1.179989316E+00  1.700000987E+00  4.500025386E-01  2.919950707E+02  2.919950708E+02  1.178976849E-03  9.988210001E-01  1.219019171E-03  9.987809578E-01  4.862024851E-05  3.983610509E-02 
         6  2.090000749E+00  1.699988964E+00  2.640041275E+00  2.920003208E+02  2.920003224E+02  6.448788950E-05  9.999355158E-01  6.668065274E-05  9.999333231E-01  2.659492101E-06  3.988135086E-02 
         7  1.929998960E+00  1.700096390E+00  4.850038151E+00  2.920005822E+02  2.920005825E+02  2.070451213E-05  9.999792974E-01  2.140854654E-05  9.999785933E-01  8.538579860E-07  3.988312065E-02 
         8  1.149997690E+00  1.699993700E+00  6.550001821E+00  2.919993683E+02  2.919993690E+02  1.219213727E-04  9.998780693E-01  1.260663898E-04  9.998739243E-01  5.028066661E-06  3.987911134E-02 
         9  2.599530306E-01  1.699784014E+00  4.769789816E+00  2.919972132E+02  2.919972136E+02  5.144250198E-04  9.994855771E-01  5.319050586E-04  9.994680970E-01  2.121483751E-05  3.986321986E-02 
        10  2.500325889E-01  1.700141952E+00  3.039603904E+00  2.919683468E+02  2.919683474E+02  4.959916824E-03  9.950400850E-01  5.127664033E-03  9.948723378E-01  2.045357657E-04  3.968384225E-02 
        11  2.090000512E+00  6.999920786E-01  2.640018387E+00  2.878839170E+02  2.878839177E+02  1.844736012E-01  8.155264137E-01  1.893027883E-01  8.106972266E-01  7.680333918E-03  3.277563559E-02 
        12  1.930000944E+00  7.000071781E-01  4.849993220E+00  2.886066557E+02  2.886066559E+02  1.552391485E-01  8.447608422E-01  1.594187515E-01  8.405812392E-01  6.458232934E-03  3.389676145E-02 
        13  1.149999460E+00  7.000041210E-01  6.549999896E+00  2.888547522E+02  2.888547527E+02  1.626098965E-01  8.373901110E-01  1.669870518E-01  8.330129556E-01  6.751732207E-03  3.356789007E-02 
        14  2.599937070E-01  6.999245510E-01  4.770022657E+00  2.886365893E+02  2.886365898E+02  1.552860099E-01  8.447139836E-01  1.596252080E-01  8.403747855E-01  6.450303360E-03  3.389926508E-02 
        15  2.500057384E-01  7.000450448E-01  3.040068823E+00  2.873247152E+02  2.873247155E+02  2.525192820E-01  7.474807236E-01  2.586117515E-01  7.413882541E-01  1.050666433E-02  3.002812525E-02 
        16  1.179999658E+00  1.300002449E+00  4.500000716E-01  2.919973505E+02  2.919973507E+02  7.381730631E-04  9.992618268E-01  7.632554697E-04  9.992367444E-01  3.044200156E-05  3.985397376E-02 
        17  2.090000552E+00  1.299991228E+00  2.640042717E+00  2.920006788E+02  2.920006863E+02  3.365747310E-05  9.999663351E-01  3.480194559E-05  9.999651906E-01  1.388039840E-06  3.988257252E-02 
        18  1.930000128E+00  1.300009553E+00  4.849983633E+00  2.920006477E+02  2.920006478E+02  6.265549321E-05  9.999373594E-01  6.478592843E-05  9.999352290E-01  2.583920188E-06  3.988138268E-02 
