nodenumber     x-coordinate     y-coordinate     z-coordinate      temperature total-temperature               n2              air         molef-n2        molef-air concentration-n2 concentration-air 
         1  1.180011401E+00  7.000440735E-01  4.499552279E-01  2.884674280E+02  2.884674282E+02  2.142716128E-01  7.857283853E-01  2.196335069E-01  7.803664912E-01  8.891589713E-03  3.148237419E-02 
         2  1.150002942E+00  1.299996259E+00  6.549998111E+00  2.919576799E+02  2.919576808E+02  4.546280452E-03  9.954537046E-01  4.700089860E-03  9.952998952E-01  1.874880828E-04  3.970234598E-02 
         3  2.599979183E-01  1.299834635E+00  4.769962194E+00  2.919796501E+02  2.919796504E+02  2.831715629E-03  9.971682685E-01  2.927724728E-03  9.970722594E-01  1.167777390E-04  3.977005465E-02 
         4  2.499957813E-01  1.300216226E+00  3.040010943E+00  2.919809294E+02  2.919809296E+02  2.995658424E-03  9.970043416E-01  3.097206931E-03  9.969027931E-01  1.235373734E-04  3.976312152E-02 
         5  1.179989316E+00  1.700000987E+00  4.500025386E-01  2.919794746E+02  2.919794747E+02  3.458487290E-03  9.965414897E-01  3.575672636E-03  9.964243043E-01  1.426223614E-04  3.974423342E-02 
         6  2.090000749E+00  1.699988964E+00  2.640041275E+00  2.919987121E+02  2.919987136E+02  3.513715092E-04  9.996486322E-01  3.633150033E-04  9.996366887E-01  1.449055201E-05  3.986973953E-02 
         7  1.929998960E+00  1.700096390E+00  4.850038151E+00  2.919964916E+02  2.919964920E+02  8.160728964E-04  9.991839290E-01  8.437963135E-04  9.991562055E-01  3.365450225E-05  3.985087874E-02 
         8  1.149997690E+00  1.699993700E+00  6.550001821E+00  2.919506604E+02  2.919506615E+02  5.348439810E-03  9.946515509E-01  5.529217695E-03  9.944707730E-01  2.205681617E-04  3.967022546E-02 
         9  2.599530306E-01  1.699784014E+00  4.769789816E+00  2.919692034E+02  2.919692038E+02  4.283963544E-03  9.957160386E-01  4.428993798E-03  9.955710083E-01  1.766649108E-04  3.971159607E-02 
        10  2.500325889E-01  1.700141952E+00  3.039603904E+00  2.919733487E+02  2.919733491E+02  4.250694794E-03  9.957493071E-01  4.394599694E-03  9.956054022E-01  1.752906211E-04  3.971240402E-02 
        11  2.090000512E+00  6.999920786E-01  2.640018387E+00  2.877511197E+02  2.877511205E+02  2.702574017E-01  7.297426132E-01  2.763003234E-01  7.236996915E-01  1.122205343E-02  2.925305376E-02 
        12  1.930000944E+00  7.000071781E-01  4.849993220E+00  2.894629525E+02  2.894629529E+02  1.512249555E-01  8.487750351E-01  1.552952176E-01  8.447047731E-01  6.267938397E-03  3.396685682E-02 
        13  1.149999460E+00  7.000041210E-01  6.549999896E+00  2.898162688E+02  2.898162695E+02  1.384786010E-01  8.615214065E-01  1.423045095E-01  8.576954979E-01  5.732995881E-03  3.445238994E-02 
        14  2.599937070E-01  6.999245510E-01  4.770022657E+00  2.885060902E+02  2.885060910E+02  2.197613452E-01  7.802386482E-01  2.252086251E-01  7.747913684E-01  9.115649813E-03  3.125284563E-02 
        15  2.500057384E-01  7.000450448E-01  3.040068823E+00  2.886218126E+02  2.886218130E+02  2.033462850E-01  7.966537206E-01  2.084401271E-01  7.915598785E-01  8.436800207E-03  3.191553305E-02 
        16  1.179999658E+00  1.300002449E+00  4.500000716E-01  2.919809401E+02  2.919809402E+02  3.155373875E-03  9.968446260E-01  3.262322718E-03  9.967376772E-01  1.301231533E-04  3.975653426E-02 
        17  2.090000552E+00  1.299991228E+00  2.640042717E+00  2.919998460E+02  2.919998530E+02  1.692833619E-04  9.998307092E-01  1.750383982E-04  9.998249542E-01  6.981255915E-06  3.987709306E-02 
        18  1.930000128E+00  1.300009553E+00  4.849983633E+00  2.919974244E+02  2.919974246E+02  6.359584922E-04  9.993640564E-01  6.575668175E-04  9.993424481E-01  2.622674352E-05  3.985818013E-02 
