nodenumber     x-coordinate     y-coordinate     z-coordinate      temperature total-temperature               n2              air         molef-n2        molef-air concentration-n2 concentration-air 
         1  1.180011401E+00  7.000440735E-01  4.499552279E-01  2.904841024E+02  2.904841027E+02  4.645432252E-02  9.535456756E-01  4.789898193E-02  9.521010162E-01  1.928374993E-03  3.816469502E-02 
         2  1.150002942E+00  1.299996259E+00  6.549998111E+00  2.920007284E+02  2.920007287E+02  9.831507486E-06  9.999901536E-01  1.016582380E-05  9.999898193E-01  4.054533841E-07  3.988354775E-02 
         3  2.599979183E-01  1.299834635E+00  4.769962194E+00  2.919979334E+02  2.919979336E+02  2.610320854E-04  9.997389521E-01  2.699054635E-04  9.997300787E-01  1.076502820E-05  3.987356986E-02 
         4  2.499957813E-01  1.300216226E+00  3.040010943E+00  2.919970957E+02  2.919970959E+02  9.893475048E-04  9.990106525E-01  1.022952854E-03  9.989770471E-01  4.079997046E-05  3.984365061E-02 
         5  1.179989316E+00  1.700000987E+00  4.500025386E-01  2.920001603E+02  2.920001605E+02  1.723462885E-04  9.998276307E-01  1.782058464E-04  9.998217711E-01  7.107568256E-06  3.987692257E-02 
         6  2.090000749E+00  1.699988964E+00  2.640041275E+00  2.920004971E+02  2.920004984E+02  1.619418205E-05  9.999838095E-01  1.674485725E-05  9.999832589E-01  6.678517127E-07  3.988331842E-02 
         7  1.929998960E+00  1.700096390E+00  4.850038151E+00  2.920006248E+02  2.920006250E+02  7.828399585E-07  9.999992190E-01  8.094605103E-07  9.999991924E-01  3.228449527E-08  3.988393640E-02 
         8  1.149997690E+00  1.699993700E+00  6.550001821E+00  2.920003628E+02  2.920003633E+02  2.064319582E-05  9.999793475E-01  2.134514196E-05  9.999786455E-01  8.513304624E-07  3.988315224E-02 
         9  2.599530306E-01  1.699784014E+00  4.769789816E+00  2.920005893E+02  2.920005896E+02  3.436169285E-06  9.999965659E-01  3.553016244E-06  9.999964491E-01  1.417084053E-07  3.988383184E-02 
        10  2.500325889E-01  1.700141952E+00  3.039603904E+00  2.919996651E+02  2.919996654E+02  4.010324221E-04  9.995989694E-01  4.146626761E-04  9.995853392E-01  1.653845967E-05  3.986756131E-02 
        11  2.090000512E+00  6.999920786E-01  2.640018387E+00  2.897493673E+02  2.897493682E+02  7.474373480E-02  9.252562801E-01  7.701582215E-02  9.229841928E-01  3.103662334E-03  3.709097882E-02 
        12  1.930000944E+00  7.000071781E-01  4.849993220E+00  2.900170788E+02  2.900170790E+02  7.581024756E-02  9.241897431E-01  7.807024930E-02  9.219297414E-01  3.147721887E-03  3.701018599E-02 
        13  1.149999460E+00  7.000041210E-01  6.549999896E+00  2.903318936E+02  2.903318943E+02  6.250513710E-02  9.374948703E-01  6.441850637E-02  9.355815011E-01  2.592121912E-03  3.752179531E-02 
        14  2.599937070E-01  6.999245510E-01  4.770022657E+00  2.903186685E+02  2.903186693E+02  5.642310262E-02  9.435768909E-01  5.820034564E-02  9.417996478E-01  2.338714108E-03  3.777675952E-02 
        15  2.500057384E-01  7.000450448E-01  3.040068823E+00  2.901813793E+02  2.901813795E+02  8.218485559E-02  9.178151500E-01  8.464132402E-02  9.153586816E-01  3.407197677E-03  3.672767053E-02 
        16  1.179999658E+00  1.300002449E+00  4.500000716E-01  2.920002211E+02  2.920002212E+02  1.972466466E-04  9.998027532E-01  2.039526457E-04  9.997960472E-01  8.134452804E-06  3.987588921E-02 
        17  2.090000552E+00  1.299991228E+00  2.640042717E+00  2.920008045E+02  2.920008118E+02  6.872730209E-06  9.999931198E-01  7.106435769E-06  9.999928861E-01  2.834327308E-07  3.988365996E-02 
        18  1.930000128E+00  1.300009553E+00  4.849983633E+00  2.920007757E+02  2.920007758E+02  1.233993160E-05  9.999876750E-01  1.275954639E-05  9.999872554E-01  5.089011223E-07  3.988344022E-02 
