nodenumber     x-coordinate     y-coordinate     z-coordinate      temperature total-temperature               n2              air         molef-n2        molef-air concentration-n2 concentration-air 
         1  1.180011401E+00  7.000440735E-01  4.499552279E-01  2.890369082E+02  2.890369083E+02  1.373104988E-01  8.626894994E-01  1.410631895E-01  8.589368086E-01  5.708713516E-03  3.458614642E-02 
         2  1.150002942E+00  1.299996259E+00  6.549998111E+00  2.919995316E+02  2.919995320E+02  1.305351752E-04  9.998694499E-01  1.349730486E-04  9.998650121E-01  5.383297363E-06  3.987873336E-02 
         3  2.599979183E-01  1.299834635E+00  4.769962194E+00  2.919779194E+02  2.919779195E+02  3.125905572E-03  9.968740786E-01  3.231841748E-03  9.967681424E-01  1.289092576E-04  3.975815958E-02 
         4  2.499957813E-01  1.300216226E+00  3.040010943E+00  2.919837362E+02  2.919837364E+02  2.147440958E-03  9.978525590E-01  2.220298104E-03  9.977797019E-01  8.855959950E-05  3.979771587E-02 
         5  1.179989316E+00  1.700000987E+00  4.500025386E-01  2.919966615E+02  2.919966617E+02  7.763652499E-04  9.992236117E-01  8.027434232E-04  9.991972335E-01  3.201704992E-05  3.985249100E-02 
         6  2.090000749E+00  1.699988964E+00  2.640041275E+00  2.920002647E+02  2.920002662E+02  7.473950794E-05  9.999252642E-01  7.728077312E-05  9.999227230E-01  3.082269036E-06  3.988093575E-02 
         7  1.929998960E+00  1.700096390E+00  4.850038151E+00  2.920006244E+02  2.920006247E+02  1.348836002E-05  9.999865135E-01  1.394702299E-05  9.999860548E-01  5.562626083E-07  3.988341248E-02 
         8  1.149997690E+00  1.699993700E+00  6.550001821E+00  2.919986834E+02  2.919986840E+02  1.865961078E-04  9.998133946E-01  1.929392336E-04  9.998070515E-01  7.695270318E-06  3.987653770E-02 
         9  2.599530306E-01  1.699784014E+00  4.769789816E+00  2.919777135E+02  2.919777141E+02  3.633702177E-03  9.963662999E-01  3.756624601E-03  9.962433775E-01  1.498455630E-04  3.973725291E-02 
        10  2.500325889E-01  1.700141952E+00  3.039603904E+00  2.919817781E+02  2.919817785E+02  2.989242590E-03  9.970107593E-01  3.090573511E-03  9.969094284E-01  1.232724208E-04  3.976327067E-02 
        11  2.090000512E+00  6.999920786E-01  2.640018387E+00  2.878564937E+02  2.878564945E+02  2.026869477E-01  7.973130672E-01  2.078019642E-01  7.921980507E-01  8.433654448E-03  3.202621608E-02 
        12  1.930000944E+00  7.000071781E-01  4.849993220E+00  2.887987119E+02  2.887987121E+02  1.577338917E-01  8.422660990E-01  1.618937593E-01  8.381062314E-01  6.557972914E-03  3.377027479E-02 
        13  1.149999460E+00  7.000041210E-01  6.549999896E+00  2.890807889E+02  2.890807894E+02  1.626031877E-01  8.373968197E-01  1.669620367E-01  8.330379708E-01  6.745815486E-03  3.354223481E-02 
        14  2.599937070E-01  6.999245510E-01  4.770022657E+00  2.893946638E+02  2.893946643E+02  1.321697420E-01  8.678302515E-01  1.359001445E-01  8.640998490E-01  5.482505280E-03  3.476156857E-02 
        15  2.500057384E-01  7.000450448E-01  3.040068823E+00  2.871819336E+02  2.871819339E+02  2.873253288E-01  7.126746768E-01  2.937760064E-01  7.062239992E-01  1.194816892E-02  2.860718126E-02 
        16  1.179999658E+00  1.300002449E+00  4.500000716E-01  2.919976791E+02  2.919976793E+02  6.172834328E-04  9.993827165E-01  6.382603137E-04  9.993617396E-01  2.545662418E-05  3.985891425E-02 
        17  2.090000552E+00  1.299991228E+00  2.640042717E+00  2.920006589E+02  2.920006666E+02  3.648574058E-05  9.999635068E-01  3.772636581E-05  9.999622662E-01  1.504677737E-06  3.988245860E-02 
        18  1.930000128E+00  1.300009553E+00  4.849983633E+00  2.920005787E+02  2.920005789E+02  5.595933715E-05  9.999440556E-01  5.786210268E-05  9.999421528E-01  2.307771535E-06  3.988166825E-02 
