nodenumber     x-coordinate     y-coordinate     z-coordinate      temperature total-temperature               n2              air         molef-n2        molef-air concentration-n2 concentration-air 
         1  1.180011401E+00  7.000440735E-01  4.499552279E-01  2.879524519E+02  2.879524519E+02  2.343226853E-01  7.656773128E-01  2.400604229E-01  7.599395753E-01  9.733909464E-03  3.071231509E-02 
         2  1.150002942E+00  1.299996259E+00  6.549998111E+00  2.919533173E+02  2.919533182E+02  4.838934284E-03  9.951610508E-01  5.002568344E-03  9.949974168E-01  1.995581303E-04  3.969087205E-02 
         3  2.599979183E-01  1.299834635E+00  4.769962194E+00  2.919716174E+02  2.919716177E+02  3.784476244E-03  9.962155079E-01  3.912662645E-03  9.960873215E-01  1.560680760E-04  3.973186167E-02 
         4  2.499957813E-01  1.300216226E+00  3.040010943E+00  2.919845032E+02  2.919845035E+02  2.555592166E-03  9.974444078E-01  2.642264898E-03  9.973577351E-01  1.053898658E-04  3.978078082E-02 
         5  1.179989316E+00  1.700000987E+00  4.500025386E-01  2.919821491E+02  2.919821493E+02  3.114941833E-03  9.968850351E-01  3.220521730E-03  9.967794552E-01  1.284554036E-04  3.975803503E-02 
         6  2.090000749E+00  1.699988964E+00  2.640041275E+00  2.919993068E+02  2.919993083E+02  2.354436150E-04  9.997645601E-01  2.434474291E-04  9.997565563E-01  9.709705636E-06  3.987443915E-02 
         7  1.929998960E+00  1.700096390E+00  4.850038151E+00  2.919962154E+02  2.919962159E+02  9.217859964E-04  9.990782159E-01  9.530919885E-04  9.990469099E-01  3.801386818E-05  3.984655710E-02 
         8  1.149997690E+00  1.699993700E+00  6.550001821E+00  2.919514886E+02  2.919514898E+02  5.023076546E-03  9.949769141E-01  5.192855751E-03  9.948071349E-01  2.071520747E-04  3.968352847E-02 
         9  2.599530306E-01  1.699784014E+00  4.769789816E+00  2.919659875E+02  2.919659880E+02  4.625953755E-03  9.953740483E-01  4.782507398E-03  9.952174947E-01  1.907680180E-04  3.969793231E-02 
        10  2.500325889E-01  1.700141952E+00  3.039603904E+00  2.919779830E+02  2.919779834E+02  3.681677727E-03  9.963183241E-01  3.806394651E-03  9.961936072E-01  1.518259717E-04  3.973523557E-02 
        11  2.090000512E+00  6.999920786E-01  2.640018387E+00  2.878516755E+02  2.878516764E+02  2.597868160E-01  7.402131989E-01  2.656606993E-01  7.343393156E-01  1.078972173E-02  2.967142973E-02 
        12  1.930000944E+00  7.000071781E-01  4.849993220E+00  2.893284258E+02  2.893284262E+02  1.599055684E-01  8.400944223E-01  1.641801909E-01  8.358197998E-01  6.628004609E-03  3.362545399E-02 
        13  1.149999460E+00  7.000041210E-01  6.549999896E+00  2.888355653E+02  2.888355659E+02  1.993467057E-01  8.006533017E-01  2.043915282E-01  7.956084792E-01  8.265458536E-03  3.205691954E-02 
        14  2.599937070E-01  6.999245510E-01  4.770022657E+00  2.886219439E+02  2.886219441E+02  2.151938683E-01  7.848061252E-01  2.204643019E-01  7.795356916E-01  8.927235825E-03  3.142545012E-02 
        15  2.500057384E-01  7.000450448E-01  3.040068823E+00  2.891536043E+02  2.891536049E+02  1.675420675E-01  8.324579381E-01  1.720153912E-01  8.279846144E-01  6.946273885E-03  3.333147939E-02 
        16  1.179999658E+00  1.300002449E+00  4.500000716E-01  2.919846667E+02  2.919846669E+02  2.677944735E-03  9.973220551E-01  2.768756022E-03  9.972312439E-01  1.104350309E-04  3.977571331E-02 
        17  2.090000552E+00  1.299991228E+00  2.640042717E+00  2.919999406E+02  2.919999472E+02  1.464752198E-04  9.998535173E-01  1.514549160E-04  9.998485376E-01  6.040649057E-06  3.987802074E-02 
        18  1.930000128E+00  1.300009553E+00  4.849983633E+00  2.919954474E+02  2.919954476E+02  9.269947001E-04  9.990730202E-01  9.584765156E-04  9.990415384E-01  3.822880910E-05  3.984644811E-02 
