nodenumber     x-coordinate     y-coordinate     z-coordinate      temperature total-temperature               n2              air         molef-n2        molef-air concentration-n2 concentration-air 
         1  1.180011401E+00  7.000440735E-01  4.499552279E-01  2.879656379E+02  2.879656380E+02  2.372108416E-01  7.627891565E-01  2.429089370E-01  7.570910612E-01  9.855759048E-03  3.058909198E-02 
         2  1.150002942E+00  1.299996259E+00  6.549998111E+00  2.919961897E+02  2.919961904E+02  4.971792073E-04  9.995028059E-01  5.140726874E-04  9.994859124E-01  2.050373773E-05  3.986406940E-02 
         3  2.599979183E-01  1.299834635E+00  4.769962194E+00  2.919747676E+02  2.919747679E+02  3.405498689E-03  9.965944855E-01  3.520883052E-03  9.964791011E-01  1.404398090E-04  3.974705959E-02 
         4  2.499957813E-01  1.300216226E+00  3.040010943E+00  2.919858602E+02  2.919858605E+02  2.347149465E-03  9.976528505E-01  2.426765508E-03  9.975732345E-01  9.679412858E-05  3.978919119E-02 
         5  1.179989316E+00  1.700000987E+00  4.500025386E-01  2.919856119E+02  2.919856121E+02  2.584580217E-03  9.974153967E-01  2.672234132E-03  9.973277428E-01  1.065847877E-04  3.977943260E-02 
         6  2.090000749E+00  1.699988964E+00  2.640041275E+00  2.919993473E+02  2.919993488E+02  2.185373992E-04  9.997814663E-01  2.259669761E-04  9.997740367E-01  9.012502570E-06  3.987513083E-02 
         7  1.929998960E+00  1.700096390E+00  4.850038151E+00  2.920006245E+02  2.920006249E+02  1.257527523E-05  9.999874266E-01  1.300288467E-05  9.999869990E-01  5.186066089E-07  3.988345011E-02 
         8  1.149997690E+00  1.699993700E+00  6.550001821E+00  2.919941717E+02  2.919941727E+02  6.975140718E-04  9.993024766E-01  7.212073486E-04  9.992787833E-01  2.876556442E-05  3.985608367E-02 
         9  2.599530306E-01  1.699784014E+00  4.769789816E+00  2.919695065E+02  2.919695069E+02  4.514209866E-03  9.954857922E-01  4.666994272E-03  9.953330078E-01  1.861582867E-04  3.970206128E-02 
        10  2.500325889E-01  1.700141952E+00  3.039603904E+00  2.919814383E+02  2.919814387E+02  3.343944973E-03  9.966560569E-01  3.457259228E-03  9.965427426E-01  1.378983947E-04  3.974869112E-02 
        11  2.090000512E+00  6.999920786E-01  2.640018387E+00  2.882382125E+02  2.882382133E+02  1.991155903E-01  8.008844246E-01  2.041936182E-01  7.958063967E-01  8.272512613E-03  3.213341890E-02 
        12  1.930000944E+00  7.000071781E-01  4.849993220E+00  2.882925957E+02  2.882925959E+02  2.042142209E-01  7.957857698E-01  2.093233459E-01  7.906766448E-01  8.486525381E-03  3.191239817E-02 
        13  1.149999460E+00  7.000041210E-01  6.549999896E+00  2.877064472E+02  2.877064476E+02  2.480578522E-01  7.519421553E-01  2.539301183E-01  7.460698891E-01  1.031157809E-02  3.016971532E-02 
        14  2.599937070E-01  6.999245510E-01  4.770022657E+00  2.889027528E+02  2.889027533E+02  1.713481186E-01  8.286518749E-01  1.759809170E-01  8.240190765E-01  7.107863060E-03  3.320468882E-02 
        15  2.500057384E-01  7.000450448E-01  3.040068823E+00  2.877128793E+02  2.877128796E+02  2.776739193E-01  7.223260863E-01  2.839387397E-01  7.160612659E-01  1.152978498E-02  2.895075176E-02 
        16  1.179999658E+00  1.300002449E+00  4.500000716E-01  2.919901053E+02  2.919901055E+02  1.870869521E-03  9.981291304E-01  1.934365346E-03  9.980656345E-01  7.715295508E-05  3.980825247E-02 
        17  2.090000552E+00  1.299991228E+00  2.640042717E+00  2.920001863E+02  2.920001941E+02  1.044571535E-04  9.998955354E-01  1.080087194E-04  9.998919838E-01  4.307826388E-06  3.987972001E-02 
        18  1.930000128E+00  1.300009553E+00  4.849983633E+00  2.920008205E+02  2.920008206E+02  6.840822627E-05  9.999316067E-01  7.073425880E-05  9.999292806E-01  2.821161177E-06  3.988112184E-02 
