nodenumber     x-coordinate     y-coordinate     z-coordinate      temperature total-temperature               n2              air         molef-n2        molef-air concentration-n2 concentration-air 
         1  1.180011401E+00  7.000440735E-01  4.499552279E-01  2.911518252E+02  2.911518253E+02  1.926972900E-02  9.807302691E-01  1.990816447E-02  9.800918337E-01  7.972069147E-04  3.920320948E-02 
         2  1.150002942E+00  1.299996259E+00  6.549998111E+00  2.920004763E+02  2.920004766E+02  1.099010176E-05  9.999889950E-01  1.136381563E-05  9.999886213E-01  4.532346054E-07  3.988353439E-02 
         3  2.599979183E-01  1.299834635E+00  4.769962194E+00  2.919938805E+02  2.919938807E+02  2.908550531E-04  9.997091291E-01  3.007423089E-04  9.996992419E-01  1.199510484E-05  3.987289338E-02 
         4  2.499957813E-01  1.300216226E+00  3.040010943E+00  2.919924664E+02  2.919924666E+02  5.134334290E-04  9.994865666E-01  5.308827353E-04  9.994691173E-01  2.117434971E-05  3.986390856E-02 
         5  1.179989316E+00  1.700000987E+00  4.500025386E-01  2.920005059E+02  2.920005061E+02  1.998024760E-05  9.999799967E-01  2.065966292E-05  9.999793173E-01  8.239897207E-07  3.988315894E-02 
         6  2.090000749E+00  1.699988964E+00  2.640041275E+00  2.919991308E+02  2.919991321E+02  3.594702927E-05  9.999640567E-01  3.716935844E-05  9.999628344E-01  1.482470838E-06  3.988269043E-02 
         7  1.929998960E+00  1.700096390E+00  4.850038151E+00  2.920006259E+02  2.920006261E+02  1.455423671E-08  9.999999873E-01  1.504915624E-08  9.999999868E-01  6.002200122E-10  3.988396793E-02 
         8  1.149997690E+00  1.699993700E+00  6.550001821E+00  2.920001393E+02  2.920001397E+02  1.502314636E-05  9.999849675E-01  1.553399537E-05  9.999844567E-01  6.195594331E-07  3.988341455E-02 
         9  2.599530306E-01  1.699784014E+00  4.769789816E+00  2.919997859E+02  2.919997862E+02  3.275863198E-05  9.999672435E-01  3.387255236E-05  9.999661295E-01  1.350976199E-06  3.988273232E-02 
        10  2.500325889E-01  1.700141952E+00  3.039603904E+00  2.920002387E+02  2.920002389E+02  2.852516490E-05  9.999714767E-01  2.949512140E-05  9.999705067E-01  1.176384862E-06  3.988284504E-02 
        11  2.090000512E+00  6.999920786E-01  2.640018387E+00  2.907133624E+02  2.907133637E+02  2.851926975E-02  9.714807451E-01  2.945156755E-02  9.705484474E-01  1.181413992E-03  3.887940751E-02 
        12  1.930000944E+00  7.000071781E-01  4.849993220E+00  2.910111917E+02  2.910111919E+02  3.448034776E-02  9.655196429E-01  3.559730258E-02  9.644026881E-01  1.426358197E-03  3.859341587E-02 
        13  1.149999460E+00  7.000041210E-01  6.549999896E+00  2.915853042E+02  2.915853045E+02  1.282969436E-02  9.871703131E-01  1.325477147E-02  9.867452360E-01  5.301791247E-04  3.941068973E-02 
        14  2.599937070E-01  6.999245510E-01  4.770022657E+00  2.913397081E+02  2.913397087E+02  1.652024576E-02  9.834797477E-01  1.707011210E-02  9.829298814E-01  6.828270847E-04  3.929169534E-02 
        15  2.500057384E-01  7.000450448E-01  3.040068823E+00  2.912155005E+02  2.912155008E+02  1.931651034E-02  9.806834952E-01  1.994914468E-02  9.800508609E-01  7.993284326E-04  3.919235235E-02 
        16  1.179999658E+00  1.300002449E+00  4.500000716E-01  2.919997279E+02  2.919997280E+02  8.804740229E-05  9.999119525E-01  9.104118452E-05  9.999089587E-01  3.631095650E-06  3.988045993E-02 
        17  2.090000552E+00  1.299991228E+00  2.640042717E+00  2.920002594E+02  2.920002672E+02  1.376788170E-05  9.999862247E-01  1.423604962E-05  9.999857565E-01  5.677916996E-07  3.988345006E-02 
        18  1.930000128E+00  1.300009553E+00  4.849983633E+00  2.920004976E+02  2.920004977E+02  7.640457711E-06  9.999923744E-01  7.900269517E-06  9.999921146E-01  3.150944666E-07  3.988367200E-02 
