nodenumber     x-coordinate     y-coordinate     z-coordinate      temperature total-temperature               n2              air         molef-n2        molef-air concentration-n2 concentration-air 
         1  1.180011401E+00  7.000440735E-01  4.499552279E-01  2.920003756E+02  2.920003795E+02  9.122569683E-08  9.999999069E-01  9.432784309E-08  9.999999038E-01  3.762172448E-09  3.988399866E-02 
         2  1.150002942E+00  1.299996259E+00  6.549998111E+00  2.920003105E+02  2.920003131E+02  2.821327018E-20  9.999999851E-01  2.917266770E-20  9.999999851E-01  1.163523376E-21  3.988401028E-02 
         3  2.599979183E-01  1.299834635E+00  4.769962194E+00  2.920000854E+02  2.920000885E+02  4.085810823E-18  9.999999842E-01  4.224749584E-18  9.999999842E-01  1.684997524E-19  3.988404095E-02 
         4  2.499957813E-01  1.300216226E+00  3.040010943E+00  2.920008668E+02  2.920008679E+02  1.049411169E-08  9.999999895E-01  1.085096591E-08  9.999999891E-01  4.327784595E-10  3.988393504E-02 
         5  1.179989316E+00  1.700000987E+00  4.500025386E-01  2.919997877E+02  2.919997900E+02  1.545385051E-23  9.999999769E-01  1.597936159E-23  9.999999769E-01  6.373221231E-25  3.988408104E-02 
         6  2.090000749E+00  1.699988964E+00  2.640041275E+00  2.920003169E+02  2.920003235E+02  6.988655237E-14  1.000000004E+00  7.226305766E-14  1.000000004E+00  2.882141168E-15  3.988401089E-02 
         7  1.929998960E+00  1.700096390E+00  4.850038151E+00  2.919998736E+02  2.919998778E+02  6.069178348E-17  1.000000002E+00  6.275561893E-17  1.000000002E+00  2.502950126E-18  3.988407129E-02 
         8  1.149997690E+00  1.699993700E+00  6.550001821E+00  2.919999790E+02  2.919999944E+02  7.056971253E-22  9.999999907E-01  7.296944880E-22  9.999999907E-01  2.910317242E-23  3.988405600E-02 
         9  2.599530306E-01  1.699784014E+00  4.769789816E+00  2.919981562E+02  2.919981593E+02  2.619772766E-17  1.000000002E+00  2.708858629E-17  1.000000002E+00  1.080415250E-18  3.988430589E-02 
        10  2.500325889E-01  1.700141952E+00  3.039603904E+00  2.920044665E+02  2.920044689E+02  1.684199084E-11  1.000000002E+00  1.741470589E-11  1.000000002E+00  6.945595275E-13  3.988344397E-02 
        11  2.090000512E+00  6.999920786E-01  2.640018387E+00  2.919969869E+02  2.919969945E+02  7.088115934E-05  9.999291337E-01  7.329028424E-05  9.999267246E-01  2.923253391E-06  3.988154339E-02 
        12  1.930000944E+00  7.000071781E-01  4.849993220E+00  2.919999681E+02  2.919999742E+02  1.105694502E-14  9.999999907E-01  1.143293851E-14  9.999999907E-01  4.559920050E-16  3.988405749E-02 
        13  1.149999460E+00  7.000041210E-01  6.549999896E+00  2.919998267E+02  2.919998299E+02  3.228674256E-24  1.000000007E+00  3.338465928E-24  1.000000007E+00  1.331516082E-25  3.988407814E-02 
        14  2.599937070E-01  6.999245510E-01  4.770022657E+00  2.920013286E+02  2.920013315E+02  1.227432599E-10  9.999999934E-01  1.269171674E-10  9.999999934E-01  5.061964931E-12  3.988387189E-02 
        15  2.500057384E-01  7.000450448E-01  3.040068823E+00  2.919965808E+02  2.919965883E+02  1.119698587E-05  9.999888086E-01  1.157772941E-05  9.999884279E-01  4.617750637E-07  3.988405958E-02 
        16  1.179999658E+00  1.300002449E+00  4.500000716E-01  2.920000895E+02  2.920000923E+02  8.155532871E-13  9.999999999E-01  8.432863291E-13  9.999999999E-01  3.363366674E-14  3.988404165E-02 
        17  2.090000552E+00  1.299991228E+00  2.640042717E+00  2.920003999E+02  2.920004077E+02  6.342223785E-10  9.999999919E-01  6.557892289E-10  9.999999919E-01  2.615552006E-11  3.988399863E-02 
        18  1.930000128E+00  1.300009553E+00  4.849983633E+00  2.919997446E+02  2.919997501E+02  8.592451664E-15  1.000000015E+00  8.884639589E-15  1.000000015E+00  3.543557791E-16  3.988408995E-02 
