nodenumber     x-coordinate     y-coordinate     z-coordinate      temperature total-temperature               n2              air         molef-n2        molef-air concentration-n2 concentration-air 
         1  1.180011401E+00  7.000440735E-01  4.499552279E-01  2.880090232E+02  2.880090234E+02  2.310900357E-01  7.689099624E-01  2.367670572E-01  7.632329409E-01  9.598826169E-03  3.083944078E-02 
         2  1.150002942E+00  1.299996259E+00  6.549998111E+00  2.919596825E+02  2.919596833E+02  4.500345191E-03  9.954996399E-01  4.652630176E-03  9.953473549E-01  1.855927386E-04  3.970396769E-02 
         3  2.599979183E-01  1.299834635E+00  4.769962194E+00  2.919618330E+02  2.919618334E+02  4.602688609E-03  9.953972956E-01  4.758442457E-03  9.952415417E-01  1.898116033E-04  3.969945493E-02 
         4  2.499957813E-01  1.300216226E+00  3.040010943E+00  2.919841880E+02  2.919841883E+02  2.347105947E-03  9.976528941E-01  2.426722727E-03  9.975732773E-01  9.679291690E-05  3.978942082E-02 
         5  1.179989316E+00  1.700000987E+00  4.500025386E-01  2.919796036E+02  2.919796038E+02  3.250119208E-03  9.967498577E-01  3.360267797E-03  9.966397092E-01  1.340304858E-04  3.975280768E-02 
         6  2.090000749E+00  1.699988964E+00  2.640041275E+00  2.919991683E+02  2.919991699E+02  2.834871726E-04  9.997165166E-01  2.931238146E-04  9.997068799E-01  1.169101038E-05  3.987247677E-02 
         7  1.929998960E+00  1.700096390E+00  4.850038151E+00  2.919922842E+02  2.919922846E+02  1.439324078E-03  9.985606778E-01  1.488180636E-03  9.985118212E-01  5.935661820E-05  3.982575133E-02 
         8  1.149997690E+00  1.699993700E+00  6.550001821E+00  2.919477061E+02  2.919477070E+02  5.809839419E-03  9.941901513E-01  6.006169288E-03  9.939938214E-01  2.395949555E-04  3.965160230E-02 
         9  2.599530306E-01  1.699784014E+00  4.769789816E+00  2.919587910E+02  2.919587916E+02  5.408998192E-03  9.945910039E-01  5.591901272E-03  9.944081008E-01  2.230592787E-04  3.966662427E-02 
        10  2.500325889E-01  1.700141952E+00  3.039603904E+00  2.919791656E+02  2.919791661E+02  3.263383701E-03  9.967366182E-01  3.373979310E-03  9.966260226E-01  1.345776328E-04  3.975232235E-02 
        11  2.090000512E+00  6.999920786E-01  2.640018387E+00  2.877118399E+02  2.877118406E+02  2.699002426E-01  7.300997723E-01  2.759557090E-01  7.240443059E-01  1.120835189E-02  2.927221335E-02 
        12  1.930000944E+00  7.000071781E-01  4.849993220E+00  2.887825169E+02  2.887825173E+02  1.922834553E-01  8.077165354E-01  1.973129645E-01  8.026870262E-01  7.973405991E-03  3.235597912E-02 
        13  1.149999460E+00  7.000041210E-01  6.549999896E+00  2.891279311E+02  2.891279319E+02  1.810663224E-01  8.189336850E-01  1.857622369E-01  8.142377706E-01  7.504468391E-03  3.277700346E-02 
        14  2.599937070E-01  6.999245510E-01  4.770022657E+00  2.888952153E+02  2.888952155E+02  1.965263240E-01  8.034736695E-01  2.014691958E-01  7.985307976E-01  8.150203322E-03  3.216415102E-02 
        15  2.500057384E-01  7.000450448E-01  3.040068823E+00  2.883253591E+02  2.883253599E+02  2.260656200E-01  7.739343855E-01  2.315854210E-01  7.684145846E-01  9.381338926E-03  3.101255687E-02 
        16  1.179999658E+00  1.300002449E+00  4.500000716E-01  2.919846416E+02  2.919846418E+02  2.531972249E-03  9.974680276E-01  2.617846371E-03  9.973821535E-01  1.044158354E-04  3.978173594E-02 
        17  2.090000552E+00  1.299991228E+00  2.640042717E+00  2.919999418E+02  2.919999486E+02  1.624948181E-04  9.998374977E-01  1.680191469E-04  9.998319734E-01  6.701295445E-06  3.987735994E-02 
        18  1.930000128E+00  1.300009553E+00  4.849983633E+00  2.919936187E+02  2.919936189E+02  1.113917113E-03  9.988860978E-01  1.151733466E-03  9.988482814E-01  4.593734231E-05  3.983898937E-02 
