nodenumber     x-coordinate     y-coordinate     z-coordinate      temperature total-temperature               n2              air         molef-n2        molef-air concentration-n2 concentration-air 
         1  1.180011401E+00  7.000440735E-01  4.499552279E-01  2.881823278E+02  2.881823280E+02  2.234676061E-01  7.765323921E-01  2.289412458E-01  7.710587523E-01  9.281444577E-03  3.113277537E-02 
         2  1.150002942E+00  1.299996259E+00  6.549998111E+00  2.919562126E+02  2.919562136E+02  4.392121756E-03  9.956078633E-01  4.540712748E-03  9.954592724E-01  1.811325809E-04  3.970890200E-02 
         3  2.599979183E-01  1.299834635E+00  4.769962194E+00  2.919599125E+02  2.919599128E+02  5.014078389E-03  9.949859058E-01  5.183673609E-03  9.948163106E-01  2.067753750E-04  3.968275356E-02 
         4  2.499957813E-01  1.300216226E+00  3.040010943E+00  2.919861638E+02  2.919861640E+02  2.280294038E-03  9.977197060E-01  2.357651958E-03  9.976423480E-01  9.403721405E-05  3.979190663E-02 
         5  1.179989316E+00  1.700000987E+00  4.500025386E-01  2.919826015E+02  2.919826017E+02  2.962444340E-03  9.970375326E-01  3.062873421E-03  9.969371035E-01  1.221671092E-04  3.976426151E-02 
         6  2.090000749E+00  1.699988964E+00  2.640041275E+00  2.919981337E+02  2.919981350E+02  4.509176726E-04  9.995490861E-01  4.662432389E-04  9.995337605E-01  1.859580786E-05  3.986571329E-02 
         7  1.929998960E+00  1.700096390E+00  4.850038151E+00  2.919942393E+02  2.919942397E+02  1.233358404E-03  9.987666435E-01  1.275240282E-03  9.987247616E-01  5.086286789E-05  3.983397802E-02 
         8  1.149997690E+00  1.699993700E+00  6.550001821E+00  2.919578983E+02  2.919578996E+02  4.291407844E-03  9.957085828E-01  4.436541518E-03  9.955634492E-01  1.769786796E-04  3.971282612E-02 
         9  2.599530306E-01  1.699784014E+00  4.769789816E+00  2.919525121E+02  2.919525127E+02  6.241847896E-03  9.937581542E-01  6.452730106E-03  9.935472720E-01  2.574030271E-04  3.963313841E-02 
        10  2.500325889E-01  1.700141952E+00  3.039603904E+00  2.919819841E+02  2.919819845E+02  3.140334802E-03  9.968596671E-01  3.246772976E-03  9.967532289E-01  1.295025340E-04  3.975701242E-02 
        11  2.090000512E+00  6.999920786E-01  2.640018387E+00  2.870481077E+02  2.870481085E+02  3.041648114E-01  6.958352035E-01  3.107994465E-01  6.892005684E-01  1.264452681E-02  2.792958603E-02 
        12  1.930000944E+00  7.000071781E-01  4.849993220E+00  2.893823896E+02  2.893823899E+02  1.561410064E-01  8.438589843E-01  1.603463893E-01  8.396536014E-01  6.471420294E-03  3.377448158E-02 
        13  1.149999460E+00  7.000041210E-01  6.549999896E+00  2.892428734E+02  2.892428740E+02  1.717790639E-01  8.282209436E-01  1.762629665E-01  8.237370410E-01  7.119782751E-03  3.314573080E-02 
        14  2.599937070E-01  6.999245510E-01  4.770022657E+00  2.885767321E+02  2.885767327E+02  2.155692681E-01  7.844307254E-01  2.210477246E-01  7.789522689E-01  8.938069308E-03  3.142014611E-02 
        15  2.500057384E-01  7.000450448E-01  3.040068823E+00  2.889037504E+02  2.889037511E+02  1.905572204E-01  8.094427852E-01  1.954557568E-01  8.045442488E-01  7.901167021E-03  3.241158582E-02 
        16  1.179999658E+00  1.300002449E+00  4.500000716E-01  2.919839867E+02  2.919839868E+02  2.697529570E-03  9.973024703E-01  2.789003554E-03  9.972109963E-01  1.112428737E-04  3.977499836E-02 
        17  2.090000552E+00  1.299991228E+00  2.640042717E+00  2.919994106E+02  2.919994175E+02  2.377066813E-04  9.997622859E-01  2.457873611E-04  9.997542052E-01  9.803030872E-06  3.987433076E-02 
        18  1.930000128E+00  1.300009553E+00  4.849983633E+00  2.919959634E+02  2.919959636E+02  8.750218850E-04  9.991249930E-01  9.047453874E-04  9.990952695E-01  3.608553535E-05  3.984852090E-02 
