nodenumber     x-coordinate     y-coordinate     z-coordinate      temperature total-temperature               n2              air         molef-n2        molef-air concentration-n2 concentration-air 
         1  1.180011401E+00  7.000440735E-01  4.499552279E-01  2.911273394E+02  2.911273396E+02  2.223304980E-02  9.777669483E-01  2.296000756E-02  9.770399906E-01  9.207070610E-04  3.908324879E-02 
         2  1.150002942E+00  1.299996259E+00  6.549998111E+00  2.920006430E+02  2.920006432E+02  9.859664693E-06  9.999901254E-01  1.019493871E-05  9.999897902E-01  4.066147926E-07  3.988355825E-02 
         3  2.599979183E-01  1.299834635E+00  4.769962194E+00  2.919988011E+02  2.919988013E+02  1.049796478E-04  9.998950045E-01  1.085490217E-04  9.998914351E-01  4.329399442E-06  3.987988697E-02 
         4  2.499957813E-01  1.300216226E+00  3.040010943E+00  2.919992135E+02  2.919992138E+02  1.207742483E-04  9.998792258E-01  1.248806004E-04  9.998751194E-01  4.980761881E-06  3.987918054E-02 
         5  1.179989316E+00  1.700000987E+00  4.500025386E-01  2.920004916E+02  2.920004918E+02  2.765268046E-05  9.999723243E-01  2.859298074E-05  9.999713840E-01  1.140402163E-06  3.988284448E-02 
         6  2.090000749E+00  1.699988964E+00  2.640041275E+00  2.919999267E+02  2.919999280E+02  2.248504681E-05  9.999775187E-01  2.324963357E-05  9.999767541E-01  9.272903272E-07  3.988313690E-02 
         7  1.929998960E+00  1.700096390E+00  4.850038151E+00  2.920006260E+02  2.920006262E+02  6.694049629E-09  9.999999952E-01  6.921682035E-09  9.999999949E-01  2.760641185E-10  3.988396824E-02 
         8  1.149997690E+00  1.699993700E+00  6.550001821E+00  2.919999976E+02  2.919999981E+02  2.849538566E-05  9.999714953E-01  2.946432856E-05  9.999705264E-01  1.175158584E-06  3.988287830E-02 
         9  2.599530306E-01  1.699784014E+00  4.769789816E+00  2.920005812E+02  2.920005815E+02  2.596450314E-06  9.999974056E-01  2.684742788E-06  9.999973174E-01  1.070782128E-07  3.988386757E-02 
        10  2.500325889E-01  1.700141952E+00  3.039603904E+00  2.920005914E+02  2.920005917E+02  1.489776744E-06  9.999985121E-01  1.540436745E-06  9.999984614E-01  6.143873713E-08  3.988391181E-02 
        11  2.090000512E+00  6.999920786E-01  2.640018387E+00  2.905339832E+02  2.905339842E+02  3.964007523E-02  9.603599397E-01  4.091133850E-02  9.590886764E-01  1.643056977E-03  3.844264788E-02 
        12  1.930000944E+00  7.000071781E-01  4.849993220E+00  2.908022543E+02  2.908022546E+02  3.861325166E-02  9.613867390E-01  3.983559549E-02  9.601643952E-01  1.600438301E-03  3.844845299E-02 
        13  1.149999460E+00  7.000041210E-01  6.549999896E+00  2.907963003E+02  2.907963008E+02  4.074592496E-02  9.592540825E-01  4.204182694E-02  9.579581805E-01  1.687650412E-03  3.836189466E-02 
        14  2.599937070E-01  6.999245510E-01  4.770022657E+00  2.909869267E+02  2.909869273E+02  2.656254613E-02  9.734374473E-01  2.743417090E-02  9.725658226E-01  1.099190162E-03  3.892388993E-02 
        15  2.500057384E-01  7.000450448E-01  3.040068823E+00  2.911240593E+02  2.911240596E+02  3.034659731E-02  9.696534083E-01  3.131290501E-02  9.686871006E-01  1.256014999E-03  3.874832774E-02 
        16  1.179999658E+00  1.300002449E+00  4.500000716E-01  2.920001746E+02  2.920001747E+02  1.154437538E-04  9.998845561E-01  1.193689350E-04  9.998806309E-01  4.760915066E-06  3.987926910E-02 
        17  2.090000552E+00  1.299991228E+00  2.640042717E+00  2.920006069E+02  2.920006145E+02  7.702201225E-06  9.999922903E-01  7.964112274E-06  9.999920284E-01  3.176406435E-07  3.988365274E-02 
        18  1.930000128E+00  1.300009553E+00  4.849983633E+00  2.920007231E+02  2.920007232E+02  4.865272363E-06  9.999951496E-01  5.030715408E-06  9.999949842E-01  2.006448819E-07  3.988375565E-02 
