nodenumber     x-coordinate     y-coordinate     z-coordinate      temperature total-temperature               n2              air         molef-n2        molef-air concentration-n2 concentration-air 
         1  1.180011401E+00  7.000440735E-01  4.499552279E-01  2.910048380E+02  2.910048381E+02  1.985871218E-02  9.801412860E-01  2.051697445E-02  9.794830237E-01  8.218946629E-04  3.919871822E-02 
         2  1.150002942E+00  1.299996259E+00  6.549998111E+00  2.919983923E+02  2.919983926E+02  6.379932879E-05  9.999361858E-01  6.596864968E-05  9.999340164E-01  2.631117931E-06  3.988164117E-02 
         3  2.599979183E-01  1.299834635E+00  4.769962194E+00  2.919925730E+02  2.919925732E+02  3.184018525E-04  9.996815823E-01  3.292251273E-04  9.996707590E-01  1.313120725E-05  3.987193588E-02 
         4  2.499957813E-01  1.300216226E+00  3.040010943E+00  2.919907752E+02  2.919907753E+02  5.938109301E-04  9.994061891E-01  6.139898267E-04  9.993860102E-01  2.448925724E-05  3.986082467E-02 
         5  1.179989316E+00  1.700000987E+00  4.500025386E-01  2.920004970E+02  2.920004971E+02  1.876726216E-05  9.999812097E-01  1.940543094E-05  9.999805715E-01  7.739659902E-07  3.988321019E-02 
         6  2.090000749E+00  1.699988964E+00  2.640041275E+00  2.919987612E+02  2.919987625E+02  4.499875221E-05  9.999550050E-01  4.652885863E-05  9.999534749E-01  1.855769567E-06  3.988236761E-02 
         7  1.929998960E+00  1.700096390E+00  4.850038151E+00  2.920006258E+02  2.920006260E+02  2.206511904E-08  9.999999798E-01  2.281544750E-08  9.999999790E-01  9.099704998E-10  3.988396764E-02 
         8  1.149997690E+00  1.699993700E+00  6.550001821E+00  2.920000959E+02  2.920000964E+02  1.531358385E-05  9.999846771E-01  1.583430660E-05  9.999841564E-01  6.315375429E-07  3.988340849E-02 
         9  2.599530306E-01  1.699784014E+00  4.769789816E+00  2.919994632E+02  2.919994635E+02  4.147716409E-05  9.999585249E-01  4.288752824E-05  9.999571146E-01  1.710533148E-06  3.988241683E-02 
        10  2.500325889E-01  1.700141952E+00  3.039603904E+00  2.920002363E+02  2.920002365E+02  1.933591624E-05  9.999806659E-01  1.999341646E-05  9.999800084E-01  7.974183180E-07  3.988322433E-02 
        11  2.090000512E+00  6.999920786E-01  2.640018387E+00  2.905317515E+02  2.905317524E+02  3.081507942E-02  9.691849355E-01  3.182136683E-02  9.681786481E-01  1.277037849E-03  3.880879933E-02 
        12  1.930000944E+00  7.000071781E-01  4.849993220E+00  2.912216287E+02  2.912216290E+02  2.441775374E-02  9.755822369E-01  2.521872273E-02  9.747812680E-01  1.009615428E-03  3.898116361E-02 
        13  1.149999460E+00  7.000041210E-01  6.549999896E+00  2.916563670E+02  2.916563672E+02  1.080019811E-02  9.891998093E-01  1.115893922E-02  9.888410682E-01  4.462032122E-04  3.948491355E-02 
        14  2.599937070E-01  6.999245510E-01  4.770022657E+00  2.915243692E+02  2.915243695E+02  1.280948286E-02  9.871905106E-01  1.323712788E-02  9.867628656E-01  5.291795325E-04  3.941999891E-02 
        15  2.500057384E-01  7.000450448E-01  3.040068823E+00  2.912695873E+02  2.912695877E+02  1.940956388E-02  9.805904417E-01  2.004624372E-02  9.799537619E-01  8.028339473E-04  3.918138770E-02 
        16  1.179999658E+00  1.300002449E+00  4.500000716E-01  2.919991889E+02  2.919991889E+02  1.060587783E-04  9.998939411E-01  1.096649125E-04  9.998903350E-01  4.373894761E-06  3.987979077E-02 
        17  2.090000552E+00  1.299991228E+00  2.640042717E+00  2.920001651E+02  2.920001728E+02  1.601811230E-05  9.999839744E-01  1.656279623E-05  9.999834298E-01  6.605921232E-07  3.988337014E-02 
        18  1.930000128E+00  1.300009553E+00  4.849983633E+00  2.920002873E+02  2.920002874E+02  1.075111279E-05  9.999892638E-01  1.111669976E-05  9.999888982E-01  4.433791299E-07  3.988357245E-02 
