nodenumber     x-coordinate     y-coordinate     z-coordinate      temperature total-temperature               n2              air         molef-n2        molef-air concentration-n2 concentration-air 
         1  1.180011401E+00  7.000440735E-01  4.499552279E-01  2.886228640E+02  2.886228642E+02  1.997784793E-01  8.002215189E-01  2.046829727E-01  7.953170254E-01  8.296038886E-03  3.205690614E-02 
         2  1.150002942E+00  1.299996259E+00  6.549998111E+00  2.919556217E+02  2.919556226E+02  4.656356115E-03  9.953436290E-01  4.813847405E-03  9.951861377E-01  1.920282443E-04  3.969808707E-02 
         3  2.599979183E-01  1.299834635E+00  4.769962194E+00  2.919697896E+02  2.919697899E+02  3.889736175E-03  9.961102480E-01  4.021472410E-03  9.959785118E-01  1.604093760E-04  3.972777009E-02 
         4  2.499957813E-01  1.300216226E+00  3.040010943E+00  2.919829388E+02  2.919829390E+02  2.678486222E-03  9.973215138E-01  2.769313868E-03  9.972306861E-01  1.104580086E-04  3.977592638E-02 
         5  1.179989316E+00  1.700000987E+00  4.500025386E-01  2.919793694E+02  2.919793697E+02  3.399301045E-03  9.966006759E-01  3.514487224E-03  9.964854897E-01  1.401819363E-04  3.974668822E-02 
         6  2.090000749E+00  1.699988964E+00  2.640041275E+00  2.919999349E+02  2.919999366E+02  1.349133863E-04  9.998650903E-01  1.395002334E-04  9.998605035E-01  5.563841491E-06  3.987849922E-02 
         7  1.929998960E+00  1.700096390E+00  4.850038151E+00  2.919895716E+02  2.919895720E+02  1.839444641E-03  9.981605572E-01  1.901867488E-03  9.980981344E-01  7.585711051E-05  3.980962137E-02 
         8  1.149997690E+00  1.699993700E+00  6.550001821E+00  2.919371526E+02  2.919371537E+02  6.433439357E-03  9.935665513E-01  6.650635891E-03  9.933493548E-01  2.653158904E-04  3.962732351E-02 
         9  2.599530306E-01  1.699784014E+00  4.769789816E+00  2.919610794E+02  2.919610799E+02  5.237367829E-03  9.947626343E-01  5.414493412E-03  9.945855087E-01  2.159809938E-04  3.967338990E-02 
        10  2.500325889E-01  1.700141952E+00  3.039603904E+00  2.919769373E+02  2.919769377E+02  3.704692115E-03  9.962953097E-01  3.830185128E-03  9.961698167E-01  1.527754731E-04  3.973442892E-02 
        11  2.090000512E+00  6.999920786E-01  2.640018387E+00  2.878963026E+02  2.878963034E+02  2.586128260E-01  7.413871889E-01  2.644368799E-01  7.355631350E-01  1.073931543E-02  2.971553753E-02 
        12  1.930000944E+00  7.000071781E-01  4.849993220E+00  2.892952325E+02  2.892952328E+02  1.617782530E-01  8.382217377E-01  1.661155130E-01  8.338844777E-01  6.705374448E-03  3.355263535E-02 
        13  1.149999460E+00  7.000041210E-01  6.549999896E+00  2.890000560E+02  2.890000566E+02  1.864187752E-01  8.135812322E-01  1.912839352E-01  8.087160722E-01  7.726777821E-03  3.257233960E-02 
        14  2.599937070E-01  6.999245510E-01  4.770022657E+00  2.887910071E+02  2.887910075E+02  2.049523124E-01  7.950476811E-01  2.101668699E-01  7.898331236E-01  8.496376059E-03  3.183208310E-02 
        15  2.500057384E-01  7.000450448E-01  3.040068823E+00  2.886992184E+02  2.886992192E+02  1.986400731E-01  8.013599325E-01  2.037029518E-01  7.962970538E-01  8.240290371E-03  3.210110973E-02 
        16  1.179999658E+00  1.300002449E+00  4.500000716E-01  2.919850961E+02  2.919850963E+02  2.548820602E-03  9.974511793E-01  2.635264421E-03  9.973647355E-01  1.051104171E-04  3.978097927E-02 
        17  2.090000552E+00  1.299991228E+00  2.640042717E+00  2.920003964E+02  2.920004032E+02  8.008448599E-05  9.999199081E-01  8.280733338E-05  9.999171852E-01  3.302692678E-06  3.988069645E-02 
        18  1.930000128E+00  1.300009553E+00  4.849983633E+00  2.919956333E+02  2.919956334E+02  8.468816031E-04  9.991531333E-01  8.756505729E-04  9.991243643E-01  3.492512409E-05  3.984972640E-02 
