nodenumber     x-coordinate     y-coordinate     z-coordinate      temperature total-temperature               n2              air         molef-n2        molef-air concentration-n2 concentration-air 
         1  1.180011401E+00  7.000440735E-01  4.499552279E-01  2.883573813E+02  2.883573814E+02  1.617416398E-01  8.382583584E-01  1.661009770E-01  8.338990212E-01  6.731666230E-03  3.365812978E-02 
         2  1.150002942E+00  1.299996259E+00  6.549998111E+00  2.920000889E+02  2.920000894E+02  6.978114564E-05  9.999302040E-01  7.215375460E-05  9.999278313E-01  2.877789579E-06  3.988116275E-02 
         3  2.599979183E-01  1.299834635E+00  4.769962194E+00  2.919890868E+02  2.919890871E+02  1.656042073E-03  9.983439421E-01  1.712249610E-03  9.982877346E-01  6.829430746E-05  3.981724899E-02 
         4  2.499957813E-01  1.300216226E+00  3.040010943E+00  2.919780012E+02  2.919780014E+02  2.737796977E-03  9.972622030E-01  2.830622819E-03  9.971693772E-01  1.129056398E-04  3.977415328E-02 
         5  1.179989316E+00  1.700000987E+00  4.500025386E-01  2.919971255E+02  2.919971257E+02  7.594562088E-04  9.992405207E-01  7.852609112E-04  9.992147160E-01  3.131970497E-05  3.985312496E-02 
         6  2.090000749E+00  1.699988964E+00  2.640041275E+00  2.920004743E+02  2.920004758E+02  2.928146092E-05  9.999707223E-01  3.027714618E-05  9.999697266E-01  1.207573500E-06  3.988278182E-02 
         7  1.929998960E+00  1.700096390E+00  4.850038151E+00  2.920006314E+02  2.920006318E+02  5.001614221E-06  9.999950002E-01  5.171692539E-06  9.999948302E-01  2.062676017E-07  3.988376151E-02 
         8  1.149997690E+00  1.699993700E+00  6.550001821E+00  2.919985264E+02  2.919985271E+02  1.902234582E-04  9.998097672E-01  1.966898503E-04  9.998033008E-01  7.844868573E-06  3.987640954E-02 
         9  2.599530306E-01  1.699784014E+00  4.769789816E+00  2.919981104E+02  2.919981109E+02  3.746857001E-04  9.996253164E-01  3.874210715E-04  9.996125810E-01  1.545204819E-05  3.986886009E-02 
        10  2.500325889E-01  1.700141952E+00  3.039603904E+00  2.919679674E+02  2.919679679E+02  4.752600399E-03  9.952474015E-01  4.913399044E-03  9.950866028E-01  1.959884434E-04  3.969244139E-02 
        11  2.090000512E+00  6.999920786E-01  2.640018387E+00  2.881596273E+02  2.881596282E+02  1.662701789E-01  8.337298360E-01  1.707693768E-01  8.292306381E-01  6.917878819E-03  3.349894302E-02 
        12  1.930000944E+00  7.000071781E-01  4.849993220E+00  2.886556611E+02  2.886556614E+02  1.650064498E-01  8.349935409E-01  1.693107604E-01  8.306892303E-01  6.862622558E-03  3.348579442E-02 
        13  1.149999460E+00  7.000041210E-01  6.549999896E+00  2.899762433E+02  2.899762438E+02  1.044699765E-01  8.955300309E-01  1.074713429E-01  8.925286646E-01  4.330683354E-03  3.583271711E-02 
        14  2.599937070E-01  6.999245510E-01  4.770022657E+00  2.892832472E+02  2.892832479E+02  1.232297216E-01  8.767702719E-01  1.267693424E-01  8.732306511E-01  5.115420132E-03  3.514415929E-02 
        15  2.500057384E-01  7.000450448E-01  3.040068823E+00  2.881703384E+02  2.881703389E+02  1.991891519E-01  8.008108536E-01  2.042923623E-01  7.957076432E-01  8.281867851E-03  3.213411557E-02 
        16  1.179999658E+00  1.300002449E+00  4.500000716E-01  2.919980724E+02  2.919980725E+02  6.162195718E-04  9.993837803E-01  6.371607376E-04  9.993628391E-01  2.541272401E-05  3.985890444E-02 
        17  2.090000552E+00  1.299991228E+00  2.640042717E+00  2.920007928E+02  2.920008004E+02  1.223453486E-05  9.999877580E-01  1.265056240E-05  9.999873420E-01  5.045544574E-07  3.988344044E-02 
        18  1.930000128E+00  1.300009553E+00  4.849983633E+00  2.920007320E+02  2.920007322E+02  4.095194437E-05  9.999590630E-01  4.234443856E-05  9.999576705E-01  1.688863954E-06  3.988226621E-02 
