nodenumber     x-coordinate     y-coordinate     z-coordinate      temperature total-temperature               n2              air         molef-n2        molef-air concentration-n2 concentration-air 
         1  1.180011401E+00  7.000440735E-01  4.499552279E-01  2.880276432E+02  2.880276433E+02  2.251243716E-01  7.748756265E-01  2.306813476E-01  7.693186506E-01  9.353860342E-03  3.108195139E-02 
         2  1.150002942E+00  1.299996259E+00  6.549998111E+00  2.919780308E+02  2.919780315E+02  2.761509282E-03  9.972384758E-01  2.855116600E-03  9.971448685E-01  1.138831943E-04  3.977317050E-02 
         3  2.599979183E-01  1.299834635E+00  4.769962194E+00  2.919546090E+02  2.919546093E+02  5.304019789E-03  9.946959644E-01  5.483380498E-03  9.945166037E-01  2.187340913E-04  3.967151944E-02 
         4  2.499957813E-01  1.300216226E+00  3.040010943E+00  2.919887141E+02  2.919887144E+02  1.976176321E-03  9.980238237E-01  2.043236989E-03  9.979567630E-01  8.149580598E-05  3.980409967E-02 
         5  1.179989316E+00  1.700000987E+00  4.500025386E-01  2.919900301E+02  2.919900304E+02  1.946858474E-03  9.980531185E-01  2.012925482E-03  9.979870515E-01  8.028644764E-05  3.980512741E-02 
         6  2.090000749E+00  1.699988964E+00  2.640041275E+00  2.919980702E+02  2.919980717E+02  4.394475593E-04  9.995605562E-01  4.543834183E-04  9.995456203E-01  1.812279273E-05  3.986619497E-02 
         7  1.929998960E+00  1.700096390E+00  4.850038151E+00  2.920006293E+02  2.920006297E+02  9.497093529E-06  9.999905048E-01  9.820035637E-06  9.999901818E-01  3.916619388E-07  3.988357640E-02 
         8  1.149997690E+00  1.699993700E+00  6.550001821E+00  2.919619022E+02  2.919619030E+02  4.707860767E-03  9.952921299E-01  4.867136256E-03  9.951328544E-01  1.941476605E-04  3.969510993E-02 
         9  2.599530306E-01  1.699784014E+00  4.769789816E+00  2.919439192E+02  2.919439198E+02  6.811352350E-03  9.931886497E-01  7.041322221E-03  9.929586799E-01  2.808911254E-04  3.961082445E-02 
        10  2.500325889E-01  1.700141952E+00  3.039603904E+00  2.919829414E+02  2.919829419E+02  3.100946139E-03  9.968990557E-01  3.206051990E-03  9.967939499E-01  1.278779341E-04  3.975850626E-02 
        11  2.090000512E+00  6.999920786E-01  2.640018387E+00  2.871816305E+02  2.871816313E+02  2.941101995E-01  7.058898154E-01  3.006214499E-01  6.993785650E-01  1.222558989E-02  2.832966993E-02 
        12  1.930000944E+00  7.000071781E-01  4.849993220E+00  2.885301879E+02  2.885301883E+02  2.037097179E-01  7.962902728E-01  2.089312001E-01  7.910687906E-01  8.452759657E-03  3.191212584E-02 
        13  1.149999460E+00  7.000041210E-01  6.549999896E+00  2.885022905E+02  2.885022912E+02  2.095428089E-01  7.904571985E-01  2.148551566E-01  7.851448508E-01  8.693848317E-03  3.167496676E-02 
        14  2.599937070E-01  6.999245510E-01  4.770022657E+00  2.887939301E+02  2.887939305E+02  2.017290991E-01  7.982708944E-01  2.069176170E-01  7.930823765E-01  8.363474871E-03  3.196453128E-02 
        15  2.500057384E-01  7.000450448E-01  3.040068823E+00  2.885341422E+02  2.885341431E+02  1.987493460E-01  8.012506596E-01  2.037410400E-01  7.962589656E-01  8.252897907E-03  3.211201477E-02 
        16  1.179999658E+00  1.300002449E+00  4.500000716E-01  2.919894950E+02  2.919894951E+02  1.955054662E-03  9.980449452E-01  2.021401826E-03  9.979785981E-01  8.062461348E-05  3.980486418E-02 
        17  2.090000552E+00  1.299991228E+00  2.640042717E+00  2.919995319E+02  2.919995396E+02  2.075613606E-04  9.997924312E-01  2.146174514E-04  9.997853751E-01  8.559842172E-06  3.987555738E-02 
        18  1.930000128E+00  1.300009553E+00  4.849983633E+00  2.920008151E+02  2.920008153E+02  5.927291491E-05  9.999407420E-01  6.128834999E-05  9.999387266E-01  2.444421132E-06  3.988149930E-02 
