nodenumber     x-coordinate     y-coordinate     z-coordinate      temperature total-temperature               n2              air         molef-n2        molef-air concentration-n2 concentration-air 
         1  1.180011401E+00  7.000440735E-01  4.499552279E-01  2.911735478E+02  2.911735479E+02  1.935670885E-02  9.806432893E-01  1.999699948E-02  9.800029987E-01  8.008957693E-04  3.919656628E-02 
         2  1.150002942E+00  1.299996259E+00  6.549998111E+00  2.920006159E+02  2.920006161E+02  7.592073796E-06  9.999923930E-01  7.850240360E-06  9.999921349E-01  3.130989078E-07  3.988365546E-02 
         3  2.599979183E-01  1.299834635E+00  4.769962194E+00  2.919958920E+02  2.919958922E+02  2.129397756E-04  9.997870444E-01  2.201790222E-04  9.997798051E-01  8.781774634E-06  3.987583195E-02 
         4  2.499957813E-01  1.300216226E+00  3.040010943E+00  2.919957809E+02  2.919957811E+02  2.686625795E-04  9.997313374E-01  2.777957336E-04  9.997222043E-01  1.107979418E-05  3.987355037E-02 
         5  1.179989316E+00  1.700000987E+00  4.500025386E-01  2.920005019E+02  2.920005021E+02  2.285548286E-05  9.999771215E-01  2.363266706E-05  9.999763443E-01  9.425649705E-07  3.988304091E-02 
         6  2.090000749E+00  1.699988964E+00  2.640041275E+00  2.919994446E+02  2.919994459E+02  2.946520164E-05  9.999705385E-01  3.046713290E-05  9.999695366E-01  1.215156297E-06  3.988291488E-02 
         7  1.929998960E+00  1.700096390E+00  4.850038151E+00  2.920006263E+02  2.920006265E+02  8.503941822E-09  9.999999934E-01  8.793119949E-09  9.999999931E-01  3.507044821E-10  3.988396813E-02 
         8  1.149997690E+00  1.699993700E+00  6.550001821E+00  2.920003225E+02  2.920003229E+02  1.032968076E-05  9.999896610E-01  1.068093561E-05  9.999893098E-01  4.259990234E-07  3.988358308E-02 
         9  2.599530306E-01  1.699784014E+00  4.769789816E+00  2.920001592E+02  2.920001595E+02  2.021520117E-05  9.999797869E-01  2.090260659E-05  9.999790995E-01  8.336803894E-07  3.988319862E-02 
        10  2.500325889E-01  1.700141952E+00  3.039603904E+00  2.920004048E+02  2.920004050E+02  1.341523023E-05  9.999865866E-01  1.387140840E-05  9.999861305E-01  5.532473856E-07  3.988344549E-02 
        11  2.090000512E+00  6.999920786E-01  2.640018387E+00  2.907335998E+02  2.907336011E+02  2.902914006E-02  9.709708748E-01  2.997607388E-02  9.700239410E-01  1.202590481E-03  3.885546457E-02 
        12  1.930000944E+00  7.000071781E-01  4.849993220E+00  2.912480934E+02  2.912480935E+02  2.704257189E-02  9.729574188E-01  2.792606183E-02  9.720739289E-01  1.118006169E-03  3.886916354E-02 
        13  1.149999460E+00  7.000041210E-01  6.549999896E+00  2.914632535E+02  2.914632539E+02  1.722696190E-02  9.827730455E-01  1.779481693E-02  9.822051905E-01  7.120109505E-04  3.924559597E-02 
        14  2.599937070E-01  6.999245510E-01  4.770022657E+00  2.911949930E+02  2.911949937E+02  2.003103831E-02  9.799689552E-01  2.069459033E-02  9.793054032E-01  8.283272244E-04  3.916608801E-02 
        15  2.500057384E-01  7.000450448E-01  3.040068823E+00  2.911280300E+02  2.911280303E+02  2.880644716E-02  9.711935584E-01  2.973254367E-02  9.702674619E-01  1.191912180E-03  3.881182525E-02 
        16  1.179999658E+00  1.300002449E+00  4.500000716E-01  2.920000654E+02  2.920000655E+02  7.719274872E-05  9.999228071E-01  7.981748128E-05  9.999201824E-01  3.183444503E-06  3.988086149E-02 
        17  2.090000552E+00  1.299991228E+00  2.640042717E+00  2.920004267E+02  2.920004344E+02  1.022983655E-05  9.999897627E-01  1.057769708E-05  9.999894149E-01  4.218813732E-07  3.988357312E-02 
        18  1.930000128E+00  1.300009553E+00  4.849983633E+00  2.920006547E+02  2.920006548E+02  5.243138156E-06  9.999947718E-01  5.421430382E-06  9.999945935E-01  2.162282273E-07  3.988374941E-02 
