nodenumber     x-coordinate     y-coordinate     z-coordinate      temperature total-temperature               n2              air         molef-n2        molef-air concentration-n2 concentration-air 
         1  1.180011401E+00  7.000440735E-01  4.499552279E-01  2.876418830E+02  2.876418831E+02  2.550012129E-01  7.449987853E-01  2.610330749E-01  7.389669233E-01  1.059868808E-02  2.989160663E-02 
         2  1.150002942E+00  1.299996259E+00  6.549998111E+00  2.919959025E+02  2.919959031E+02  5.442826181E-04  9.994557025E-01  5.627757825E-04  9.994372093E-01  2.244626983E-05  3.986216611E-02 
         3  2.599979183E-01  1.299834635E+00  4.769962194E+00  2.919741770E+02  2.919741773E+02  3.451591022E-03  9.965483931E-01  3.568521192E-03  9.964314630E-01  1.423406449E-04  3.974523946E-02 
         4  2.499957813E-01  1.300216226E+00  3.040010943E+00  2.919846939E+02  2.919846942E+02  2.483581223E-03  9.975164188E-01  2.567808735E-03  9.974321913E-01  1.024203416E-04  3.978372430E-02 
         5  1.179989316E+00  1.700000987E+00  4.500025386E-01  2.919848311E+02  2.919848312E+02  2.717517088E-03  9.972824599E-01  2.809666626E-03  9.971903103E-01  1.120667260E-04  3.977405734E-02 
         6  2.090000749E+00  1.699988964E+00  2.640041275E+00  2.919995490E+02  2.919995505E+02  1.960489806E-04  9.998039547E-01  2.027141060E-04  9.997972896E-01  8.085077669E-06  3.987603069E-02 
         7  1.929998960E+00  1.700096390E+00  4.850038151E+00  2.920006258E+02  2.920006262E+02  1.004479768E-05  9.999899571E-01  1.038636328E-05  9.999896155E-01  4.142493425E-07  3.988355430E-02 
         8  1.149997690E+00  1.699993700E+00  6.550001821E+00  2.919940920E+02  2.919940929E+02  7.147069094E-04  9.992852838E-01  7.389839955E-04  9.992610067E-01  2.947458844E-05  3.985538555E-02 
         9  2.599530306E-01  1.699784014E+00  4.769789816E+00  2.919674020E+02  2.919674024E+02  4.796596243E-03  9.952034059E-01  4.958876286E-03  9.950411258E-01  1.978028181E-04  3.969070428E-02 
        10  2.500325889E-01  1.700141952E+00  3.039603904E+00  2.919800576E+02  2.919800580E+02  3.520057304E-03  9.964799446E-01  3.639312864E-03  9.963606890E-01  1.451607228E-04  3.974161741E-02 
        11  2.090000512E+00  6.999920786E-01  2.640018387E+00  2.881701245E+02  2.881701254E+02  2.015436285E-01  7.984563864E-01  2.067106924E-01  7.932893225E-01  8.373712778E-03  3.204164242E-02 
        12  1.930000944E+00  7.000071781E-01  4.849993220E+00  2.882467583E+02  2.882467585E+02  2.073300616E-01  7.926699291E-01  2.125093922E-01  7.874905985E-01  8.615929123E-03  3.178938110E-02 
        13  1.149999460E+00  7.000041210E-01  6.549999896E+00  2.887393460E+02  2.887393466E+02  1.960107146E-01  8.039892928E-01  2.010016641E-01  7.989983433E-01  8.132329456E-03  3.220363919E-02 
        14  2.599937070E-01  6.999245510E-01  4.770022657E+00  2.892671709E+02  2.892671715E+02  1.539927605E-01  8.460072330E-01  1.581819958E-01  8.418179977E-01  6.385965431E-03  3.387601624E-02 
        15  2.500057384E-01  7.000450448E-01  3.040068823E+00  2.873420497E+02  2.873420501E+02  2.945549530E-01  7.054450526E-01  3.010644544E-01  6.989355512E-01  1.223854627E-02  2.829421439E-02 
        16  1.179999658E+00  1.300002449E+00  4.500000716E-01  2.919893240E+02  2.919893242E+02  1.994843429E-03  9.980051565E-01  2.062538170E-03  9.979374617E-01  8.226539996E-05  3.980324674E-02 
        17  2.090000552E+00  1.299991228E+00  2.640042717E+00  2.920001810E+02  2.920001887E+02  1.063705012E-04  9.998936220E-01  1.099871062E-04  9.998900054E-01  4.386732731E-06  3.987964183E-02 
        18  1.930000128E+00  1.300009553E+00  4.849983633E+00  2.920007956E+02  2.920007957E+02  6.461406562E-05  9.999354008E-01  6.681110055E-05  9.999332038E-01  2.664690440E-06  3.988128171E-02 
