nodenumber     x-coordinate     y-coordinate     z-coordinate      temperature total-temperature               n2              air         molef-n2        molef-air concentration-n2 concentration-air 
         1  1.180011401E+00  7.000440735E-01  4.499552279E-01  2.881811926E+02  2.881811927E+02  2.311524277E-01  7.688475704E-01  2.367711653E-01  7.632288328E-01  9.597167772E-03  3.081714882E-02 
         2  1.150002942E+00  1.299996259E+00  6.549998111E+00  2.919717156E+02  2.919717164E+02  3.175445659E-03  9.968245394E-01  3.283028593E-03  9.967169565E-01  1.309547772E-04  3.975696168E-02 
         3  2.599979183E-01  1.299834635E+00  4.769962194E+00  2.919835224E+02  2.919835227E+02  2.487702694E-03  9.975122815E-01  2.572077147E-03  9.974279070E-01  1.025907321E-04  3.978371268E-02 
         4  2.499957813E-01  1.300216226E+00  3.040010943E+00  2.919767160E+02  2.919767162E+02  3.438689182E-03  9.965613108E-01  3.555199174E-03  9.964448008E-01  1.418073398E-04  3.974542715E-02 
         5  1.179989316E+00  1.700000987E+00  4.500025386E-01  2.919782697E+02  2.919782698E+02  3.520544031E-03  9.964794329E-01  3.639824347E-03  9.963601526E-01  1.451817712E-04  3.974183861E-02 
         6  2.090000749E+00  1.699988964E+00  2.640041275E+00  2.919982302E+02  2.919982316E+02  4.285743558E-04  9.995714294E-01  4.431411000E-04  9.995568626E-01  1.767438347E-05  3.986662152E-02 
         7  1.929998960E+00  1.700096390E+00  4.850038151E+00  2.919966635E+02  2.919966639E+02  7.638582037E-04  9.992361437E-01  7.898074103E-04  9.992101945E-01  3.150120161E-05  3.985300857E-02 
         8  1.149997690E+00  1.699993700E+00  6.550001821E+00  2.919701909E+02  2.919701921E+02  3.303967642E-03  9.966960230E-01  3.415865717E-03  9.965841250E-01  1.362549637E-04  3.975187026E-02 
         9  2.599530306E-01  1.699784014E+00  4.769789816E+00  2.919689987E+02  2.919689991E+02  4.647361311E-03  9.953526408E-01  4.804633107E-03  9.951953690E-01  1.916486851E-04  3.969664025E-02 
        10  2.500325889E-01  1.700141952E+00  3.039603904E+00  2.919635386E+02  2.919635389E+02  5.528169038E-03  9.944718328E-01  5.715049339E-03  9.942849525E-01  2.279687905E-04  3.966106612E-02 
        11  2.090000512E+00  6.999920786E-01  2.640018387E+00  2.882135847E+02  2.882135855E+02  2.395610207E-01  7.604389942E-01  2.450669228E-01  7.549330921E-01  9.945774749E-03  3.046464143E-02 
        12  1.930000944E+00  7.000071781E-01  4.849993220E+00  2.890557622E+02  2.890557626E+02  1.743020570E-01  8.256979337E-01  1.789047542E-01  8.210952365E-01  7.227414263E-03  3.306402861E-02 
        13  1.149999460E+00  7.000041210E-01  6.549999896E+00  2.885185811E+02  2.885185817E+02  2.178996186E-01  7.821003888E-01  2.233660606E-01  7.766339469E-01  9.036923186E-03  3.132959420E-02 
        14  2.599937070E-01  6.999245510E-01  4.770022657E+00  2.889158153E+02  2.889158162E+02  1.960315365E-01  8.039684570E-01  2.010344231E-01  7.989655704E-01  8.126234291E-03  3.218486056E-02 
        15  2.500057384E-01  7.000450448E-01  3.040068823E+00  2.891784799E+02  2.891784806E+02  1.694436425E-01  8.305563631E-01  1.738887531E-01  8.261112525E-01  7.025208400E-03  3.324925707E-02 
        16  1.179999658E+00  1.300002449E+00  4.500000716E-01  2.919839507E+02  2.919839508E+02  2.745569942E-03  9.972544299E-01  2.838668031E-03  9.971613319E-01  1.132238262E-04  3.977302232E-02 
        17  2.090000552E+00  1.299991228E+00  2.640042717E+00  2.919994549E+02  2.919994617E+02  2.279675736E-04  9.997720250E-01  2.357172152E-04  9.997642753E-01  9.401391057E-06  3.987472634E-02 
        18  1.930000128E+00  1.300009553E+00  4.849983633E+00  2.919963683E+02  2.919963685E+02  7.507582373E-04  9.992492567E-01  7.762630163E-04  9.992237519E-01  3.096103530E-05  3.985359009E-02 
