nodenumber     x-coordinate     y-coordinate     z-coordinate      temperature total-temperature               n2              air         molef-n2        molef-air concentration-n2 concentration-air 
         1  1.180011401E+00  7.000440735E-01  4.499552279E-01  2.919315676E+02  2.919315677E+02  1.054651596E-03  9.989453465E-01  1.090467467E-03  9.989095307E-01  4.350442818E-05  3.984989899E-02 
         2  1.150002942E+00  1.299996259E+00  6.549998111E+00  2.918689085E+02  2.918689097E+02  2.013060749E-03  9.979869244E-01  2.081367159E-03  9.979186179E-01  8.305208096E-05  3.981891464E-02 
         3  2.599979183E-01  1.299834635E+00  4.769962194E+00  2.919578773E+02  2.919578774E+02  5.469732273E-04  9.994530109E-01  5.655623651E-04  9.994344218E-01  2.256025744E-05  3.986724672E-02 
         4  2.499957813E-01  1.300216226E+00  3.040010943E+00  2.919737314E+02  2.919737315E+02  5.252359240E-04  9.994747641E-01  5.430858592E-04  9.994569141E-01  2.166256977E-05  3.986597965E-02 
         5  1.179989316E+00  1.700000987E+00  4.500025386E-01  2.919989643E+02  2.919989645E+02  2.036954079E-05  9.999796074E-01  2.106219498E-05  9.999789148E-01  8.400490629E-07  3.988335345E-02 
         6  2.090000749E+00  1.699988964E+00  2.640041275E+00  2.919979488E+02  2.919979499E+02  4.521297511E-05  9.999547908E-01  4.675035413E-05  9.999532534E-01  1.864612614E-06  3.988246974E-02 
         7  1.929998960E+00  1.700096390E+00  4.850038151E+00  2.919957774E+02  2.919957776E+02  7.873506302E-05  9.999212668E-01  8.141219250E-05  9.999185897E-01  3.247108822E-06  3.988138369E-02 
         8  1.149997690E+00  1.699993700E+00  6.550001821E+00  2.919381339E+02  2.919381346E+02  9.302075419E-04  9.990697831E-01  9.618067679E-04  9.990381839E-01  3.836946874E-05  3.985413582E-02 
         9  2.599530306E-01  1.699784014E+00  4.769789816E+00  2.919852927E+02  2.919852930E+02  2.586657730E-04  9.997413363E-01  2.674593092E-04  9.997325428E-01  1.066792776E-05  3.987539509E-02 
        10  2.500325889E-01  1.700141952E+00  3.039603904E+00  2.919959926E+02  2.919959929E+02  3.046362274E-04  9.996953656E-01  3.149919586E-04  9.996850099E-01  1.256332888E-05  3.987203808E-02 
        11  2.090000512E+00  6.999920786E-01  2.640018387E+00  2.905749277E+02  2.905749292E+02  1.925922197E-02  9.807407929E-01  1.990101135E-02  9.800990036E-01  7.976595274E-04  3.928201057E-02 
        12  1.930000944E+00  7.000071781E-01  4.849993220E+00  2.916943178E+02  2.916943182E+02  3.924096594E-03  9.960758941E-01  4.056919380E-03  9.959430713E-01  1.619987678E-04  3.976385670E-02 
        13  1.149999460E+00  7.000041210E-01  6.549999896E+00  2.915651706E+02  2.915651719E+02  8.168567074E-03  9.918314404E-01  8.442619765E-03  9.915573877E-01  3.375146591E-04  3.960607053E-02 
        14  2.599937070E-01  6.999245510E-01  4.770022657E+00  2.916993687E+02  2.916993690E+02  4.656924085E-03  9.953430694E-01  4.814325368E-03  9.951856681E-01  1.922549649E-04  3.973291124E-02 
        15  2.500057384E-01  7.000450448E-01  3.040068823E+00  2.910674403E+02  2.910674409E+02  1.310589221E-02  9.868941134E-01  1.354537939E-02  9.864546262E-01  5.420260319E-04  3.946982888E-02 
        16  1.179999658E+00  1.300002449E+00  4.500000716E-01  2.919884186E+02  2.919884190E+02  1.627731241E-04  9.998372268E-01  1.683072927E-04  9.998316926E-01  6.713052106E-06  3.987892277E-02 
        17  2.090000552E+00  1.299991228E+00  2.640042717E+00  2.919947148E+02  2.919947202E+02  9.557032099E-05  9.999044222E-01  9.881974417E-05  9.999011728E-01  3.941437255E-06  3.988083377E-02 
        18  1.930000128E+00  1.300009553E+00  4.849983633E+00  2.919904388E+02  2.919904389E+02  1.432501289E-04  9.998567648E-01  1.481206172E-04  9.998518943E-01  5.907855801E-06  3.987945321E-02 
