nodenumber     x-coordinate     y-coordinate     z-coordinate      temperature total-temperature               n2              air         molef-n2        molef-air concentration-n2 concentration-air 
         1  1.180011401E+00  7.000440735E-01  4.499552279E-01  2.879275766E+02  2.879275768E+02  2.282399823E-01  7.717600158E-01  2.338132724E-01  7.661867258E-01  9.486736058E-03  3.096329509E-02 
         2  1.150002942E+00  1.299996259E+00  6.549998111E+00  2.919726422E+02  2.919726430E+02  2.997765809E-03  9.970022193E-01  3.099328172E-03  9.969006569E-01  1.236276439E-04  3.976416224E-02 
         3  2.599979183E-01  1.299834635E+00  4.769962194E+00  2.919628991E+02  2.919628995E+02  4.640671217E-03  9.953593130E-01  4.797707718E-03  9.952022764E-01  1.913769021E-04  3.969774396E-02 
         4  2.499957813E-01  1.300216226E+00  3.040010943E+00  2.919861237E+02  2.919861240E+02  2.399975444E-03  9.976000246E-01  2.481383267E-03  9.975186167E-01  9.897236767E-05  3.978697695E-02 
         5  1.179989316E+00  1.700000987E+00  4.500025386E-01  2.919819348E+02  2.919819350E+02  2.983260601E-03  9.970167163E-01  3.084392665E-03  9.969155843E-01  1.230257264E-04  3.976349398E-02 
         6  2.090000749E+00  1.699988964E+00  2.640041275E+00  2.919991688E+02  2.919991703E+02  2.645394258E-04  9.997354643E-01  2.735323066E-04  9.997264714E-01  1.090961629E-05  3.987325809E-02 
         7  1.929998960E+00  1.700096390E+00  4.850038151E+00  2.919896678E+02  2.919896681E+02  2.065543644E-03  9.979344582E-01  2.135626075E-03  9.978643758E-01  8.518059718E-05  3.980028474E-02 
         8  1.149997690E+00  1.699993700E+00  6.550001821E+00  2.919526159E+02  2.919526170E+02  5.241800478E-03  9.947581902E-01  5.418996928E-03  9.945809938E-01  2.161697263E-04  3.967435671E-02 
         9  2.599530306E-01  1.699784014E+00  4.769789816E+00  2.919545359E+02  2.919545365E+02  5.969374509E-03  9.940306276E-01  6.171109277E-03  9.938288928E-01  2.461672543E-04  3.964409766E-02 
        10  2.500325889E-01  1.700141952E+00  3.039603904E+00  2.919785694E+02  2.919785698E+02  3.692387999E-03  9.963076139E-01  3.817464508E-03  9.961825374E-01  1.522672648E-04  3.973471417E-02 
        11  2.090000512E+00  6.999920786E-01  2.640018387E+00  2.873922056E+02  2.873922063E+02  2.820199214E-01  7.179800935E-01  2.883015843E-01  7.116984306E-01  1.171970042E-02  2.880588978E-02 
        12  1.930000944E+00  7.000071781E-01  4.849993220E+00  2.888739544E+02  2.888739548E+02  1.847869015E-01  8.152130891E-01  1.896548753E-01  8.103451154E-01  7.663096735E-03  3.265361386E-02 
        13  1.149999460E+00  7.000041210E-01  6.549999896E+00  2.890876216E+02  2.890876222E+02  1.824540177E-01  8.175459898E-01  1.871377850E-01  8.128622225E-01  7.563589307E-03  3.272363704E-02 
        14  2.599937070E-01  6.999245510E-01  4.770022657E+00  2.883829331E+02  2.883829337E+02  2.308707318E-01  7.691292617E-01  2.365987612E-01  7.634012323E-01  9.574180846E-03  3.081125548E-02 
        15  2.500057384E-01  7.000450448E-01  3.040068823E+00  2.886244933E+02  2.886244942E+02  2.073072845E-01  7.926927211E-01  2.125242103E-01  7.874757953E-01  8.598548936E-03  3.175325290E-02 
        16  1.179999658E+00  1.300002449E+00  4.500000716E-01  2.919854596E+02  2.919854597E+02  2.463310225E-03  9.975366897E-01  2.546861717E-03  9.974531382E-01  1.015842414E-04  3.978445579E-02 
        17  2.090000552E+00  1.299991228E+00  2.640042717E+00  2.920002671E+02  2.920002738E+02  9.924488040E-05  9.999007477E-01  1.026191495E-04  9.998973734E-01  4.092869461E-06  3.987992393E-02 
        18  1.930000128E+00  1.300009553E+00  4.849983633E+00  2.919937979E+02  2.919937980E+02  1.210089461E-03  9.987899254E-01  1.251179747E-03  9.987488352E-01  4.990337923E-05  3.983499885E-02 
