nodenumber     x-coordinate     y-coordinate     z-coordinate      temperature total-temperature               n2              air         molef-n2        molef-air concentration-n2 concentration-air 
         1  1.180011401E+00  7.000440735E-01  4.499552279E-01  2.889480950E+02  2.889480951E+02  1.786319913E-01  8.213680068E-01  1.832399261E-01  8.167600720E-01  7.412207116E-03  3.289473271E-02 
         2  1.150002942E+00  1.299996259E+00  6.549998111E+00  2.919678242E+02  2.919678250E+02  3.536643005E-03  9.964633421E-01  3.656406671E-03  9.963435784E-01  1.458506460E-04  3.974259746E-02 
         3  2.599979183E-01  1.299834635E+00  4.769962194E+00  2.919635556E+02  2.919635559E+02  4.470843167E-03  9.955291410E-01  4.622155351E-03  9.953778288E-01  1.843740825E-04  3.970465710E-02 
         4  2.499957813E-01  1.300216226E+00  3.040010943E+00  2.919802285E+02  2.919802288E+02  2.695275264E-03  9.973047247E-01  2.786664412E-03  9.972133356E-01  1.111513507E-04  3.977560329E-02 
         5  1.179989316E+00  1.700000987E+00  4.500025386E-01  2.919818465E+02  2.919818467E+02  3.021667194E-03  9.969783098E-01  3.124097345E-03  9.968758796E-01  1.246094436E-04  3.976192232E-02 
         6  2.090000749E+00  1.699988964E+00  2.640041275E+00  2.919995121E+02  2.919995137E+02  2.191083024E-04  9.997808954E-01  2.265572015E-04  9.997734465E-01  9.036039459E-06  3.987508478E-02 
         7  1.929998960E+00  1.700096390E+00  4.850038151E+00  2.919952561E+02  2.919952565E+02  1.029237089E-03  9.989707648E-01  1.064192831E-03  9.989358090E-01  4.244515617E-05  3.984225685E-02 
         8  1.149997690E+00  1.699993700E+00  6.550001821E+00  2.919424242E+02  2.919424252E+02  6.370487612E-03  9.936295031E-01  6.585622319E-03  9.934143684E-01  2.627155478E-04  3.962920344E-02 
         9  2.599530306E-01  1.699784014E+00  4.769789816E+00  2.919592063E+02  2.919592069E+02  5.484678363E-03  9.945153237E-01  5.670126370E-03  9.943298757E-01  2.261792668E-04  3.966344754E-02 
        10  2.500325889E-01  1.700141952E+00  3.039603904E+00  2.919803146E+02  2.919803150E+02  3.104932908E-03  9.968950690E-01  3.210173715E-03  9.967898281E-01  1.280435077E-04  3.975869952E-02 
        11  2.090000512E+00  6.999920786E-01  2.640018387E+00  2.877371481E+02  2.877371491E+02  2.674981025E-01  7.325019124E-01  2.734632886E-01  7.265367263E-01  1.111086122E-02  2.936640088E-02 
        12  1.930000944E+00  7.000071781E-01  4.849993220E+00  2.887469331E+02  2.887469336E+02  1.917740594E-01  8.082259313E-01  1.967412135E-01  8.032587772E-01  7.955450583E-03  3.237916217E-02 
        13  1.149999460E+00  7.000041210E-01  6.549999896E+00  2.882594404E+02  2.882594411E+02  2.328667334E-01  7.671332740E-01  2.385470251E-01  7.614529824E-01  9.662331609E-03  3.074068109E-02 
        14  2.599937070E-01  6.999245510E-01  4.770022657E+00  2.887159113E+02  2.887159118E+02  2.101813434E-01  7.898186501E-01  2.155183988E-01  7.844815947E-01  8.712953989E-03  3.162590498E-02 
        15  2.500057384E-01  7.000450448E-01  3.040068823E+00  2.890630921E+02  2.890630927E+02  1.789070771E-01  8.210929285E-01  1.836151307E-01  8.163848749E-01  7.416220262E-03  3.287413484E-02 
        16  1.179999658E+00  1.300002449E+00  4.500000716E-01  2.919860741E+02  2.919860743E+02  2.427606451E-03  9.975723934E-01  2.509949907E-03  9.974900500E-01  1.001117679E-04  3.978584431E-02 
        17  2.090000552E+00  1.299991228E+00  2.640042717E+00  2.920003699E+02  2.920003767E+02  8.758498069E-05  9.999124076E-01  9.056284483E-05  9.999094297E-01  3.612013539E-06  3.988039074E-02 
        18  1.930000128E+00  1.300009553E+00  4.849983633E+00  2.919956484E+02  2.919956486E+02  8.590292785E-04  9.991409856E-01  8.882077347E-04  9.991118072E-01  3.542604191E-05  3.984922342E-02 
