nodenumber     x-coordinate     y-coordinate     z-coordinate      temperature total-temperature               n2              air         molef-n2        molef-air concentration-n2 concentration-air 
         1  1.180011401E+00  7.000440735E-01  4.499552279E-01  2.884071652E+02  2.884071654E+02  1.921429254E-01  8.078570727E-01  1.969944974E-01  8.030055007E-01  7.987495218E-03  3.239559068E-02 
         2  1.150002942E+00  1.299996259E+00  6.549998111E+00  2.919930804E+02  2.919930811E+02  7.990643467E-04  9.992009208E-01  8.262058614E-04  9.991737792E-01  3.295354367E-05  3.985204432E-02 
         3  2.599979183E-01  1.299834635E+00  4.769962194E+00  2.919707203E+02  2.919707208E+02  3.870334890E-03  9.961296493E-01  4.001413790E-03  9.959985704E-01  1.596088806E-04  3.972844343E-02 
         4  2.499957813E-01  1.300216226E+00  3.040010943E+00  2.919835533E+02  2.919835536E+02  2.803585194E-03  9.971964148E-01  2.898641068E-03  9.971013589E-01  1.156162061E-04  3.977068424E-02 
         5  1.179989316E+00  1.700000987E+00  4.500025386E-01  2.919802693E+02  2.919802694E+02  3.499994358E-03  9.964999826E-01  3.618581087E-03  9.963813959E-01  1.443334452E-04  3.974241377E-02 
         6  2.090000749E+00  1.699988964E+00  2.640041275E+00  2.920002338E+02  2.920002356E+02  8.626628475E-05  9.999137374E-01  8.919946301E-05  9.999108043E-01  3.557634412E-06  3.988046460E-02 
         7  1.929998960E+00  1.700096390E+00  4.850038151E+00  2.920006076E+02  2.920006081E+02  1.787062106E-05  9.999821312E-01  1.847828794E-05  9.999815236E-01  7.369874895E-07  3.988323404E-02 
         8  1.149997690E+00  1.699993700E+00  6.550001821E+00  2.919919737E+02  2.919919748E+02  8.600700087E-04  9.991399207E-01  8.892775972E-04  9.991107131E-01  3.546949752E-05  3.984967999E-02 
         9  2.599530306E-01  1.699784014E+00  4.769789816E+00  2.919656418E+02  2.919656425E+02  4.878418587E-03  9.951215835E-01  5.043471109E-03  9.949565310E-01  2.011778169E-04  3.968756974E-02 
        10  2.500325889E-01  1.700141952E+00  3.039603904E+00  2.919724206E+02  2.919724210E+02  4.656138008E-03  9.953438639E-01  4.813700301E-03  9.951863016E-01  1.920082746E-04  3.969581316E-02 
        11  2.090000512E+00  6.999920786E-01  2.640018387E+00  2.879093750E+02  2.879093757E+02  2.288783576E-01  7.711216573E-01  2.344202184E-01  7.655797965E-01  9.510202711E-03  3.094211982E-02 
        12  1.930000944E+00  7.000071781E-01  4.849993220E+00  2.882630624E+02  2.882630630E+02  2.124115828E-01  7.875884079E-01  2.176679468E-01  7.823320439E-01  8.824203995E-03  3.157875299E-02 
        13  1.149999460E+00  7.000041210E-01  6.549999896E+00  2.891564733E+02  2.891564738E+02  1.754080395E-01  8.245919679E-01  1.800153713E-01  8.199846362E-01  7.271050308E-03  3.300644456E-02 
        14  2.599937070E-01  6.999245510E-01  4.770022657E+00  2.889981938E+02  2.889981942E+02  1.677674061E-01  8.322325873E-01  1.723220565E-01  8.276779370E-01  6.958017950E-03  3.334121743E-02 
        15  2.500057384E-01  7.000450448E-01  3.040068823E+00  2.878951595E+02  2.878951598E+02  2.755094632E-01  7.244905424E-01  2.818042335E-01  7.181957721E-01  1.142850334E-02  2.902577539E-02 
        16  1.179999658E+00  1.300002449E+00  4.500000716E-01  2.919857585E+02  2.919857585E+02  2.649991772E-03  9.973500081E-01  2.739857823E-03  9.972601421E-01  1.092819790E-04  3.977671723E-02 
        17  2.090000552E+00  1.299991228E+00  2.640042717E+00  2.920006501E+02  2.920006578E+02  4.103304446E-05  9.999589595E-01  4.242827786E-05  9.999575643E-01  1.692208851E-06  3.988227228E-02 
        18  1.930000128E+00  1.300009553E+00  4.849983633E+00  2.920007324E+02  2.920007326E+02  8.622828341E-05  9.999137866E-01  8.916018051E-05  9.999108547E-01  3.556060771E-06  3.988039896E-02 
