nodenumber     x-coordinate     y-coordinate     z-coordinate      temperature total-temperature               n2              air         molef-n2        molef-air concentration-n2 concentration-air 
         1  1.180011401E+00  7.000440735E-01  4.499552279E-01  2.881555763E+02  2.881555765E+02  2.125540254E-01  7.874459727E-01  2.178839855E-01  7.821160127E-01  8.831603451E-03  3.158618861E-02 
         2  1.150002942E+00  1.299996259E+00  6.549998111E+00  2.919851908E+02  2.919851916E+02  1.667891518E-03  9.983320936E-01  1.724487882E-03  9.982754972E-01  6.878393560E-05  3.981729166E-02 
         3  2.599979183E-01  1.299834635E+00  4.769962194E+00  2.919580427E+02  2.919580432E+02  4.664177304E-03  9.953358069E-01  4.822001034E-03  9.951779831E-01  1.923494538E-04  3.969743494E-02 
         4  2.499957813E-01  1.300216226E+00  3.040010943E+00  2.919884458E+02  2.919884463E+02  2.132003724E-03  9.978679963E-01  2.204341868E-03  9.977956581E-01  8.792160879E-05  3.979771050E-02 
         5  1.179989316E+00  1.700000987E+00  4.500025386E-01  2.919844082E+02  2.919844084E+02  2.725070687E-03  9.972749063E-01  2.817475087E-03  9.971825019E-01  1.123783551E-04  3.977380346E-02 
         6  2.090000749E+00  1.699988964E+00  2.640041275E+00  2.920002772E+02  2.920002789E+02  1.280110354E-04  9.998719927E-01  1.323633405E-04  9.998676404E-01  5.279183354E-06  3.987873712E-02 
         7  1.929998960E+00  1.700096390E+00  4.850038151E+00  2.920001866E+02  2.920001871E+02  1.340644672E-04  9.998659374E-01  1.386225313E-04  9.998613793E-01  5.528827353E-06  3.987849971E-02 
         8  1.149997690E+00  1.699993700E+00  6.550001821E+00  2.919835235E+02  2.919835247E+02  1.773051780E-03  9.982269389E-01  1.833185425E-03  9.981668053E-01  7.312085928E-05  3.981318297E-02 
         9  2.599530306E-01  1.699784014E+00  4.769789816E+00  2.919512218E+02  2.919512225E+02  5.594187802E-03  9.944058143E-01  5.783301684E-03  9.942167004E-01  2.307007277E-04  3.966001703E-02 
        10  2.500325889E-01  1.700141952E+00  3.039603904E+00  2.919844715E+02  2.919844720E+02  2.868733400E-03  9.971312685E-01  2.965993213E-03  9.970340086E-01  1.183021978E-04  3.976787297E-02 
        11  2.090000512E+00  6.999920786E-01  2.640018387E+00  2.869965651E+02  2.869965659E+02  3.048047357E-01  6.951952792E-01  3.113755657E-01  6.886244492E-01  1.267514824E-02  2.790653780E-02 
        12  1.930000944E+00  7.000071781E-01  4.849993220E+00  2.887361947E+02  2.887361950E+02  1.970585295E-01  8.029414611E-01  2.021389600E-01  7.978610307E-01  8.172828293E-03  3.216323011E-02 
        13  1.149999460E+00  7.000041210E-01  6.549999896E+00  2.896935164E+02  2.896935167E+02  1.442204580E-01  8.557795494E-01  1.481374684E-01  8.518625391E-01  5.973337271E-03  3.422927606E-02 
        14  2.599937070E-01  6.999245510E-01  4.770022657E+00  2.888602308E+02  2.888602311E+02  1.947828896E-01  8.052171039E-01  1.998325880E-01  8.001674055E-01  8.076439403E-03  3.224238432E-02 
        15  2.500057384E-01  7.000450448E-01  3.040068823E+00  2.887127498E+02  2.887127504E+02  1.968501687E-01  8.031498368E-01  2.016586057E-01  7.983413999E-01  8.170748846E-03  3.216941104E-02 
        16  1.179999658E+00  1.300002449E+00  4.500000716E-01  2.919864138E+02  2.919864140E+02  2.392520356E-03  9.976074795E-01  2.473676735E-03  9.975263231E-01  9.866485980E-05  3.978724482E-02 
        17  2.090000552E+00  1.299991228E+00  2.640042717E+00  2.920006001E+02  2.920006075E+02  7.732067663E-05  9.999226719E-01  7.994967731E-05  9.999200429E-01  3.188711987E-06  3.988078261E-02 
        18  1.930000128E+00  1.300009553E+00  4.849983633E+00  2.919998725E+02  2.919998726E+02  2.340580250E-04  9.997659569E-01  2.420151116E-04  9.997579998E-01  9.652551076E-06  3.987441993E-02 
