nodenumber     x-coordinate     y-coordinate     z-coordinate      temperature total-temperature               n2              air         molef-n2        molef-air concentration-n2 concentration-air 
         1  1.180011401E+00  7.000440735E-01  4.499552279E-01  2.887125636E+02  2.887125637E+02  1.752642943E-01  8.247357039E-01  1.798105491E-01  8.201894490E-01  7.280952981E-03  3.305904915E-02 
         2  1.150002942E+00  1.299996259E+00  6.549998111E+00  2.919875663E+02  2.919875671E+02  1.369453415E-03  9.986305317E-01  1.415934958E-03  9.985840501E-01  5.647643610E-05  3.982927466E-02 
         3  2.599979183E-01  1.299834635E+00  4.769962194E+00  2.919677458E+02  2.919677464E+02  3.864899019E-03  9.961350851E-01  3.995786100E-03  9.960041981E-01  1.593864335E-04  3.972907227E-02 
         4  2.499957813E-01  1.300216226E+00  3.040010943E+00  2.919790532E+02  2.919790535E+02  3.328680850E-03  9.966713192E-01  3.441448820E-03  9.965585512E-01  1.372699871E-04  3.974964524E-02 
         5  1.179989316E+00  1.700000987E+00  4.500025386E-01  2.919807855E+02  2.919807855E+02  3.353070925E-03  9.966469060E-01  3.466697249E-03  9.965332797E-01  1.382750393E-04  3.974840167E-02 
         6  2.090000749E+00  1.699988964E+00  2.640041275E+00  2.919999308E+02  2.919999323E+02  1.380228514E-04  9.998619809E-01  1.427155565E-04  9.998572882E-01  5.692078668E-06  3.987837155E-02 
         7  1.929998960E+00  1.700096390E+00  4.850038151E+00  2.919975232E+02  2.919975237E+02  5.205328560E-04  9.994794690E-01  5.382194544E-04  9.994617824E-01  2.146666691E-05  3.986292567E-02 
         8  1.149997690E+00  1.699993700E+00  6.550001821E+00  2.919839998E+02  2.919840010E+02  1.639460808E-03  9.983605299E-01  1.695077533E-03  9.983049132E-01  6.761181375E-05  3.981862695E-02 
         9  2.599530306E-01  1.699784014E+00  4.769789816E+00  2.919656345E+02  2.919656354E+02  4.444028153E-03  9.955559739E-01  4.594449630E-03  9.954055525E-01  1.832670056E-04  3.970548155E-02 
        10  2.500325889E-01  1.700141952E+00  3.039603904E+00  2.919655953E+02  2.919655958E+02  5.427618720E-03  9.945723831E-01  5.611079836E-03  9.943889220E-01  2.238212328E-04  3.966493271E-02 
        11  2.090000512E+00  6.999920786E-01  2.640018387E+00  2.872540533E+02  2.872540538E+02  2.597595678E-01  7.402404471E-01  2.659117951E-01  7.340882198E-01  1.080672123E-02  2.973794610E-02 
        12  1.930000944E+00  7.000071781E-01  4.849993220E+00  2.885892716E+02  2.885892718E+02  2.100681258E-01  7.899318649E-01  2.152010784E-01  7.847989123E-01  8.717991750E-03  3.163936009E-02 
        13  1.149999460E+00  7.000041210E-01  6.549999896E+00  2.891566970E+02  2.891566978E+02  1.754767851E-01  8.245232224E-01  1.799523208E-01  8.200476867E-01  7.278133306E-03  3.299989616E-02 
        14  2.599937070E-01  6.999245510E-01  4.770022657E+00  2.889081207E+02  2.889081214E+02  1.871215012E-01  8.128784923E-01  1.920600325E-01  8.079399610E-01  7.757704017E-03  3.255415711E-02 
        15  2.500057384E-01  7.000450448E-01  3.040068823E+00  2.879454265E+02  2.879454269E+02  2.856795747E-01  7.143204309E-01  2.920882467E-01  7.079117589E-01  1.184454100E-02  2.860277406E-02 
        16  1.179999658E+00  1.300002449E+00  4.500000716E-01  2.919819092E+02  2.919819093E+02  3.148809546E-03  9.968511903E-01  3.255536711E-03  9.967444632E-01  1.298520484E-04  3.975667298E-02 
        17  2.090000552E+00  1.299991228E+00  2.640042717E+00  2.920005957E+02  2.920006030E+02  5.889474062E-05  9.999410978E-01  6.089727602E-05  9.999390953E-01  2.428826649E-06  3.988154308E-02 
        18  1.930000128E+00  1.300009553E+00  4.849983633E+00  2.919967229E+02  2.919967231E+02  6.802214241E-04  9.993197935E-01  7.033333782E-04  9.992966815E-01  2.805217300E-05  3.985645051E-02 
