nodenumber     x-coordinate     y-coordinate     z-coordinate      temperature total-temperature               n2              air         molef-n2        molef-air concentration-n2 concentration-air 
         1  1.180011401E+00  7.000440735E-01  4.499552279E-01  2.886243390E+02  2.886243392E+02  1.858322076E-01  8.141677906E-01  1.906348169E-01  8.093651813E-01  7.718288232E-03  3.263400136E-02 
         2  1.150002942E+00  1.299996259E+00  6.549998111E+00  2.919906439E+02  2.919906446E+02  1.136269906E-03  9.988637152E-01  1.174853700E-03  9.988251314E-01  4.685977823E-05  3.983847090E-02 
         3  2.599979183E-01  1.299834635E+00  4.769962194E+00  2.919744349E+02  2.919744353E+02  3.399482915E-03  9.966005013E-01  3.514667877E-03  9.964853163E-01  1.401918317E-04  3.974735301E-02 
         4  2.499957813E-01  1.300216226E+00  3.040010943E+00  2.919873080E+02  2.919873083E+02  2.250203166E-03  9.977497968E-01  2.326537343E-03  9.976734627E-01  9.279597518E-05  3.979299157E-02 
         5  1.179989316E+00  1.700000987E+00  4.500025386E-01  2.919908935E+02  2.919908939E+02  1.832455612E-03  9.981675213E-01  1.894647437E-03  9.981053295E-01  7.556864765E-05  3.980972728E-02 
         6  2.090000749E+00  1.699988964E+00  2.640041275E+00  2.920003503E+02  2.920003520E+02  6.522996614E-05  9.999347738E-01  6.744790314E-05  9.999325558E-01  2.690093837E-06  3.988131624E-02 
         7  1.929998960E+00  1.700096390E+00  4.850038151E+00  2.920006642E+02  2.920006647E+02  2.099064751E-05  9.999790112E-01  2.170440069E-05  9.999782975E-01  8.656572732E-07  3.988309764E-02 
         8  1.149997690E+00  1.699993700E+00  6.550001821E+00  2.919884106E+02  2.919884115E+02  1.331132416E-03  9.986688583E-01  1.376321777E-03  9.986236689E-01  5.489596001E-05  3.983074024E-02 
         9  2.599530306E-01  1.699784014E+00  4.769789816E+00  2.919661913E+02  2.919661919E+02  4.876629203E-03  9.951233729E-01  5.041619570E-03  9.949583825E-01  2.011036100E-04  3.968756887E-02 
        10  2.500325889E-01  1.700141952E+00  3.039603904E+00  2.919770886E+02  2.919770890E+02  3.973018940E-03  9.960269829E-01  4.107556602E-03  9.958924453E-01  1.638391597E-04  3.972334458E-02 
        11  2.090000512E+00  6.999920786E-01  2.640018387E+00  2.879897870E+02  2.879897878E+02  2.159546958E-01  7.840453191E-01  2.213964150E-01  7.786035999E-01  8.973478039E-03  3.146722602E-02 
        12  1.930000944E+00  7.000071781E-01  4.849993220E+00  2.882414846E+02  2.882414850E+02  2.168850714E-01  7.831149193E-01  2.221423471E-01  7.778576436E-01  9.011253364E-03  3.139502596E-02 
        13  1.149999460E+00  7.000041210E-01  6.549999896E+00  2.883639707E+02  2.883639712E+02  2.238522291E-01  7.761477783E-01  2.293235915E-01  7.706764159E-01  9.291620819E-03  3.109717123E-02 
        14  2.599937070E-01  6.999245510E-01  4.770022657E+00  2.891434779E+02  2.891434786E+02  1.595880769E-01  8.404119166E-01  1.639350727E-01  8.360649208E-01  6.618411780E-03  3.366067769E-02 
        15  2.500057384E-01  7.000450448E-01  3.040068823E+00  2.872176010E+02  2.872176011E+02  2.895891883E-01  7.104108173E-01  2.961819135E-01  7.038180921E-01  1.203642689E-02  2.851342743E-02 
        16  1.179999658E+00  1.300002449E+00  4.500000716E-01  2.919913779E+02  2.919913781E+02  1.703262122E-03  9.982967378E-01  1.761078491E-03  9.982389214E-01  7.024105971E-05  3.981499053E-02 
        17  2.090000552E+00  1.299991228E+00  2.640042717E+00  2.920006504E+02  2.920006575E+02  4.167603070E-05  9.999583165E-01  4.309312719E-05  9.999568994E-01  1.718725654E-06  3.988224572E-02 
        18  1.930000128E+00  1.300009553E+00  4.849983633E+00  2.920009164E+02  2.920009166E+02  8.443346436E-05  9.999155814E-01  8.730433459E-05  9.999127106E-01  3.482039798E-06  3.988044785E-02 
