nodenumber     x-coordinate     y-coordinate     z-coordinate      temperature total-temperature               n2              air         molef-n2        molef-air concentration-n2 concentration-air 
         1  1.180011401E+00  7.000440735E-01  4.499552279E-01  2.882140099E+02  2.882140100E+02  1.887436128E-01  8.112563853E-01  1.936162779E-01  8.063837202E-01  7.850736719E-03  3.255919017E-02 
         2  1.150002942E+00  1.299996259E+00  6.549998111E+00  2.919991374E+02  2.919991378E+02  1.778584291E-04  9.998221267E-01  1.839047282E-04  9.998160804E-01  7.334914707E-06  3.987683560E-02 
         3  2.599979183E-01  1.299834635E+00  4.769962194E+00  2.919746183E+02  2.919746185E+02  3.291826997E-03  9.967081572E-01  3.403370040E-03  9.965966141E-01  1.357525690E-04  3.975176723E-02 
         4  2.499957813E-01  1.300216226E+00  3.040010943E+00  2.919827577E+02  2.919827579E+02  2.565042324E-03  9.974349577E-01  2.652015970E-03  9.973479840E-01  1.057800240E-04  3.978062913E-02 
         5  1.179989316E+00  1.700000987E+00  4.500025386E-01  2.919952616E+02  2.919952618E+02  1.087876562E-03  9.989121004E-01  1.124827886E-03  9.988751491E-01  4.486343487E-05  3.983983582E-02 
         6  2.090000749E+00  1.699988964E+00  2.640041275E+00  2.920001750E+02  2.920001766E+02  9.507237626E-05  9.999049313E-01  9.830488126E-05  9.999016988E-01  3.920797277E-06  3.988010947E-02 
         7  1.929998960E+00  1.700096390E+00  4.850038151E+00  2.920006264E+02  2.920006268E+02  2.554129391E-05  9.999744606E-01  2.640978947E-05  9.999735921E-01  1.053327124E-06  3.988291514E-02 
         8  1.149997690E+00  1.699993700E+00  6.550001821E+00  2.919983803E+02  2.919983810E+02  2.349755122E-04  9.997650152E-01  2.429624684E-04  9.997570282E-01  9.690438701E-06  3.987458393E-02 
         9  2.599530306E-01  1.699784014E+00  4.769789816E+00  2.919731541E+02  2.919731546E+02  3.870140928E-03  9.961298612E-01  4.001206528E-03  9.959987956E-01  1.595994450E-04  3.972812182E-02 
        10  2.500325889E-01  1.700141952E+00  3.039603904E+00  2.919793825E+02  2.919793829E+02  3.389018969E-03  9.966109829E-01  3.503842880E-03  9.964961590E-01  1.397578295E-04  3.974711254E-02 
        11  2.090000512E+00  6.999920786E-01  2.640018387E+00  2.878300285E+02  2.878300295E+02  2.195446019E-01  7.804554130E-01  2.249284216E-01  7.750715933E-01  9.129336969E-03  3.133425467E-02 
        12  1.930000944E+00  7.000071781E-01  4.849993220E+00  2.885202568E+02  2.885202573E+02  1.845259604E-01  8.154740303E-01  1.892251650E-01  8.107748257E-01  7.670033881E-03  3.269716629E-02 
        13  1.149999460E+00  7.000041210E-01  6.549999896E+00  2.882975329E+02  2.882975333E+02  2.160641554E-01  7.839358520E-01  2.213867713E-01  7.786132361E-01  8.974685177E-03  3.142359410E-02 
        14  2.599937070E-01  6.999245510E-01  4.770022657E+00  2.890998803E+02  2.890998809E+02  1.536583071E-01  8.463416864E-01  1.578916929E-01  8.421083005E-01  6.374562269E-03  3.391054810E-02 
        15  2.500057384E-01  7.000450448E-01  3.040068823E+00  2.876120938E+02  2.876120941E+02  2.503074759E-01  7.496925297E-01  2.562973541E-01  7.437026515E-01  1.040661856E-02  3.008785840E-02 
        16  1.179999658E+00  1.300002449E+00  4.500000716E-01  2.919968335E+02  2.919968336E+02  7.882210830E-04  9.992117788E-01  8.150026372E-04  9.991849972E-01  3.250596669E-05  3.985198041E-02 
        17  2.090000552E+00  1.299991228E+00  2.640042717E+00  2.920006223E+02  2.920006297E+02  4.386148629E-05  9.999561311E-01  4.535288330E-05  9.999546397E-01  1.808854115E-06  3.988215943E-02 
        18  1.930000128E+00  1.300009553E+00  4.849983633E+00  2.920006809E+02  2.920006811E+02  8.380443438E-05  9.999162105E-01  8.665390271E-05  9.999133610E-01  3.456101672E-06  3.988050596E-02 
