nodenumber     x-coordinate     y-coordinate     z-coordinate      temperature total-temperature               n2              air         molef-n2        molef-air concentration-n2 concentration-air 
         1  1.180011401E+00  7.000440735E-01  4.499552279E-01  2.880625000E+02  2.880625001E+02  2.141115656E-01  7.858884325E-01  2.193919251E-01  7.806080731E-01  8.902773285E-03  3.152860924E-02 
         2  1.150002942E+00  1.299996259E+00  6.549998111E+00  2.919908761E+02  2.919908768E+02  9.637249495E-04  9.990362601E-01  9.964462701E-04  9.990035388E-01  3.974428165E-05  3.984555470E-02 
         3  2.599979183E-01  1.299834635E+00  4.769962194E+00  2.919653915E+02  2.919653920E+02  3.925647947E-03  9.960743362E-01  4.058585785E-03  9.959413984E-01  1.618927098E-04  3.972688764E-02 
         4  2.499957813E-01  1.300216226E+00  3.040010943E+00  2.919878579E+02  2.919878583E+02  2.174376958E-03  9.978256230E-01  2.248149804E-03  9.977518502E-01  8.966908956E-05  3.979604334E-02 
         5  1.179989316E+00  1.700000987E+00  4.500025386E-01  2.919889457E+02  2.919889461E+02  2.075100974E-03  9.979248760E-01  2.145509508E-03  9.978544674E-01  8.557496187E-05  3.979998703E-02 
         6  2.090000749E+00  1.699988964E+00  2.640041275E+00  2.920004708E+02  2.920004725E+02  4.107556149E-05  9.999589282E-01  4.247226207E-05  9.999575315E-01  1.693963576E-06  3.988229591E-02 
         7  1.929998960E+00  1.700096390E+00  4.850038151E+00  2.919969926E+02  2.919969931E+02  6.975757147E-04  9.993024261E-01  7.212747198E-04  9.992787271E-01  2.876776775E-05  3.985569705E-02 
         8  1.149997690E+00  1.699993700E+00  6.550001821E+00  2.919934783E+02  2.919934795E+02  6.990076149E-04  9.993009831E-01  7.227416480E-04  9.992772490E-01  2.882726373E-05  3.985611670E-02 
         9  2.599530306E-01  1.699784014E+00  4.769789816E+00  2.919602318E+02  2.919602326E+02  4.577791507E-03  9.954222106E-01  4.732714990E-03  9.952672871E-01  1.887859539E-04  3.970070075E-02 
        10  2.500325889E-01  1.700141952E+00  3.039603904E+00  2.919848005E+02  2.919848011E+02  3.016519696E-03  9.969834822E-01  3.118775986E-03  9.968812259E-01  1.243959345E-04  3.976173428E-02 
        11  2.090000512E+00  6.999920786E-01  2.640018387E+00  2.877883069E+02  2.877883077E+02  2.390778996E-01  7.609221153E-01  2.447397500E-01  7.552602649E-01  9.939510354E-03  3.053039288E-02 
        12  1.930000944E+00  7.000071781E-01  4.849993220E+00  2.887862603E+02  2.887862606E+02  1.961412408E-01  8.038587499E-01  2.011816121E-01  7.988183786E-01  8.133966336E-03  3.219514736E-02 
        13  1.149999460E+00  7.000041210E-01  6.549999896E+00  2.888934012E+02  2.888934017E+02  1.908901384E-01  8.091098691E-01  1.957780791E-01  8.042219284E-01  7.916806902E-03  3.239758742E-02 
        14  2.599937070E-01  6.999245510E-01  4.770022657E+00  2.886821130E+02  2.886821135E+02  2.112805166E-01  7.887194769E-01  2.167433574E-01  7.832566361E-01  8.756502387E-03  3.158671874E-02 
        15  2.500057384E-01  7.000450448E-01  3.040068823E+00  2.888595650E+02  2.888595661E+02  1.899935276E-01  8.100064780E-01  1.947497447E-01  8.052502609E-01  7.882650790E-03  3.243674872E-02 
        16  1.179999658E+00  1.300002449E+00  4.500000716E-01  2.919879435E+02  2.919879437E+02  2.186347457E-03  9.978136524E-01  2.260524975E-03  9.977394749E-01  9.016266924E-05  3.979553806E-02 
        17  2.090000552E+00  1.299991228E+00  2.640042717E+00  2.920007389E+02  2.920007455E+02  2.872177752E-05  9.999712708E-01  2.969841122E-05  9.999702941E-01  1.184490464E-06  3.988276786E-02 
        18  1.930000128E+00  1.300009553E+00  4.849983633E+00  2.919974356E+02  2.919974358E+02  6.111911204E-04  9.993888238E-01  6.319595691E-04  9.993680553E-01  2.520538027E-05  3.985919996E-02 
