nodenumber     x-coordinate     y-coordinate     z-coordinate      temperature total-temperature               n2              air         molef-n2        molef-air concentration-n2 concentration-air 
         1  1.180011401E+00  7.000440735E-01  4.499552279E-01  2.909851799E+02  2.909851800E+02  2.501518917E-02  9.749848090E-01  2.583502190E-02  9.741649762E-01  1.035826681E-03  3.898764020E-02 
         2  1.150002942E+00  1.299996259E+00  6.549998111E+00  2.920006830E+02  2.920006833E+02  6.269722649E-06  9.999937154E-01  6.482923386E-06  9.999935022E-01  2.585647674E-07  3.988370083E-02 
         3  2.599979183E-01  1.299834635E+00  4.769962194E+00  2.919981620E+02  2.919981621E+02  1.217397885E-04  9.998782444E-01  1.258789609E-04  9.998741052E-01  5.020602494E-06  3.987928307E-02 
         4  2.499957813E-01  1.300216226E+00  3.040010943E+00  2.919984050E+02  2.919984052E+02  1.198263664E-04  9.998801736E-01  1.239005234E-04  9.998760995E-01  4.941685720E-06  3.987933005E-02 
         5  1.179989316E+00  1.700000987E+00  4.500025386E-01  2.920005100E+02  2.920005102E+02  2.263878348E-05  9.999773382E-01  2.340859859E-05  9.999765684E-01  9.336282030E-07  3.988304874E-02 
         6  2.090000749E+00  1.699988964E+00  2.640041275E+00  2.919998317E+02  2.919998330E+02  2.230945420E-05  9.999776943E-01  2.306806885E-05  9.999769357E-01  9.200493437E-07  3.988315711E-02 
         7  1.929998960E+00  1.700096390E+00  4.850038151E+00  2.920006261E+02  2.920006263E+02  7.902598562E-09  9.999999940E-01  8.171327899E-09  9.999999937E-01  3.259049493E-10  3.988396818E-02 
         8  1.149997690E+00  1.699993700E+00  6.550001821E+00  2.920002100E+02  2.920002105E+02  1.641026967E-05  9.999835804E-01  1.696828512E-05  9.999830224E-01  6.767644469E-07  3.988334769E-02 
         9  2.599530306E-01  1.699784014E+00  4.769789816E+00  2.920005080E+02  2.920005083E+02  6.200960990E-06  9.999938011E-01  6.411824245E-06  9.999935903E-01  2.557291085E-07  3.988372893E-02 
        10  2.500325889E-01  1.700141952E+00  3.039603904E+00  2.920005486E+02  2.920005489E+02  3.285788355E-06  9.999967161E-01  3.397521627E-06  9.999966043E-01  1.355066893E-07  3.988384359E-02 
        11  2.090000512E+00  6.999920786E-01  2.640018387E+00  2.904207237E+02  2.904207248E+02  4.103808919E-02  9.589619257E-01  4.235648677E-02  9.576435281E-01  1.701348309E-03  3.839998947E-02 
        12  1.930000944E+00  7.000071781E-01  4.849993220E+00  2.908547964E+02  2.908547965E+02  3.062635743E-02  9.693736333E-01  3.161928207E-02  9.683807086E-01  1.268567339E-03  3.877285575E-02 
        13  1.149999460E+00  7.000041210E-01  6.549999896E+00  2.914723882E+02  2.914723885E+02  1.744810514E-02  9.825519023E-01  1.801807962E-02  9.819819278E-01  7.215369390E-04  3.923488017E-02 
        14  2.599937070E-01  6.999245510E-01  4.770022657E+00  2.914064253E+02  2.914064256E+02  1.598472274E-02  9.840152707E-01  1.651550319E-02  9.834844903E-01  6.607364001E-04  3.930466077E-02 
        15  2.500057384E-01  7.000450448E-01  3.040068823E+00  2.909451482E+02  2.909451486E+02  3.807193565E-02  9.619280699E-01  3.928097786E-02  9.607190277E-01  1.575883732E-03  3.845307651E-02 
        16  1.179999658E+00  1.300002449E+00  4.500000716E-01  2.920002143E+02  2.920002144E+02  8.788107256E-05  9.999121188E-01  9.086919504E-05  9.999091307E-01  3.624229741E-06  3.988040036E-02 
        17  2.090000552E+00  1.299991228E+00  2.640042717E+00  2.920005622E+02  2.920005698E+02  7.744820927E-06  9.999922477E-01  8.008180954E-06  9.999919844E-01  3.193984059E-07  3.988365709E-02 
        18  1.930000128E+00  1.300009553E+00  4.849983633E+00  2.920006793E+02  2.920006793E+02  5.823058709E-06  9.999941918E-01  6.021070837E-06  9.999939938E-01  2.401442450E-07  3.988372214E-02 
