nodenumber     x-coordinate     y-coordinate     z-coordinate      temperature total-temperature               n2              air         molef-n2        molef-air concentration-n2 concentration-air 
         1  1.180011401E+00  7.000440735E-01  4.499552279E-01  2.882949944E+02  2.882949945E+02  1.862737917E-01  8.137262064E-01  1.911280047E-01  8.088719934E-01  7.744705992E-03  3.265360801E-02 
         2  1.150002942E+00  1.299996259E+00  6.549998111E+00  2.919995819E+02  2.919995824E+02  1.313228424E-04  9.998686623E-01  1.357874098E-04  9.998641977E-01  5.415779017E-06  3.987869401E-02 
         3  2.599979183E-01  1.299834635E+00  4.769962194E+00  2.919755736E+02  2.919755737E+02  3.117179152E-03  9.968828050E-01  3.222833055E-03  9.967771511E-01  1.285506086E-04  3.975883868E-02 
         4  2.499957813E-01  1.300216226E+00  3.040010943E+00  2.919795607E+02  2.919795610E+02  2.855185816E-03  9.971448142E-01  2.951958286E-03  9.970480417E-01  1.177453923E-04  3.976910050E-02 
         5  1.179989316E+00  1.700000987E+00  4.500025386E-01  2.919954858E+02  2.919954859E+02  1.043376991E-03  9.989566000E-01  1.078818384E-03  9.989211586E-01  4.302832792E-05  3.984164031E-02 
         6  2.090000749E+00  1.699988964E+00  2.640041275E+00  2.920002065E+02  2.920002081E+02  9.196543756E-05  9.999080383E-01  9.509233870E-05  9.999049114E-01  3.792667202E-06  3.988023330E-02 
         7  1.929998960E+00  1.700096390E+00  4.850038151E+00  2.920005968E+02  2.920005972E+02  3.359396484E-05  9.999664079E-01  3.473626354E-05  9.999652656E-01  1.385420232E-06  3.988258708E-02 
         8  1.149997690E+00  1.699993700E+00  6.550001821E+00  2.919977631E+02  2.919977639E+02  2.931924589E-04  9.997067982E-01  3.031576192E-04  9.996968331E-01  1.209132048E-05  3.987226735E-02 
         9  2.599530306E-01  1.699784014E+00  4.769789816E+00  2.919754193E+02  2.919754198E+02  3.536589339E-03  9.964634128E-01  3.656399757E-03  9.963436023E-01  1.458447633E-04  3.974156704E-02 
        10  2.500325889E-01  1.700141952E+00  3.039603904E+00  2.919787502E+02  2.919787506E+02  3.446877036E-03  9.965531248E-01  3.563662056E-03  9.964363398E-01  1.421439022E-04  3.974481284E-02 
        11  2.090000512E+00  6.999920786E-01  2.640018387E+00  2.878187218E+02  2.878187229E+02  2.189415783E-01  7.810584366E-01  2.243533126E-01  7.756467023E-01  9.103698463E-03  3.136132655E-02 
        12  1.930000944E+00  7.000071781E-01  4.849993220E+00  2.879999433E+02  2.879999437E+02  2.122153681E-01  7.877846226E-01  2.175135758E-01  7.824864149E-01  8.824738262E-03  3.161519828E-02 
        13  1.149999460E+00  7.000041210E-01  6.549999896E+00  2.889704780E+02  2.889704784E+02  1.819363349E-01  8.180636726E-01  1.866474005E-01  8.133526069E-01  7.546729159E-03  3.275697933E-02 
        14  2.599937070E-01  6.999245510E-01  4.770022657E+00  2.889805519E+02  2.889805526E+02  1.557275772E-01  8.442724163E-01  1.600018095E-01  8.399981840E-01  6.463048932E-03  3.383876364E-02 
        15  2.500057384E-01  7.000450448E-01  3.040068823E+00  2.875881309E+02  2.875881312E+02  2.561401333E-01  7.438598723E-01  2.621808638E-01  7.378191418E-01  1.064886116E-02  2.984916592E-02 
        16  1.179999658E+00  1.300002449E+00  4.500000716E-01  2.919967552E+02  2.919967553E+02  7.909865559E-04  9.992090133E-01  8.178620034E-04  9.991821379E-01  3.262001969E-05  3.985187706E-02 
        17  2.090000552E+00  1.299991228E+00  2.640042717E+00  2.920006178E+02  2.920006257E+02  4.692308334E-05  9.999530695E-01  4.851857651E-05  9.999514740E-01  1.935114605E-06  3.988203378E-02 
        18  1.930000128E+00  1.300009553E+00  4.849983633E+00  2.920007176E+02  2.920007178E+02  8.217058643E-05  9.999178443E-01  8.496450227E-05  9.999150504E-01  3.388721213E-06  3.988056832E-02 
