nodenumber     x-coordinate     y-coordinate     z-coordinate      temperature total-temperature               n2              air         molef-n2        molef-air concentration-n2 concentration-air 
         1  1.180011401E+00  7.000440735E-01  4.499552279E-01  2.909416096E+02  2.909416098E+02  1.688375169E-02  9.831162465E-01  1.744663957E-02  9.825533586E-01  6.986865135E-04  3.933052274E-02 
         2  1.150002942E+00  1.299996259E+00  6.549998111E+00  2.919412524E+02  2.919412540E+02  1.296805032E-03  9.987031801E-01  1.340843653E-03  9.986591414E-01  5.348911065E-05  3.983858949E-02 
         3  2.599979183E-01  1.299834635E+00  4.769962194E+00  2.919935391E+02  2.919935393E+02  1.764832875E-04  9.998235009E-01  1.824834671E-04  9.998175007E-01  7.278352929E-06  3.987765676E-02 
         4  2.499957813E-01  1.300216226E+00  3.040010943E+00  2.919921122E+02  2.919921124E+02  4.342793131E-04  9.995657207E-01  4.490400950E-04  9.995509599E-01  1.791005418E-05  3.986722125E-02 
         5  1.179989316E+00  1.700000987E+00  4.500025386E-01  2.920003739E+02  2.920003739E+02  1.595534287E-05  9.999840216E-01  1.649789560E-05  9.999834791E-01  6.580022140E-07  3.988334297E-02 
         6  2.090000749E+00  1.699988964E+00  2.640041275E+00  2.919970786E+02  2.919970799E+02  7.412278606E-05  9.999258809E-01  7.664308028E-05  9.999233606E-01  3.056880312E-06  3.988139633E-02 
         7  1.929998960E+00  1.700096390E+00  4.850038151E+00  2.920006055E+02  2.920006057E+02  4.341651011E-07  9.999995677E-01  4.489289557E-07  9.999995529E-01  1.790506905E-08  3.988395341E-02 
         8  1.149997690E+00  1.699993700E+00  6.550001821E+00  2.919732121E+02  2.919732134E+02  6.310499591E-04  9.993689407E-01  6.524926799E-04  9.993474980E-01  2.602683206E-05  3.986168563E-02 
         9  2.599530306E-01  1.699784014E+00  4.769789816E+00  2.920001514E+02  2.920001517E+02  1.188332669E-05  9.999881188E-01  1.228741504E-05  9.999877147E-01  4.900718793E-07  3.988354329E-02 
        10  2.500325889E-01  1.700141952E+00  3.039603904E+00  2.919995074E+02  2.919995077E+02  8.280443596E-05  9.999171974E-01  8.561995583E-05  9.999143819E-01  3.414877761E-06  3.988070643E-02 
        11  2.090000512E+00  6.999920786E-01  2.640018387E+00  2.909348231E+02  2.909348234E+02  1.915206442E-02  9.808479505E-01  1.978991843E-02  9.802100965E-01  7.922809837E-04  3.923781097E-02 
        12  1.930000944E+00  7.000071781E-01  4.849993220E+00  2.917048232E+02  2.917048233E+02  5.745584045E-03  9.942544066E-01  5.939577585E-03  9.940604131E-01  2.371743086E-04  3.968724349E-02 
        13  1.149999460E+00  7.000041210E-01  6.549999896E+00  2.918318310E+02  2.918318314E+02  3.942116260E-03  9.960578912E-01  4.074426651E-03  9.959255808E-01  1.627953144E-04  3.974426912E-02 
        14  2.599937070E-01  6.999245510E-01  4.770022657E+00  2.918022996E+02  2.918022998E+02  5.185777404E-03  9.948142161E-01  5.360726720E-03  9.946392668E-01  2.140542782E-04  3.969704072E-02 
        15  2.500057384E-01  7.000450448E-01  3.040068823E+00  2.914861220E+02  2.914861222E+02  1.517946121E-02  9.848205444E-01  1.568355225E-02  9.843164533E-01  6.271669236E-04  3.932726209E-02 
        16  1.179999658E+00  1.300002449E+00  4.500000716E-01  2.919940232E+02  2.919940233E+02  1.941320974E-04  9.998058678E-01  2.007321670E-04  9.997992677E-01  8.006191485E-06  3.987686406E-02 
        17  2.090000552E+00  1.299991228E+00  2.640042717E+00  2.919997401E+02  2.919997475E+02  2.141414298E-05  9.999785784E-01  2.214230056E-05  9.999778502E-01  8.831289825E-07  3.988320565E-02 
        18  1.930000128E+00  1.300009553E+00  4.849983633E+00  2.919985176E+02  2.919985177E+02  3.747304900E-05  9.999625419E-01  3.874726046E-05  9.999612676E-01  1.545410076E-06  3.988271213E-02 
