nodenumber     x-coordinate     y-coordinate     z-coordinate      temperature total-temperature               n2              air         molef-n2        molef-air concentration-n2 concentration-air 
         1  1.180011401E+00  7.000440735E-01  4.499552279E-01  2.886624134E+02  2.886624135E+02  1.962904294E-01  8.037095687E-01  2.012455203E-01  7.987544778E-01  8.148052713E-03  3.219892449E-02 
         2  1.150002942E+00  1.299996259E+00  6.549998111E+00  2.919680418E+02  2.919680427E+02  3.272786166E-03  9.967271989E-01  3.383607840E-03  9.966163773E-01  1.349705091E-04  3.975344793E-02 
         3  2.599979183E-01  1.299834635E+00  4.769962194E+00  2.919640289E+02  2.919640292E+02  4.548449945E-03  9.954515342E-01  4.702387443E-03  9.952975967E-01  1.875736576E-04  3.970139285E-02 
         4  2.499957813E-01  1.300216226E+00  3.040010943E+00  2.919818883E+02  2.919818885E+02  2.749717591E-03  9.972502824E-01  2.842943020E-03  9.971570570E-01  1.133955844E-04  3.977313232E-02 
         5  1.179989316E+00  1.700000987E+00  4.500025386E-01  2.919836951E+02  2.919836952E+02  2.828886485E-03  9.971710905E-01  2.924800389E-03  9.970751766E-01  1.166594515E-04  3.976961979E-02 
         6  2.090000749E+00  1.699988964E+00  2.640041275E+00  2.919992235E+02  2.919992251E+02  2.619666970E-04  9.997380370E-01  2.708713549E-04  9.997291324E-01  1.080350209E-05  3.987335674E-02 
         7  1.929998960E+00  1.700096390E+00  4.850038151E+00  2.919929020E+02  2.919929025E+02  1.463419330E-03  9.985365825E-01  1.513102268E-03  9.984868996E-01  6.035024625E-05  3.982467331E-02 
         8  1.149997690E+00  1.699993700E+00  6.550001821E+00  2.919604913E+02  2.919604927E+02  3.951327705E-03  9.960486630E-01  4.084999175E-03  9.959149915E-01  1.629541906E-04  3.972649633E-02 
         9  2.599530306E-01  1.699784014E+00  4.769789816E+00  2.919520816E+02  2.919520822E+02  6.330828467E-03  9.936691736E-01  6.544692836E-03  9.934553093E-01  2.610720031E-04  3.962952826E-02 
        10  2.500325889E-01  1.700141952E+00  3.039603904E+00  2.919819128E+02  2.919819133E+02  3.065661222E-03  9.969343406E-01  3.169577462E-03  9.968304244E-01  1.264234803E-04  3.976010121E-02 
        11  2.090000512E+00  6.999920786E-01  2.640018387E+00  2.877221874E+02  2.877221882E+02  2.641897610E-01  7.358102539E-01  2.701098838E-01  7.298901311E-01  1.097633469E-02  2.950310956E-02 
        12  1.930000944E+00  7.000071781E-01  4.849993220E+00  2.892804021E+02  2.892804024E+02  1.630636693E-01  8.369363214E-01  1.674208892E-01  8.325791015E-01  6.758844849E-03  3.350126093E-02 
        13  1.149999460E+00  7.000041210E-01  6.549999896E+00  2.891567261E+02  2.891567267E+02  1.793325796E-01  8.206674279E-01  1.840405003E-01  8.159595071E-01  7.431308479E-03  3.284600114E-02 
        14  2.599937070E-01  6.999245510E-01  4.770022657E+00  2.891809801E+02  2.891809803E+02  1.818775495E-01  8.181224440E-01  1.866286564E-01  8.133713371E-01  7.536062774E-03  3.273795303E-02 
        15  2.500057384E-01  7.000450448E-01  3.040068823E+00  2.882929870E+02  2.882929878E+02  2.234643797E-01  7.765356259E-01  2.290408082E-01  7.709591974E-01  9.273091297E-03  3.112502042E-02 
        16  1.179999658E+00  1.300002449E+00  4.500000716E-01  2.919846428E+02  2.919846429E+02  2.612114822E-03  9.973878851E-01  2.700700040E-03  9.972992998E-01  1.077205415E-04  3.977843107E-02 
        17  2.090000552E+00  1.299991228E+00  2.640042717E+00  2.919998621E+02  2.919998691E+02  1.691400662E-04  9.998308525E-01  1.748902469E-04  9.998251023E-01  6.975346251E-06  3.987709677E-02 
        18  1.930000128E+00  1.300009553E+00  4.849983633E+00  2.919961988E+02  2.919961990E+02  8.243107685E-04  9.991757041E-01  8.523134240E-04  9.991477015E-01  3.399426265E-05  3.985058001E-02 
