nodenumber     x-coordinate     y-coordinate     z-coordinate      temperature total-temperature               n2              air         molef-n2        molef-air concentration-n2 concentration-air 
         1  1.180011401E+00  7.000440735E-01  4.499552279E-01  2.885734107E+02  2.885734108E+02  1.951721085E-01  8.048278897E-01  2.001368127E-01  7.998631855E-01  8.103998733E-03  3.225535233E-02 
         2  1.150002942E+00  1.299996259E+00  6.549998111E+00  2.919678577E+02  2.919678585E+02  3.792164543E-03  9.962078206E-01  3.920581669E-03  9.960794034E-01  1.563869628E-04  3.973205654E-02 
         3  2.599979183E-01  1.299834635E+00  4.769962194E+00  2.919520538E+02  2.919520542E+02  5.381608464E-03  9.946183757E-01  5.563555379E-03  9.944364288E-01  2.219353083E-04  3.966866738E-02 
         4  2.499957813E-01  1.300216226E+00  3.040010943E+00  2.919883987E+02  2.919883990E+02  2.048657449E-03  9.979513426E-01  2.118171307E-03  9.978818287E-01  8.448473598E-05  3.980115383E-02 
         5  1.179989316E+00  1.700000987E+00  4.500025386E-01  2.919904094E+02  2.919904097E+02  1.806113476E-03  9.981938635E-01  1.867411506E-03  9.981325654E-01  7.448250169E-05  3.981087956E-02 
         6  2.090000749E+00  1.699988964E+00  2.640041275E+00  2.919992020E+02  2.919992035E+02  2.574505596E-04  9.997425532E-01  2.662025000E-04  9.997338012E-01  1.061727267E-05  3.987354590E-02 
         7  1.929998960E+00  1.700096390E+00  4.850038151E+00  2.920006305E+02  2.920006309E+02  1.057854570E-05  9.999894233E-01  1.093826040E-05  9.999890636E-01  4.362611593E-07  3.988353164E-02 
         8  1.149997690E+00  1.699993700E+00  6.550001821E+00  2.919647805E+02  2.919647817E+02  4.039957938E-03  9.959600327E-01  4.176703728E-03  9.958232870E-01  1.666060358E-04  3.972225834E-02 
         9  2.599530306E-01  1.699784014E+00  4.769789816E+00  2.919462325E+02  2.919462332E+02  6.449350836E-03  9.935506513E-01  6.667191061E-03  9.933328110E-01  2.659639325E-04  3.962543553E-02 
        10  2.500325889E-01  1.700141952E+00  3.039603904E+00  2.919814982E+02  2.919814988E+02  3.238992076E-03  9.967610098E-01  3.348762433E-03  9.966512394E-01  1.335707810E-04  3.975301055E-02 
        11  2.090000512E+00  6.999920786E-01  2.640018387E+00  2.872449999E+02  2.872450009E+02  2.913895893E-01  7.086104256E-01  2.977149892E-01  7.022850257E-01  1.211509235E-02  2.843175595E-02 
        12  1.930000944E+00  7.000071781E-01  4.849993220E+00  2.886359567E+02  2.886359569E+02  1.996541752E-01  8.003458155E-01  2.047749769E-01  7.952250137E-01  8.283373307E-03  3.206681203E-02 
        13  1.149999460E+00  7.000041210E-01  6.549999896E+00  2.896692199E+02  2.896692205E+02  1.467533300E-01  8.532466775E-01  1.507044198E-01  8.492955877E-01  6.079030503E-03  3.412707609E-02 
        14  2.599937070E-01  6.999245510E-01  4.770022657E+00  2.889236699E+02  2.889236702E+02  1.944380213E-01  8.055619722E-01  1.994500998E-01  8.005498937E-01  8.061375402E-03  3.224871025E-02 
        15  2.500057384E-01  7.000450448E-01  3.040068823E+00  2.889148835E+02  2.889148840E+02  1.774583371E-01  8.225416685E-01  1.820575805E-01  8.179424251E-01  7.364239579E-03  3.294727360E-02 
        16  1.179999658E+00  1.300002449E+00  4.500000716E-01  2.919908665E+02  2.919908666E+02  1.729246667E-03  9.982707532E-01  1.787943900E-03  9.982120560E-01  7.131270929E-05  3.981398874E-02 
        17  2.090000552E+00  1.299991228E+00  2.640042717E+00  2.920002278E+02  2.920002353E+02  1.051699504E-04  9.998948226E-01  1.087456278E-04  9.998912469E-01  4.337219432E-06  3.987968495E-02 
        18  1.930000128E+00  1.300009553E+00  4.849983633E+00  2.920008996E+02  2.920008998E+02  5.502365134E-05  9.999449912E-01  5.689460881E-05  9.999431203E-01  2.269180554E-06  3.988166301E-02 
