nodenumber     x-coordinate     y-coordinate     z-coordinate      temperature total-temperature               n2              air         molef-n2        molef-air concentration-n2 concentration-air 
         1  1.180011401E+00  7.000440735E-01  4.499552279E-01  2.877282061E+02  2.877282063E+02  2.320121144E-01  7.679878837E-01  2.376692456E-01  7.623307525E-01  9.648523017E-03  3.082950456E-02 
         2  1.150002942E+00  1.299996259E+00  6.549998111E+00  2.919905930E+02  2.919905937E+02  1.049380322E-03  9.989506048E-01  1.085007192E-03  9.989149779E-01  4.327660685E-05  3.984206105E-02 
         3  2.599979183E-01  1.299834635E+00  4.769962194E+00  2.919584785E+02  2.919584790E+02  4.482779969E-03  9.955172042E-01  4.634475449E-03  9.953655087E-01  1.848697201E-04  3.970485516E-02 
         4  2.499957813E-01  1.300216226E+00  3.040010943E+00  2.919865767E+02  2.919865771E+02  2.207866277E-03  9.977921337E-01  2.282773196E-03  9.977172268E-01  9.105045734E-05  3.979483698E-02 
         5  1.179989316E+00  1.700000987E+00  4.500025386E-01  2.919845166E+02  2.919845169E+02  2.771330792E-03  9.972286462E-01  2.865298725E-03  9.971346782E-01  1.142858299E-04  3.977188119E-02 
         6  2.090000749E+00  1.699988964E+00  2.640041275E+00  2.920003224E+02  2.920003239E+02  1.294443007E-04  9.998705594E-01  1.338454379E-04  9.998661583E-01  5.338293367E-06  3.987867185E-02 
         7  1.929998960E+00  1.700096390E+00  4.850038151E+00  2.919984905E+02  2.919984911E+02  4.265787636E-04  9.995734231E-01  4.410767143E-04  9.995589251E-01  1.759204963E-05  3.986666815E-02 
         8  1.149997690E+00  1.699993700E+00  6.550001821E+00  2.919863406E+02  2.919863418E+02  1.456790507E-03  9.985432002E-01  1.506217051E-03  9.984937736E-01  6.007828603E-05  3.982584071E-02 
         9  2.599530306E-01  1.699784014E+00  4.769789816E+00  2.919511945E+02  2.919511952E+02  5.446025655E-03  9.945539764E-01  5.630156526E-03  9.943698456E-01  2.245918375E-04  3.966612966E-02 
        10  2.500325889E-01  1.700141952E+00  3.039603904E+00  2.919822293E+02  2.919822298E+02  3.151708121E-03  9.968482937E-01  3.258531720E-03  9.967414701E-01  1.299714175E-04  3.975651004E-02 
        11  2.090000512E+00  6.999920786E-01  2.640018387E+00  2.881595356E+02  2.881595365E+02  2.233843682E-01  7.766156468E-01  2.286657715E-01  7.713342434E-01  9.282485282E-03  3.113552883E-02 
        12  1.930000944E+00  7.000071781E-01  4.849993220E+00  2.892344479E+02  2.892344481E+02  1.662462429E-01  8.337537478E-01  1.706249995E-01  8.293749912E-01  6.892730335E-03  3.337399874E-02 
        13  1.149999460E+00  7.000041210E-01  6.549999896E+00  2.895085593E+02  2.895085599E+02  1.598489389E-01  8.401510686E-01  1.641330256E-01  8.358669819E-01  6.620932802E-03  3.360740606E-02 
        14  2.599937070E-01  6.999245510E-01  4.770022657E+00  2.884763637E+02  2.884763640E+02  2.195113618E-01  7.804886317E-01  2.250544156E-01  7.749455778E-01  9.104519293E-03  3.126788160E-02 
        15  2.500057384E-01  7.000450448E-01  3.040068823E+00  2.882763693E+02  2.882763698E+02  2.426412181E-01  7.573587875E-01  2.484506338E-01  7.515493718E-01  1.006095245E-02  3.033947618E-02 
        16  1.179999658E+00  1.300002449E+00  4.500000716E-01  2.919879908E+02  2.919879910E+02  2.175831911E-03  9.978241680E-01  2.249654158E-03  9.977503457E-01  8.972904228E-05  3.979596522E-02 
        17  2.090000552E+00  1.299991228E+00  2.640042717E+00  2.920007296E+02  2.920007369E+02  4.820630510E-05  9.999517862E-01  4.984544211E-05  9.999501471E-01  1.988033888E-06  3.988196559E-02 
        18  1.930000128E+00  1.300009553E+00  4.849983633E+00  2.919982443E+02  2.919982445E+02  4.889693688E-04  9.995110455E-01  5.055875441E-04  9.994944274E-01  2.016502133E-05  3.986412985E-02 
