nodenumber     x-coordinate     y-coordinate     z-coordinate      temperature total-temperature               n2              air         molef-n2        molef-air concentration-n2 concentration-air 
         1  1.180011401E+00  7.000440735E-01  4.499552279E-01  2.885412835E+02  2.885412838E+02  1.597913032E-01  8.402086949E-01  1.641006628E-01  8.358993353E-01  6.646282882E-03  3.371765504E-02 
         2  1.150002942E+00  1.299996259E+00  6.549998111E+00  2.919994922E+02  2.919994926E+02  1.361020154E-04  9.998638831E-01  1.407291250E-04  9.998592560E-01  5.612874416E-06  3.987850917E-02 
         3  2.599979183E-01  1.299834635E+00  4.769962194E+00  2.919784600E+02  2.919784602E+02  3.071653940E-03  9.969283302E-01  3.175757388E-03  9.968242268E-01  1.266719691E-04  3.976032300E-02 
         4  2.499957813E-01  1.300216226E+00  3.040010943E+00  2.919831368E+02  2.919831370E+02  2.255226701E-03  9.977447733E-01  2.331729906E-03  9.976682701E-01  9.300446390E-05  3.979335288E-02 
         5  1.179989316E+00  1.700000987E+00  4.500025386E-01  2.919974305E+02  2.919974307E+02  6.525546196E-04  9.993474223E-01  6.747286124E-04  9.993252483E-01  2.691117507E-05  3.985749183E-02 
         6  2.090000749E+00  1.699988964E+00  2.640041275E+00  2.920003131E+02  2.920003146E+02  6.647293233E-05  9.999335308E-01  6.873315254E-05  9.999312706E-01  2.741354753E-06  3.988127006E-02 
         7  1.929998960E+00  1.700096390E+00  4.850038151E+00  2.920006211E+02  2.920006214E+02  1.476370232E-05  9.999852382E-01  1.526573169E-05  9.999847361E-01  6.088579591E-07  3.988336034E-02 
         8  1.149997690E+00  1.699993700E+00  6.550001821E+00  2.919987113E+02  2.919987120E+02  1.872941515E-04  9.998126965E-01  1.936609489E-04  9.998063297E-01  7.724056392E-06  3.987650510E-02 
         9  2.599530306E-01  1.699784014E+00  4.769789816E+00  2.919866944E+02  2.919866950E+02  2.182640928E-03  9.978173612E-01  2.256677323E-03  9.977433248E-01  9.000998544E-05  3.979586155E-02 
        10  2.500325889E-01  1.700141952E+00  3.039603904E+00  2.919801111E+02  2.919801115E+02  3.182029468E-03  9.968179724E-01  3.289873649E-03  9.967101282E-01  1.312225850E-04  3.975554824E-02 
        11  2.090000512E+00  6.999920786E-01  2.640018387E+00  2.882147669E+02  2.882147677E+02  1.863526859E-01  8.136473290E-01  1.911520393E-01  8.088479756E-01  7.748981048E-03  3.266052039E-02 
        12  1.930000944E+00  7.000071781E-01  4.849993220E+00  2.888655371E+02  2.888655373E+02  1.546505819E-01  8.453494088E-01  1.588025421E-01  8.411974486E-01  6.426741919E-03  3.389185295E-02 
        13  1.149999460E+00  7.000041210E-01  6.549999896E+00  2.891729536E+02  2.891729542E+02  1.551935282E-01  8.448064793E-01  1.593836355E-01  8.406163719E-01  6.438388494E-03  3.383681761E-02 
        14  2.599937070E-01  6.999245510E-01  4.770022657E+00  2.889271936E+02  2.889271940E+02  1.535208163E-01  8.464791772E-01  1.577832677E-01  8.422167257E-01  6.371945613E-03  3.393714485E-02 
        15  2.500057384E-01  7.000450448E-01  3.040068823E+00  2.881392388E+02  2.881392391E+02  2.349440259E-01  7.650559797E-01  2.403723018E-01  7.596277038E-01  9.761617508E-03  3.065956486E-02 
        16  1.179999658E+00  1.300002449E+00  4.500000716E-01  2.919976280E+02  2.919976282E+02  6.288518265E-04  9.993711481E-01  6.502215928E-04  9.993497783E-01  2.593369724E-05  3.985844416E-02 
        17  2.090000552E+00  1.299991228E+00  2.640042717E+00  2.920006687E+02  2.920006761E+02  3.581710573E-05  9.999641754E-01  3.703499653E-05  9.999629576E-01  1.477103109E-06  3.988248484E-02 
        18  1.930000128E+00  1.300009553E+00  4.849983633E+00  2.920005217E+02  2.920005219E+02  6.220322663E-05  9.999378117E-01  6.431827958E-05  9.999356966E-01  2.565270683E-06  3.988141853E-02 
