nodenumber     x-coordinate     y-coordinate     z-coordinate      temperature total-temperature               n2              air         molef-n2        molef-air concentration-n2 concentration-air 
         1  1.180011401E+00  7.000440735E-01  4.499552279E-01  2.888575175E+02  2.888575178E+02  1.434920049E-01  8.565079932E-01  1.474653917E-01  8.525346064E-01  5.964425241E-03  3.435508754E-02 
         2  1.150002942E+00  1.299996259E+00  6.549998111E+00  2.919998205E+02  2.919998210E+02  9.856383844E-05  9.999014213E-01  1.019149556E-04  9.998980701E-01  4.064793430E-06  3.988001241E-02 
         3  2.599979183E-01  1.299834635E+00  4.769962194E+00  2.919741881E+02  2.919741882E+02  3.561651300E-03  9.964383329E-01  3.682310336E-03  9.963176738E-01  1.468787566E-04  3.974069981E-02 
         4  2.499957813E-01  1.300216226E+00  3.040010943E+00  2.919751274E+02  2.919751276E+02  3.259507464E-03  9.967404925E-01  3.369944727E-03  9.966300553E-01  1.344195424E-04  3.975303199E-02 
         5  1.179989316E+00  1.700000987E+00  4.500025386E-01  2.919956042E+02  2.919956043E+02  1.067906941E-03  9.989320700E-01  1.104181084E-03  9.988957959E-01  4.403988263E-05  3.984061259E-02 
         6  2.090000749E+00  1.699988964E+00  2.640041275E+00  2.920004201E+02  2.920004216E+02  3.642595036E-05  9.999635778E-01  3.766456418E-05  9.999623392E-01  1.502213591E-06  3.988249458E-02 
         7  1.929998960E+00  1.700096390E+00  4.850038151E+00  2.920005738E+02  2.920005742E+02  2.229262907E-05  9.999777092E-01  2.305065954E-05  9.999769512E-01  9.193520774E-07  3.988305629E-02 
         8  1.149997690E+00  1.699993700E+00  6.550001821E+00  2.919994903E+02  2.919994910E+02  1.101655833E-04  9.998898251E-01  1.139109390E-04  9.998860797E-01  4.543255186E-06  3.987957949E-02 
         9  2.599530306E-01  1.699784014E+00  4.769789816E+00  2.919886290E+02  2.919886295E+02  1.863055755E-03  9.981369463E-01  1.926230265E-03  9.980737718E-01  7.683038952E-05  3.980877690E-02 
        10  2.500325889E-01  1.700141952E+00  3.039603904E+00  2.919739357E+02  2.919739362E+02  4.103657169E-03  9.958963447E-01  4.242572104E-03  9.957574298E-01  1.692272405E-04  3.971838724E-02 
        11  2.090000512E+00  6.999920786E-01  2.640018387E+00  2.884420031E+02  2.884420039E+02  1.567621222E-01  8.432378927E-01  1.610095881E-01  8.389904268E-01  6.521377195E-03  3.385622174E-02 
        12  1.930000944E+00  7.000071781E-01  4.849993220E+00  2.888270783E+02  2.888270785E+02  1.493145881E-01  8.506854026E-01  1.533837931E-01  8.466161976E-01  6.206666588E-03  3.411723880E-02 
        13  1.149999460E+00  7.000041210E-01  6.549999896E+00  2.887855234E+02  2.887855241E+02  1.603997468E-01  8.396002607E-01  1.647347479E-01  8.352652595E-01  6.662236265E-03  3.366706029E-02 
        14  2.599937070E-01  6.999245510E-01  4.770022657E+00  2.893616625E+02  2.893616631E+02  1.222069179E-01  8.777930755E-01  1.257284942E-01  8.742714992E-01  5.070959644E-03  3.517757416E-02 
        15  2.500057384E-01  7.000450448E-01  3.040068823E+00  2.877375689E+02  2.877375693E+02  2.403942225E-01  7.596057831E-01  2.462431147E-01  7.537568908E-01  9.993734892E-03  3.048308218E-02 
        16  1.179999658E+00  1.300002449E+00  4.500000716E-01  2.919976997E+02  2.919976998E+02  6.732126221E-04  9.993267873E-01  6.960892522E-04  9.993039106E-01  2.776308308E-05  3.985660499E-02 
        17  2.090000552E+00  1.299991228E+00  2.640042717E+00  2.920007245E+02  2.920007319E+02  2.133877340E-05  9.999786538E-01  2.206437537E-05  9.999779282E-01  8.800148345E-07  3.988307430E-02 
        18  1.930000128E+00  1.300009553E+00  4.849983633E+00  2.920006569E+02  2.920006570E+02  5.755254650E-05  9.999424624E-01  5.950948978E-05  9.999405054E-01  2.373474649E-06  3.988159187E-02 
