nodenumber     x-coordinate     y-coordinate     z-coordinate      temperature total-temperature               n2              air         molef-n2        molef-air concentration-n2 concentration-air 
         1  1.180011401E+00  7.000440735E-01  4.499552279E-01  2.912357573E+02  2.912357575E+02  1.253493311E-02  9.874650650E-01  1.295527244E-02  9.870447257E-01  5.181654306E-04  3.947057151E-02 
         2  1.150002942E+00  1.299996259E+00  6.549998111E+00  2.919365918E+02  2.919365929E+02  1.346541371E-03  9.986534437E-01  1.392265205E-03  9.986077199E-01  5.554158074E-05  3.983717392E-02 
         3  2.599979183E-01  1.299834635E+00  4.769962194E+00  2.919891909E+02  2.919891910E+02  2.939410277E-04  9.997060431E-01  3.039333404E-04  9.996960508E-01  1.212256430E-05  3.987340652E-02 
         4  2.499957813E-01  1.300216226E+00  3.040010943E+00  2.919893965E+02  2.919893968E+02  5.832230228E-04  9.994167770E-01  6.030430202E-04  9.993969570E-01  2.405273306E-05  3.986144952E-02 
         5  1.179989316E+00  1.700000987E+00  4.500025386E-01  2.920003288E+02  2.920003288E+02  1.186209235E-05  9.999881149E-01  1.226545850E-05  9.999877115E-01  4.891957299E-07  3.988351793E-02 
         6  2.090000749E+00  1.699988964E+00  2.640041275E+00  2.919967053E+02  2.919967065E+02  7.861914765E-05  9.999213846E-01  8.129230797E-05  9.999187114E-01  3.242318698E-06  3.988126188E-02 
         7  1.929998960E+00  1.700096390E+00  4.850038151E+00  2.920005710E+02  2.920005712E+02  1.168543123E-06  9.999988333E-01  1.208279576E-06  9.999987936E-01  4.819099553E-08  3.988392784E-02 
         8  1.149997690E+00  1.699993700E+00  6.550001821E+00  2.919239789E+02  2.919239805E+02  1.677197771E-03  9.983227929E-01  1.734129579E-03  9.982658611E-01  6.918263810E-05  3.982525695E-02 
         9  2.599530306E-01  1.699784014E+00  4.769789816E+00  2.919996104E+02  2.919996107E+02  2.632193846E-05  9.999736802E-01  2.721699025E-05  9.999727851E-01  1.085526272E-06  3.988302173E-02 
        10  2.500325889E-01  1.700141952E+00  3.039603904E+00  2.919987286E+02  2.919987289E+02  1.389591709E-04  9.998610427E-01  1.436837738E-04  9.998563181E-01  5.730719334E-06  3.987849696E-02 
        11  2.090000512E+00  6.999920786E-01  2.640018387E+00  2.909397579E+02  2.909397582E+02  1.860444108E-02  9.813955738E-01  1.922462772E-02  9.807753872E-01  7.696067988E-04  3.925980300E-02 
        12  1.930000944E+00  7.000071781E-01  4.849993220E+00  2.916189749E+02  2.916189752E+02  7.478760197E-03  9.925212305E-01  7.730680618E-03  9.922693101E-01  3.088115647E-04  3.962736507E-02 
        13  1.149999460E+00  7.000041210E-01  6.549999896E+00  2.918920762E+02  2.918920764E+02  2.474029242E-03  9.975259782E-01  2.557425719E-03  9.974425817E-01  1.021267527E-04  3.979668684E-02 
        14  2.599937070E-01  6.999245510E-01  4.770022657E+00  2.918262541E+02  2.918262544E+02  4.941449910E-03  9.950585436E-01  5.108243314E-03  9.948917502E-01  2.039271918E-04  3.970388262E-02 
        15  2.500057384E-01  7.000450448E-01  3.040068823E+00  2.913459764E+02  2.913459767E+02  1.747574906E-02  9.825242565E-01  1.805541399E-02  9.819445916E-01  7.223597298E-04  3.925131054E-02 
        16  1.179999658E+00  1.300002449E+00  4.500000716E-01  2.919942576E+02  2.919942577E+02  1.676459952E-04  9.998323539E-01  1.733457432E-04  9.998266541E-01  6.913881035E-06  3.987792435E-02 
        17  2.090000552E+00  1.299991228E+00  2.640042717E+00  2.919995101E+02  2.919995170E+02  2.485792373E-05  9.999751346E-01  2.570317897E-05  9.999742894E-01  1.025152838E-06  3.988309504E-02 
        18  1.930000128E+00  1.300009553E+00  4.849983633E+00  2.919964322E+02  2.919964323E+02  6.987739029E-05  9.999301375E-01  7.225334529E-05  9.999277616E-01  2.881808914E-06  3.988166059E-02 
