nodenumber     x-coordinate     y-coordinate     z-coordinate      temperature total-temperature               n2              air         molef-n2        molef-air concentration-n2 concentration-air 
         1  1.180011401E+00  7.000440735E-01  4.499552279E-01  2.881604096E+02  2.881604098E+02  2.232102483E-01  7.767897498E-01  2.287078496E-01  7.712921485E-01  9.271018614E-03  3.114619821E-02 
         2  1.150002942E+00  1.299996259E+00  6.549998111E+00  2.919630241E+02  2.919630250E+02  4.003535973E-03  9.959964491E-01  4.139039780E-03  9.958609453E-01  1.651053527E-04  3.972399857E-02 
         3  2.599979183E-01  1.299834635E+00  4.769962194E+00  2.919702491E+02  2.919702494E+02  3.898152192E-03  9.961018320E-01  4.030168559E-03  9.959698156E-01  1.607561191E-04  3.972736057E-02 
         4  2.499957813E-01  1.300216226E+00  3.040010943E+00  2.919863899E+02  2.919863902E+02  2.307226944E-03  9.976927731E-01  2.385496933E-03  9.976145031E-01  9.514774268E-05  3.979076522E-02 
         5  1.179989316E+00  1.700000987E+00  4.500025386E-01  2.919832604E+02  2.919832606E+02  2.925654740E-03  9.970743222E-01  3.024838756E-03  9.969751382E-01  1.206498137E-04  3.976568881E-02 
         6  2.090000749E+00  1.699988964E+00  2.640041275E+00  2.919990819E+02  2.919990835E+02  2.795487668E-04  9.997204550E-01  2.890513848E-04  9.997109523E-01  1.152859306E-05  3.987265098E-02 
         7  1.929998960E+00  1.700096390E+00  4.850038151E+00  2.919933729E+02  2.919933732E+02  1.429409712E-03  9.985705922E-01  1.477941005E-03  9.985220609E-01  5.894770703E-05  3.982601154E-02 
         8  1.149997690E+00  1.699993700E+00  6.550001821E+00  2.919477815E+02  2.919477827E+02  5.548411751E-03  9.944515789E-01  5.735899817E-03  9.942640909E-01  2.288158533E-04  3.966237117E-02 
         9  2.599530306E-01  1.699784014E+00  4.769789816E+00  2.919584588E+02  2.919584594E+02  5.478268124E-03  9.945217340E-01  5.663485428E-03  9.943365167E-01  2.259154616E-04  3.966381348E-02 
        10  2.500325889E-01  1.700141952E+00  3.039603904E+00  2.919806490E+02  2.919806494E+02  3.217082559E-03  9.967829193E-01  3.326114590E-03  9.966738873E-01  1.326677734E-04  3.975402957E-02 
        11  2.090000512E+00  6.999920786E-01  2.640018387E+00  2.878585419E+02  2.878585426E+02  2.601061201E-01  7.398938948E-01  2.659773793E-01  7.340226356E-01  1.080280794E-02  2.965740964E-02 
        12  1.930000944E+00  7.000071781E-01  4.849993220E+00  2.890977250E+02  2.890977253E+02  1.725158046E-01  8.274841861E-01  1.770520141E-01  8.229479766E-01  7.153708599E-03  3.313200220E-02 
        13  1.149999460E+00  7.000041210E-01  6.549999896E+00  2.897782892E+02  2.897782899E+02  1.418540174E-01  8.581459901E-01  1.456779877E-01  8.543220197E-01  5.875066345E-03  3.431590572E-02 
        14  2.599937070E-01  6.999245510E-01  4.770022657E+00  2.894837077E+02  2.894837081E+02  1.686146539E-01  8.313853396E-01  1.730610967E-01  8.269388968E-01  6.982551836E-03  3.324930914E-02 
        15  2.500057384E-01  7.000450448E-01  3.040068823E+00  2.888960830E+02  2.888960838E+02  1.834576039E-01  8.165424017E-01  1.881830209E-01  8.118169847E-01  7.610975508E-03  3.270306403E-02 
        16  1.179999658E+00  1.300002449E+00  4.500000716E-01  2.919826014E+02  2.919826015E+02  2.948259775E-03  9.970517401E-01  3.048209506E-03  9.969517904E-01  1.215822194E-04  3.976484825E-02 
        17  2.090000552E+00  1.299991228E+00  2.640042717E+00  2.919998106E+02  2.919998171E+02  1.659394557E-04  9.998340531E-01  1.715808126E-04  9.998284117E-01  6.843354954E-06  3.987723580E-02 
        18  1.930000128E+00  1.300009553E+00  4.849983633E+00  2.919929987E+02  2.919929989E+02  1.443972563E-03  9.985560423E-01  1.493000429E-03  9.985070145E-01  5.954836774E-05  3.982546302E-02 
