nodenumber     x-coordinate     y-coordinate     z-coordinate      temperature total-temperature               n2              air         molef-n2        molef-air concentration-n2 concentration-air 
         1  1.180011401E+00  7.000440735E-01  4.499552279E-01  2.896098734E+02  2.896098735E+02  7.582728905E-02  9.241727091E-01  7.812964159E-02  9.218703565E-01  3.152066183E-03  3.706227735E-02 
         2  1.150002942E+00  1.299996259E+00  6.549998111E+00  2.920006411E+02  2.920006414E+02  1.722897766E-05  9.999827561E-01  1.781483284E-05  9.999821703E-01  7.105266525E-07  3.988325459E-02 
         3  2.599979183E-01  1.299834635E+00  4.769962194E+00  2.919945824E+02  2.919945826E+02  7.207437564E-04  9.992792404E-01  7.452296159E-04  9.992547546E-01  2.972349404E-05  3.985506912E-02 
         4  2.499957813E-01  1.300216226E+00  3.040010943E+00  2.919883577E+02  2.919883579E+02  2.010626125E-03  9.979893739E-01  2.078848965E-03  9.979211510E-01  8.291643343E-05  3.980272773E-02 
         5  1.179989316E+00  1.700000987E+00  4.500025386E-01  2.920000159E+02  2.920000160E+02  2.641912213E-04  9.997357857E-01  2.731725972E-04  9.997268044E-01  1.089523005E-05  3.987315464E-02 
         6  2.090000749E+00  1.699988964E+00  2.640041275E+00  2.920005478E+02  2.920005492E+02  1.624074781E-05  9.999837630E-01  1.679300491E-05  9.999832107E-01  6.697719301E-07  3.988330958E-02 
         7  1.929998960E+00  1.700096390E+00  4.850038151E+00  2.920006256E+02  2.920006259E+02  2.511374737E-07  9.999997507E-01  2.596774447E-07  9.999997422E-01  1.035696619E-08  3.988395821E-02 
         8  1.149997690E+00  1.699993700E+00  6.550001821E+00  2.920000179E+02  2.920000185E+02  4.866178750E-05  9.999513289E-01  5.031638640E-05  9.999496743E-01  2.006824855E-06  3.988204386E-02 
         9  2.599530306E-01  1.699784014E+00  4.769789816E+00  2.920005842E+02  2.920005845E+02  4.631806587E-06  9.999953703E-01  4.789310553E-06  9.999952128E-01  1.910167466E-07  3.988378324E-02 
        10  2.500325889E-01  1.700141952E+00  3.039603904E+00  2.919825388E+02  2.919825392E+02  3.197525955E-03  9.968024759E-01  3.305870366E-03  9.966941315E-01  1.318601356E-04  3.975457906E-02 
        11  2.090000512E+00  6.999920786E-01  2.640018387E+00  2.893326003E+02  2.893326014E+02  9.564568485E-02  9.043543301E-01  9.845973224E-02  9.015402827E-01  3.975116603E-03  3.627772193E-02 
        12  1.930000944E+00  7.000071781E-01  4.849993220E+00  2.899651792E+02  2.899651795E+02  7.754743980E-02  9.224525509E-01  7.984647284E-02  9.201535178E-01  3.220658455E-03  3.694448346E-02 
        13  1.149999460E+00  7.000041210E-01  6.549999896E+00  2.902621924E+02  2.902621931E+02  7.239899983E-02  9.276010076E-01  7.457290072E-02  9.254271067E-01  3.002530894E-03  3.712116130E-02 
        14  2.599937070E-01  6.999245510E-01  4.770022657E+00  2.898950988E+02  2.898950994E+02  7.685164920E-02  9.231483443E-01  7.921676658E-02  9.207832269E-01  3.187515235E-03  3.698664744E-02 
        15  2.500057384E-01  7.000450448E-01  3.040068823E+00  2.895260961E+02  2.895260964E+02  1.020237015E-01  8.979763041E-01  1.050427348E-01  8.949572708E-01  4.235991529E-03  3.598993785E-02 
        16  1.179999658E+00  1.300002449E+00  4.500000716E-01  2.920001648E+02  2.920001649E+02  2.483172982E-04  9.997516826E-01  2.567591898E-04  9.997432407E-01  1.024059181E-05  3.987379076E-02 
        17  2.090000552E+00  1.299991228E+00  2.640042717E+00  2.920008197E+02  2.920008272E+02  6.874180130E-06  9.999931184E-01  7.107934582E-06  9.999928846E-01  2.834924900E-07  3.988365782E-02 
        18  1.930000128E+00  1.300009553E+00  4.849983633E+00  2.920007956E+02  2.920007957E+02  1.138953779E-05  9.999886254E-01  1.177683369E-05  9.999882381E-01  4.697066376E-07  3.988347669E-02 
