nodenumber     x-coordinate     y-coordinate     z-coordinate      temperature total-temperature               n2              air         molef-n2        molef-air concentration-n2 concentration-air 
         1  1.180011401E+00  7.000440735E-01  4.499552279E-01  2.883820431E+02  2.883820432E+02  1.570334458E-01  8.429665524E-01  1.613184055E-01  8.386815926E-01  6.534430101E-03  3.385160405E-02 
         2  1.150002942E+00  1.299996259E+00  6.549998111E+00  2.919996528E+02  2.919996532E+02  1.151977131E-04  9.998847874E-01  1.191142271E-04  9.998808709E-01  4.750778162E-06  3.987934934E-02 
         3  2.599979183E-01  1.299834635E+00  4.769962194E+00  2.919904835E+02  2.919904838E+02  1.235368279E-03  9.987646159E-01  1.277313959E-03  9.987226702E-01  5.094646809E-05  3.983440605E-02 
         4  2.499957813E-01  1.300216226E+00  3.040010943E+00  2.919696626E+02  2.919696628E+02  3.717408534E-03  9.962825915E-01  3.843303991E-03  9.961566960E-01  1.533036281E-04  3.973489448E-02 
         5  1.179989316E+00  1.700000987E+00  4.500025386E-01  2.919948928E+02  2.919948929E+02  1.164811156E-03  9.988351658E-01  1.204372973E-03  9.987956040E-01  4.803611790E-05  3.983671352E-02 
         6  2.090000749E+00  1.699988964E+00  2.640041275E+00  2.920004676E+02  2.920004692E+02  2.993486810E-05  9.999700689E-01  3.095276264E-05  9.999690510E-01  1.234519969E-06  3.988275578E-02 
         7  1.929998960E+00  1.700096390E+00  4.850038151E+00  2.920006107E+02  2.920006111E+02  1.391789444E-05  9.999860840E-01  1.439116350E-05  9.999856107E-01  5.739767406E-07  3.988339663E-02 
         8  1.149997690E+00  1.699993700E+00  6.550001821E+00  2.919983946E+02  2.919983952E+02  2.081804109E-04  9.997918103E-01  2.152570332E-04  9.997847337E-01  8.585415865E-06  3.987568700E-02 
         9  2.599530306E-01  1.699784014E+00  4.769789816E+00  2.920003520E+02  2.920003525E+02  4.264827521E-05  9.999573538E-01  4.409844414E-05  9.999559037E-01  1.758823342E-06  3.988224714E-02 
        10  2.500325889E-01  1.700141952E+00  3.039603904E+00  2.919575617E+02  2.919575621E+02  6.051468989E-03  9.939485329E-01  6.255905188E-03  9.937440967E-01  2.495490054E-04  3.964030254E-02 
        11  2.090000512E+00  6.999920786E-01  2.640018387E+00  2.884667428E+02  2.884667437E+02  1.658431016E-01  8.341569133E-01  1.702355157E-01  8.297644992E-01  6.895841400E-03  3.347830681E-02 
        12  1.930000944E+00  7.000071781E-01  4.849993220E+00  2.882750090E+02  2.882750092E+02  1.911998016E-01  8.088001891E-01  1.960833240E-01  8.039166666E-01  7.951545721E-03  3.245000585E-02 
        13  1.149999460E+00  7.000041210E-01  6.549999896E+00  2.892589061E+02  2.892589067E+02  1.513353466E-01  8.486646608E-01  1.554598969E-01  8.445401106E-01  6.276790942E-03  3.398635456E-02 
        14  2.599937070E-01  6.999245510E-01  4.770022657E+00  2.891614959E+02  2.891614966E+02  1.351620224E-01  8.648379711E-01  1.389880626E-01  8.610119309E-01  5.609999952E-03  3.466648269E-02 
        15  2.500057384E-01  7.000450448E-01  3.040068823E+00  2.885875615E+02  2.885875619E+02  1.808617079E-01  8.191382977E-01  1.855477561E-01  8.144522495E-01  7.515712519E-03  3.284191394E-02 
        16  1.179999658E+00  1.300002449E+00  4.500000716E-01  2.919953294E+02  2.919953295E+02  1.098494312E-03  9.989015056E-01  1.135806345E-03  9.988641935E-01  4.530128676E-05  3.983939054E-02 
        17  2.090000552E+00  1.299991228E+00  2.640042717E+00  2.920007685E+02  2.920007760E+02  1.691394181E-05  9.999830786E-01  1.748908278E-05  9.999825035E-01  6.975339014E-07  3.988325078E-02 
        18  1.930000128E+00  1.300009553E+00  4.849983633E+00  2.920007135E+02  2.920007136E+02  4.711430395E-05  9.999529006E-01  4.871633679E-05  9.999512986E-01  1.943000507E-06  3.988201461E-02 
