nodenumber     x-coordinate     y-coordinate     z-coordinate      temperature total-temperature               n2              air         molef-n2        molef-air concentration-n2 concentration-air 
         1  1.180011401E+00  7.000440735E-01  4.499552279E-01  2.882441929E+02  2.882441931E+02  2.252448762E-01  7.747551220E-01  2.307567746E-01  7.692432235E-01  9.351767196E-03  3.105368466E-02 
         2  1.150002942E+00  1.299996259E+00  6.549998111E+00  2.919488781E+02  2.919488789E+02  5.298926058E-03  9.947010590E-01  5.478065168E-03  9.945219199E-01  2.185281536E-04  3.967250854E-02 
         3  2.599979183E-01  1.299834635E+00  4.769962194E+00  2.919713636E+02  2.919713639E+02  3.676950729E-03  9.963230334E-01  3.801504486E-03  9.961984797E-01  1.516345986E-04  3.973632984E-02 
         4  2.499957813E-01  1.300216226E+00  3.040010943E+00  2.919824447E+02  2.919824450E+02  2.825841012E-03  9.971741590E-01  2.921651543E-03  9.970783485E-01  1.165343830E-04  3.976991750E-02 
         5  1.179989316E+00  1.700000987E+00  4.500025386E-01  2.919782028E+02  2.919782030E+02  3.532466071E-03  9.964675109E-01  3.652148615E-03  9.963478283E-01  1.456733867E-04  3.974135614E-02 
         6  2.090000749E+00  1.699988964E+00  2.640041275E+00  2.919993453E+02  2.919993469E+02  2.308529666E-04  9.997691508E-01  2.387009696E-04  9.997613028E-01  9.520390543E-06  3.987462321E-02 
         7  1.929998960E+00  1.700096390E+00  4.850038151E+00  2.919906290E+02  2.919906293E+02  1.828203389E-03  9.981717985E-01  1.890248931E-03  9.981097529E-01  7.539333534E-05  3.980994071E-02 
         8  1.149997690E+00  1.699993700E+00  6.550001821E+00  2.919424874E+02  2.919424885E+02  5.984160056E-03  9.940158306E-01  6.186297190E-03  9.938136935E-01  2.467867516E-04  3.964512364E-02 
         9  2.599530306E-01  1.699784014E+00  4.769789816E+00  2.919617901E+02  2.919617905E+02  5.057393409E-03  9.949426087E-01  5.228466891E-03  9.947715352E-01  2.085599193E-04  3.968071388E-02 
        10  2.500325889E-01  1.700141952E+00  3.039603904E+00  2.919733805E+02  2.919733809E+02  4.265083605E-03  9.957349183E-01  4.409469813E-03  9.955905320E-01  1.758838251E-04  3.971180648E-02 
        11  2.090000512E+00  6.999920786E-01  2.640018387E+00  2.873528031E+02  2.873528039E+02  2.892634735E-01  7.107365414E-01  2.954232947E-01  7.045767202E-01  1.202615440E-02  2.850591007E-02 
        12  1.930000944E+00  7.000071781E-01  4.849993220E+00  2.892544297E+02  2.892544301E+02  1.633135152E-01  8.366864755E-01  1.676634607E-01  8.323365299E-01  6.770418495E-03  3.349338320E-02 
        13  1.149999460E+00  7.000041210E-01  6.549999896E+00  2.889997573E+02  2.889997580E+02  1.855212699E-01  8.144787376E-01  1.903307350E-01  8.096692725E-01  7.691232194E-03  3.260810549E-02 
        14  2.599937070E-01  6.999245510E-01  4.770022657E+00  2.888106786E+02  2.888106790E+02  2.042789534E-01  7.957210400E-01  2.094594356E-01  7.905405579E-01  8.469123118E-03  3.185671894E-02 
        15  2.500057384E-01  7.000450448E-01  3.040068823E+00  2.888326895E+02  2.888326901E+02  1.881074924E-01  8.118925132E-01  1.929774693E-01  8.070225363E-01  7.802403181E-03  3.252026705E-02 
        16  1.179999658E+00  1.300002449E+00  4.500000716E-01  2.919834294E+02  2.919834296E+02  2.755556995E-03  9.972444429E-01  2.848992638E-03  9.971510072E-01  1.136358411E-04  3.977268152E-02 
        17  2.090000552E+00  1.299991228E+00  2.640042717E+00  2.920002641E+02  2.920002709E+02  9.864400505E-05  9.999013485E-01  1.019978158E-04  9.998979947E-01  4.068088884E-06  3.987994911E-02 
        18  1.930000128E+00  1.300009553E+00  4.849983633E+00  2.919950943E+02  2.919950944E+02  9.498757928E-04  9.990501391E-01  9.821411015E-04  9.990178738E-01  3.917252133E-05  3.984555263E-02 
