nodenumber     x-coordinate     y-coordinate     z-coordinate      temperature total-temperature               n2              air         molef-n2        molef-air concentration-n2 concentration-air 
         1  1.180011401E+00  7.000440735E-01  4.499552279E-01  2.889445499E+02  2.889445499E+02  1.326301987E-01  8.673697994E-01  1.363389782E-01  8.636610199E-01  5.514173141E-03  3.479318395E-02 
         2  1.150002942E+00  1.299996259E+00  6.549998111E+00  2.919997607E+02  2.919997611E+02  1.082798531E-04  9.998917052E-01  1.119612219E-04  9.998880239E-01  4.465483127E-06  3.987961989E-02 
         3  2.599979183E-01  1.299834635E+00  4.769962194E+00  2.919865218E+02  2.919865221E+02  1.665127399E-03  9.983348568E-01  1.721637805E-03  9.982783464E-01  6.866962023E-05  3.981722407E-02 
         4  2.499957813E-01  1.300216226E+00  3.040010943E+00  2.919715786E+02  2.919715788E+02  3.476246176E-03  9.965237538E-01  3.593999488E-03  9.964060005E-01  1.433584491E-04  3.974457790E-02 
         5  1.179989316E+00  1.700000987E+00  4.500025386E-01  2.919946354E+02  2.919946354E+02  1.213473051E-03  9.987865039E-01  1.254685597E-03  9.987452914E-01  5.004286764E-05  3.983474194E-02 
         6  2.090000749E+00  1.699988964E+00  2.640041275E+00  2.920004815E+02  2.920004831E+02  2.781469656E-05  9.999721890E-01  2.876049210E-05  9.999712432E-01  1.147083561E-06  3.988284133E-02 
         7  1.929998960E+00  1.700096390E+00  4.850038151E+00  2.920006020E+02  2.920006023E+02  1.682795223E-05  9.999831739E-01  1.740017284E-05  9.999826017E-01  6.939880177E-07  3.988327781E-02 
         8  1.149997690E+00  1.699993700E+00  6.550001821E+00  2.919981905E+02  2.919981911E+02  2.290850179E-04  9.997709057E-01  2.368720554E-04  9.997631186E-01  9.447527121E-06  3.987485277E-02 
         9  2.599530306E-01  1.699784014E+00  4.769789816E+00  2.920002985E+02  2.920002989E+02  4.966827091E-05  9.999503338E-01  5.135712172E-05  9.999486450E-01  2.048329223E-06  3.988196494E-02 
        10  2.500325889E-01  1.700141952E+00  3.039603904E+00  2.919670016E+02  2.919670020E+02  4.855750794E-03  9.951442511E-01  5.020024489E-03  9.949799774E-01  2.002421456E-04  3.968831964E-02 
        11  2.090000512E+00  6.999920786E-01  2.640018387E+00  2.882539142E+02  2.882539151E+02  1.769117936E-01  8.230882213E-01  1.815379184E-01  8.184620965E-01  7.357746317E-03  3.304619947E-02 
        12  1.930000944E+00  7.000071781E-01  4.849993220E+00  2.879974699E+02  2.879974700E+02  2.026764957E-01  7.973234950E-01  2.077858996E-01  7.922140911E-01  8.433644526E-03  3.200695530E-02 
        13  1.149999460E+00  7.000041210E-01  6.549999896E+00  2.892306401E+02  2.892306408E+02  1.552139197E-01  8.447860877E-01  1.594659059E-01  8.405341016E-01  6.435950884E-03  3.383096591E-02 
        14  2.599937070E-01  6.999245510E-01  4.770022657E+00  2.885145688E+02  2.885145693E+02  1.623912564E-01  8.376087371E-01  1.668392249E-01  8.331607685E-01  6.749245189E-03  3.361775984E-02 
        15  2.500057384E-01  7.000450448E-01  3.040068823E+00  2.879635174E+02  2.879635176E+02  2.130594840E-01  7.869405215E-01  2.183850390E-01  7.816149666E-01  8.862047900E-03  3.158323977E-02 
        16  1.179999658E+00  1.300002449E+00  4.500000716E-01  2.919954009E+02  2.919954009E+02  1.097795364E-03  9.989022045E-01  1.135083647E-03  9.988649162E-01  4.527245176E-05  3.983940962E-02 
        17  2.090000552E+00  1.299991228E+00  2.640042717E+00  2.920007515E+02  2.920007590E+02  1.940220855E-05  9.999805903E-01  2.006195750E-05  9.999799306E-01  8.001504247E-07  3.988315049E-02 
        18  1.930000128E+00  1.300009553E+00  4.849983633E+00  2.920007314E+02  2.920007315E+02  4.773754553E-05  9.999522774E-01  4.936077085E-05  9.999506541E-01  1.968702887E-06  3.988198647E-02 
