nodenumber     x-coordinate     y-coordinate     z-coordinate      temperature total-temperature               n2              air         molef-n2        molef-air concentration-n2 concentration-air 
         1  1.180011401E+00  7.000440735E-01  4.499552279E-01  2.883137646E+02  2.883137647E+02  2.084406342E-01  7.915593640E-01  2.136879402E-01  7.863120580E-01  8.657159630E-03  3.173843016E-02 
         2  1.150002942E+00  1.299996259E+00  6.549998111E+00  2.919519419E+02  2.919519425E+02  5.514784902E-03  9.944852002E-01  5.701222293E-03  9.942987628E-01  2.274261460E-04  3.966319187E-02 
         3  2.599979183E-01  1.299834635E+00  4.769962194E+00  2.919632009E+02  2.919632012E+02  4.557471301E-03  9.954425129E-01  4.711710274E-03  9.952882739E-01  1.879461634E-04  3.970113347E-02 
         4  2.499957813E-01  1.300216226E+00  3.040010943E+00  2.919859085E+02  2.919859088E+02  2.365600003E-03  9.976344000E-01  2.445844596E-03  9.975541554E-01  9.755495288E-05  3.978842377E-02 
         5  1.179989316E+00  1.700000987E+00  4.500025386E-01  2.919820163E+02  2.919820166E+02  2.943444910E-03  9.970565320E-01  3.043231608E-03  9.969567453E-01  1.213839154E-04  3.976512465E-02 
         6  2.090000749E+00  1.699988964E+00  2.640041275E+00  2.919992459E+02  2.919992475E+02  2.470244153E-04  9.997529793E-01  2.554218614E-04  9.997445819E-01  1.018729706E-05  3.987396988E-02 
         7  1.929998960E+00  1.700096390E+00  4.850038151E+00  2.919904315E+02  2.919904318E+02  1.927767675E-03  9.980722342E-01  1.993185306E-03  9.980068166E-01  7.949905099E-05  3.980586197E-02 
         8  1.149997690E+00  1.699993700E+00  6.550001821E+00  2.919456361E+02  2.919456370E+02  6.345025620E-03  9.936549651E-01  6.559333425E-03  9.934406573E-01  2.616628919E-04  3.962981718E-02 
         9  2.599530306E-01  1.699784014E+00  4.769789816E+00  2.919529548E+02  2.919529554E+02  6.240122177E-03  9.937598799E-01  6.450946998E-03  9.935490551E-01  2.573314486E-04  3.963314950E-02 
        10  2.500325889E-01  1.700141952E+00  3.039603904E+00  2.919807658E+02  2.919807662E+02  3.331822549E-03  9.966681793E-01  3.444730177E-03  9.965552717E-01  1.373988921E-04  3.974928249E-02 
        11  2.090000512E+00  6.999920786E-01  2.640018387E+00  2.876111705E+02  2.876111712E+02  2.698940063E-01  7.301060086E-01  2.758960919E-01  7.241039230E-01  1.121610676E-02  2.927907278E-02 
        12  1.930000944E+00  7.000071781E-01  4.849993220E+00  2.884845187E+02  2.884845194E+02  2.040102371E-01  7.959897536E-01  2.092195800E-01  7.907804107E-01  8.466920318E-03  3.190441121E-02 
        13  1.149999460E+00  7.000041210E-01  6.549999896E+00  2.882768352E+02  2.882768359E+02  2.279096728E-01  7.720903347E-01  2.335211044E-01  7.664789031E-01  9.457230708E-03  3.094325904E-02 
        14  2.599937070E-01  6.999245510E-01  4.770022657E+00  2.890221169E+02  2.890221170E+02  1.940993946E-01  8.059005989E-01  1.991207628E-01  8.008792307E-01  8.042672356E-03  3.225343541E-02 
        15  2.500057384E-01  7.000450448E-01  3.040068823E+00  2.888958549E+02  2.888958555E+02  1.834158104E-01  8.165841952E-01  1.881632370E-01  8.118367686E-01  7.607868287E-03  3.270603793E-02 
        16  1.179999658E+00  1.300002449E+00  4.500000716E-01  2.919858597E+02  2.919858600E+02  2.375138799E-03  9.976248611E-01  2.455706878E-03  9.975442930E-01  9.794830511E-05  3.978803707E-02 
        17  2.090000552E+00  1.299991228E+00  2.640042717E+00  2.920001048E+02  2.920001117E+02  1.239970160E-04  9.998759955E-01  1.282126453E-04  9.998717799E-01  5.113647325E-06  3.987892532E-02 
        18  1.930000128E+00  1.300009553E+00  4.849983633E+00  2.919946084E+02  2.919946085E+02  1.143112581E-03  9.988569023E-01  1.181935552E-03  9.988180793E-01  4.714131962E-05  3.983765020E-02 
