nodenumber     x-coordinate     y-coordinate     z-coordinate      temperature total-temperature               n2              air         molef-n2        molef-air concentration-n2 concentration-air 
         1  1.180011401E+00  7.000440735E-01  4.499552279E-01  2.882678046E+02  2.882678047E+02  2.171517135E-01  7.828482846E-01  2.225825281E-01  7.774174701E-01  9.016107633E-03  3.138578096E-02 
         2  1.150002942E+00  1.299996259E+00  6.549998111E+00  2.919694960E+02  2.919694968E+02  3.298054592E-03  9.967019305E-01  3.409754578E-03  9.965902305E-01  1.360116332E-04  3.975220809E-02 
         3  2.599979183E-01  1.299834635E+00  4.769962194E+00  2.919655032E+02  2.919655036E+02  4.323664958E-03  9.956763192E-01  4.470027636E-03  9.955299565E-01  1.783042265E-04  3.971046085E-02 
         4  2.499957813E-01  1.300216226E+00  3.040010943E+00  2.919820125E+02  2.919820128E+02  2.552710565E-03  9.974472894E-01  2.639281001E-03  9.973607190E-01  1.052719511E-04  3.978123899E-02 
         5  1.179989316E+00  1.700000987E+00  4.500025386E-01  2.919826424E+02  2.919826425E+02  2.963810528E-03  9.970361664E-01  3.064285003E-03  9.969356919E-01  1.222234180E-04  3.976419963E-02 
         6  2.090000749E+00  1.699988964E+00  2.640041275E+00  2.920000085E+02  2.920000102E+02  1.226710367E-04  9.998773327E-01  1.268417802E-04  9.998731619E-01  5.058967700E-06  3.987899405E-02 
         7  1.929998960E+00  1.700096390E+00  4.850038151E+00  2.919955266E+02  2.919955270E+02  9.742238759E-04  9.990257780E-01  1.007313080E-03  9.989926888E-01  4.017647948E-05  3.984448858E-02 
         8  1.149997690E+00  1.699993700E+00  6.550001821E+00  2.919503401E+02  2.919503412E+02  5.406381566E-03  9.945936091E-01  5.589100843E-03  9.944108898E-01  2.229575142E-04  3.966787989E-02 
         9  2.599530306E-01  1.699784014E+00  4.769789816E+00  2.919592871E+02  2.919592876E+02  5.489764743E-03  9.945102374E-01  5.675383935E-03  9.943246182E-01  2.263889375E-04  3.966322683E-02 
        10  2.500325889E-01  1.700141952E+00  3.039603904E+00  2.919825490E+02  2.919825495E+02  2.846874742E-03  9.971531271E-01  2.943396582E-03  9.970566053E-01  1.174016559E-04  3.976903613E-02 
        11  2.090000512E+00  6.999920786E-01  2.640018387E+00  2.874613641E+02  2.874613649E+02  2.800508253E-01  7.199491896E-01  2.863092281E-01  7.136907868E-01  1.163613760E-02  2.887970460E-02 
        12  1.930000944E+00  7.000071781E-01  4.849993220E+00  2.888233398E+02  2.888233402E+02  1.864663231E-01  8.135336676E-01  1.913426871E-01  8.086573036E-01  7.734235514E-03  3.258962782E-02 
        13  1.149999460E+00  7.000041210E-01  6.549999896E+00  2.889574034E+02  2.889574040E+02  1.864141895E-01  8.135858180E-01  1.912152854E-01  8.087847220E-01  7.729702774E-03  3.257562324E-02 
        14  2.599937070E-01  6.999245510E-01  4.770022657E+00  2.888834759E+02  2.888834768E+02  1.992943854E-01  8.007056081E-01  2.043830818E-01  7.956169116E-01  8.261057885E-03  3.205450438E-02 
        15  2.500057384E-01  7.000450448E-01  3.040068823E+00  2.887170940E+02  2.887170946E+02  2.038397515E-01  7.961602540E-01  2.090000387E-01  7.909999669E-01  8.452990347E-03  3.188584194E-02 
        16  1.179999658E+00  1.300002449E+00  4.500000716E-01  2.919860068E+02  2.919860069E+02  2.455617572E-03  9.975443823E-01  2.538908825E-03  9.974610911E-01  1.012668434E-04  3.978469844E-02 
        17  2.090000552E+00  1.299991228E+00  2.640042717E+00  2.920003217E+02  2.920003280E+02  9.173630533E-05  9.999082562E-01  9.485528557E-05  9.999051373E-01  3.783214564E-06  3.988022612E-02 
        18  1.930000128E+00  1.300009553E+00  4.849983633E+00  2.919960147E+02  2.919960149E+02  8.213415709E-04  9.991786733E-01  8.492433476E-04  9.991507716E-01  3.387184122E-05  3.985072759E-02 
