nodenumber     x-coordinate     y-coordinate     z-coordinate      temperature total-temperature               n2              air         molef-n2        molef-air concentration-n2 concentration-air 
         1  1.180011401E+00  7.000440735E-01  4.499552279E-01  2.888670542E+02  2.888670545E+02  1.844878411E-01  8.155121571E-01  1.892198100E-01  8.107801881E-01  7.655651866E-03  3.266262749E-02 
         2  1.150002942E+00  1.299996259E+00  6.549998111E+00  2.919555220E+02  2.919555230E+02  4.661263817E-03  9.953387213E-01  4.818931299E-03  9.951810538E-01  1.922307481E-04  3.969789818E-02 
         3  2.599979183E-01  1.299834635E+00  4.769962194E+00  2.919727384E+02  2.919727387E+02  3.632931613E-03  9.963670526E-01  3.756004037E-03  9.962439801E-01  1.498187281E-04  3.973795788E-02 
         4  2.499957813E-01  1.300216226E+00  3.040010943E+00  2.919848367E+02  2.919848370E+02  2.535519510E-03  9.974644805E-01  2.621512098E-03  9.973784879E-01  1.045620296E-04  3.978156310E-02 
         5  1.179989316E+00  1.700000987E+00  4.500025386E-01  2.919824500E+02  2.919824502E+02  3.078671339E-03  9.969213056E-01  3.183027038E-03  9.968169499E-01  1.269597020E-04  3.975948962E-02 
         6  2.090000749E+00  1.699988964E+00  2.640041275E+00  2.919991295E+02  2.919991312E+02  2.680679718E-04  9.997319358E-01  2.771801653E-04  9.997228236E-01  1.105512346E-05  3.987311795E-02 
         7  1.929998960E+00  1.700096390E+00  4.850038151E+00  2.919963807E+02  2.919963811E+02  9.010519311E-04  9.990989499E-01  9.316612203E-04  9.990683406E-01  3.715893680E-05  3.984738945E-02 
         8  1.149997690E+00  1.699993700E+00  6.550001821E+00  2.919440301E+02  2.919440314E+02  5.653730836E-03  9.943462599E-01  5.844725373E-03  9.941552653E-01  2.331615648E-04  3.965853810E-02 
         9  2.599530306E-01  1.699784014E+00  4.769789816E+00  2.919628190E+02  2.919628195E+02  4.964014130E-03  9.950359880E-01  5.131948157E-03  9.948680539E-01  2.047090278E-04  3.968442419E-02 
        10  2.500325889E-01  1.700141952E+00  3.039603904E+00  2.919803464E+02  2.919803469E+02  3.292831192E-03  9.967071707E-01  3.404421177E-03  9.965955807E-01  1.357913198E-04  3.975094736E-02 
        11  2.090000512E+00  6.999920786E-01  2.640018387E+00  2.879320423E+02  2.879320431E+02  2.562356348E-01  7.437643801E-01  2.620691636E-01  7.379308513E-01  1.063953121E-02  2.981018207E-02 
        12  1.930000944E+00  7.000071781E-01  4.849993220E+00  2.887334208E+02  2.887334212E+02  1.954038622E-01  8.045961285E-01  2.004746829E-01  7.995253078E-01  8.104045699E-03  3.223230541E-02 
        13  1.149999460E+00  7.000041210E-01  6.549999896E+00  2.891827124E+02  2.891827131E+02  1.777315663E-01  8.222684411E-01  1.823755071E-01  8.176245003E-01  7.365488799E-03  3.290830070E-02 
        14  2.599937070E-01  6.999245510E-01  4.770022657E+00  2.887981456E+02  2.887981462E+02  2.067661463E-01  7.932338471E-01  2.119310446E-01  7.880689489E-01  8.573027461E-03  3.175474004E-02 
        15  2.500057384E-01  7.000450448E-01  3.040068823E+00  2.888729308E+02  2.888729316E+02  1.904314027E-01  8.095686029E-01  1.953486391E-01  8.046513665E-01  7.896324890E-03  3.242065916E-02 
        16  1.179999658E+00  1.300002449E+00  4.500000716E-01  2.919842904E+02  2.919842905E+02  2.702509305E-03  9.972974906E-01  2.794150688E-03  9.972058492E-01  1.114480860E-04  3.977475166E-02 
        17  2.090000552E+00  1.299991228E+00  2.640042717E+00  2.919997122E+02  2.919997188E+02  1.804468024E-04  9.998195457E-01  1.865812339E-04  9.998134113E-01  7.441637479E-06  3.987665096E-02 
        18  1.930000128E+00  1.300009553E+00  4.849983633E+00  2.919944083E+02  2.919944084E+02  1.202601611E-03  9.987974133E-01  1.243441803E-03  9.987565731E-01  4.959453756E-05  3.983522432E-02 
