nodenumber     x-coordinate     y-coordinate     z-coordinate      temperature total-temperature               n2              air         molef-n2        molef-air concentration-n2 concentration-air 
         1  1.180011401E+00  7.000440735E-01  4.499552279E-01  2.889553641E+02  2.889553642E+02  1.805955843E-01  8.194044138E-01  1.852788016E-01  8.147211965E-01  7.491432434E-03  3.281431280E-02 
         2  1.150002942E+00  1.299996259E+00  6.549998111E+00  2.919467080E+02  2.919467090E+02  5.425372683E-03  9.945746124E-01  5.608742391E-03  9.943912427E-01  2.237436004E-04  3.966758964E-02 
         3  2.599979183E-01  1.299834635E+00  4.769962194E+00  2.919722344E+02  2.919722348E+02  3.704165621E-03  9.962958185E-01  3.829642277E-03  9.961703419E-01  1.527562427E-04  3.973508921E-02 
         4  2.499957813E-01  1.300216226E+00  3.040010943E+00  2.919838387E+02  2.919838390E+02  2.647505072E-03  9.973524949E-01  2.737285397E-03  9.972627146E-01  1.091801535E-04  3.977708130E-02 
         5  1.179989316E+00  1.700000987E+00  4.500025386E-01  2.919819189E+02  2.919819191E+02  3.175986473E-03  9.968239905E-01  3.283629723E-03  9.967163472E-01  1.309726350E-04  3.975554924E-02 
         6  2.090000749E+00  1.699988964E+00  2.640041275E+00  2.919994067E+02  2.919994084E+02  2.215317800E-04  9.997784719E-01  2.290625858E-04  9.997709411E-01  9.135978585E-06  3.987499923E-02 
         7  1.929998960E+00  1.700096390E+00  4.850038151E+00  2.919977149E+02  2.919977154E+02  6.676919356E-04  9.993323099E-01  6.903772976E-04  9.993096246E-01  2.753533625E-05  3.985683082E-02 
         8  1.149997690E+00  1.699993700E+00  6.550001821E+00  2.919499615E+02  2.919499627E+02  5.104012525E-03  9.948959782E-01  5.276501389E-03  9.947234893E-01  2.104904543E-04  3.968039877E-02 
         9  2.599530306E-01  1.699784014E+00  4.769789816E+00  2.919649296E+02  2.919649301E+02  4.720046036E-03  9.952799561E-01  4.879767431E-03  9.951202347E-01  1.946483261E-04  3.969419653E-02 
        10  2.500325889E-01  1.700141952E+00  3.039603904E+00  2.919742133E+02  2.919742137E+02  4.288347117E-03  9.957116547E-01  4.433503187E-03  9.955664987E-01  1.768423270E-04  3.971073421E-02 
        11  2.090000512E+00  6.999920786E-01  2.640018387E+00  2.877133179E+02  2.877133187E+02  2.679163091E-01  7.320837058E-01  2.739806634E-01  7.260193515E-01  1.112797479E-02  2.935246244E-02 
        12  1.930000944E+00  7.000071781E-01  4.849993220E+00  2.892489441E+02  2.892489445E+02  1.633259072E-01  8.366740835E-01  1.676278310E-01  8.323721596E-01  6.772579577E-03  3.349218527E-02 
        13  1.149999460E+00  7.000041210E-01  6.549999896E+00  2.883266228E+02  2.883266233E+02  2.277105676E-01  7.722894398E-01  2.333628701E-01  7.666371374E-01  9.447087306E-03  3.094636087E-02 
        14  2.599937070E-01  6.999245510E-01  4.770022657E+00  2.881549364E+02  2.881549368E+02  2.474121431E-01  7.525878504E-01  2.534518905E-01  7.465481030E-01  1.026112707E-02  3.015615847E-02 
        15  2.500057384E-01  7.000450448E-01  3.040068823E+00  2.887856751E+02  2.887856759E+02  1.976631795E-01  8.023368261E-01  2.026196021E-01  7.973804035E-01  8.199511935E-03  3.213007714E-02 
        16  1.179999658E+00  1.300002449E+00  4.500000716E-01  2.919846494E+02  2.919846495E+02  2.665577080E-03  9.973344228E-01  2.755969892E-03  9.972440300E-01  1.099250546E-04  3.977622565E-02 
        17  2.090000552E+00  1.299991228E+00  2.640042717E+00  2.919998625E+02  2.919998691E+02  1.577962110E-04  9.998421963E-01  1.631607208E-04  9.998368318E-01  6.507526877E-06  3.987756454E-02 
        18  1.930000128E+00  1.300009553E+00  4.849983633E+00  2.919954136E+02  2.919954138E+02  9.905336853E-04  9.990094812E-01  1.024177077E-03  9.989758378E-01  4.084911404E-05  3.984383242E-02 
