nodenumber     x-coordinate     y-coordinate     z-coordinate      temperature total-temperature               n2              air         molef-n2        molef-air concentration-n2 concentration-air 
         1  1.180011401E+00  7.000440735E-01  4.499552279E-01  2.886034527E+02  2.886034531E+02  1.843233823E-01  8.156766158E-01  1.890206858E-01  8.109793124E-01  7.658379086E-03  3.269703544E-02 
         2  1.150002942E+00  1.299996259E+00  6.549998111E+00  2.919825551E+02  2.919825560E+02  1.798172619E-03  9.982018125E-01  1.859171470E-03  9.981408136E-01  7.415711627E-05  3.981227855E-02 
         3  2.599979183E-01  1.299834635E+00  4.769962194E+00  2.919689832E+02  2.919689837E+02  3.519167704E-03  9.964808165E-01  3.638393069E-03  9.963615911E-01  1.451298129E-04  3.974315984E-02 
         4  2.499957813E-01  1.300216226E+00  3.040010943E+00  2.919912045E+02  2.919912049E+02  1.796265222E-03  9.982037348E-01  1.857233737E-03  9.981427663E-01  7.407624746E-05  3.981117903E-02 
         5  1.179989316E+00  1.700000987E+00  4.500025386E-01  2.919862157E+02  2.919862159E+02  2.541555347E-03  9.974584216E-01  2.627750944E-03  9.973722260E-01  1.048103970E-04  3.978112452E-02 
         6  2.090000749E+00  1.699988964E+00  2.640041275E+00  2.919997999E+02  2.919998013E+02  2.152752130E-04  9.997847285E-01  2.225939049E-04  9.997774098E-01  8.877956185E-06  3.987520355E-02 
         7  1.929998960E+00  1.700096390E+00  4.850038151E+00  2.919968769E+02  2.919968775E+02  7.107566292E-04  9.992892452E-01  7.349018630E-04  9.992651000E-01  2.931131900E-05  3.985516929E-02 
         8  1.149997690E+00  1.699993700E+00  6.550001821E+00  2.919939093E+02  2.919939104E+02  6.131055572E-04  9.993868851E-01  6.339280479E-04  9.993660626E-01  2.528471304E-05  3.985960038E-02 
         9  2.599530306E-01  1.699784014E+00  4.769789816E+00  2.919664737E+02  2.919664745E+02  4.014798236E-03  9.959852039E-01  4.150753488E-03  9.958492486E-01  1.655679850E-04  3.972306592E-02 
        10  2.500325889E-01  1.700141952E+00  3.039603904E+00  2.919872307E+02  2.919872312E+02  2.587591305E-03  9.974124106E-01  2.675345980E-03  9.973246559E-01  1.067083411E-04  3.977908991E-02 
        11  2.090000512E+00  6.999920786E-01  2.640018387E+00  2.877261628E+02  2.877261635E+02  2.370272804E-01  7.629727345E-01  2.427063623E-01  7.572936526E-01  9.856687355E-03  3.062187201E-02 
        12  1.930000944E+00  7.000071781E-01  4.849993220E+00  2.887375261E+02  2.887375264E+02  2.015464989E-01  7.984534918E-01  2.065509533E-01  7.934490374E-01  8.362136144E-03  3.197437060E-02 
        13  1.149999460E+00  7.000041210E-01  6.549999896E+00  2.886111490E+02  2.886111495E+02  2.012166362E-01  7.987833712E-01  2.062136937E-01  7.937863137E-01  8.352758866E-03  3.200145980E-02 
        14  2.599937070E-01  6.999245510E-01  4.770022657E+00  2.883921484E+02  2.883921495E+02  2.220466811E-01  7.779533124E-01  2.275888996E-01  7.724110939E-01  9.212597349E-03  3.117174424E-02 
        15  2.500057384E-01  7.000450448E-01  3.040068823E+00  2.884819033E+02  2.884819038E+02  2.214717952E-01  7.785282104E-01  2.269077084E-01  7.730922972E-01  9.187157609E-03  3.118480563E-02 
        16  1.179999658E+00  1.300002449E+00  4.500000716E-01  2.919838910E+02  2.919838910E+02  2.857960150E-03  9.971420397E-01  2.954858309E-03  9.970451416E-01  1.178582356E-04  3.976839607E-02 
        17  2.090000552E+00  1.299991228E+00  2.640042717E+00  2.920003067E+02  2.920003138E+02  1.328207713E-04  9.998671718E-01  1.373365746E-04  9.998626560E-01  5.477536819E-06  3.987853385E-02 
        18  1.930000128E+00  1.300009553E+00  4.849983633E+00  2.919973536E+02  2.919973537E+02  6.139998373E-04  9.993860151E-01  6.348632116E-04  9.993651517E-01  2.532120835E-05  3.985909534E-02 
