nodenumber     x-coordinate     y-coordinate     z-coordinate      temperature total-temperature               n2              air         molef-n2        molef-air concentration-n2 concentration-air 
         1  1.180011401E+00  7.000440735E-01  4.499552279E-01  2.905104218E+02  2.905104219E+02  4.073784489E-02  9.592621532E-01  4.202980762E-02  9.579701905E-01  1.690564173E-03  3.839873277E-02 
         2  1.150002942E+00  1.299996259E+00  6.549998111E+00  2.920007127E+02  2.920007130E+02  9.925898674E-06  9.999900592E-01  1.026342466E-05  9.999897217E-01  4.093461329E-07  3.988354599E-02 
         3  2.599979183E-01  1.299834635E+00  4.769962194E+00  2.919982962E+02  2.919982964E+02  1.937431580E-04  9.998062410E-01  2.003298110E-04  9.997996544E-01  7.990026734E-06  3.987629531E-02 
         4  2.499957813E-01  1.300216226E+00  3.040010943E+00  2.919980701E+02  2.919980704E+02  8.949386712E-04  9.991050613E-01  9.253409333E-04  9.990746591E-01  3.690663175E-05  3.984741085E-02 
         5  1.179989316E+00  1.700000987E+00  4.500025386E-01  2.920002585E+02  2.920002588E+02  1.197904241E-04  9.998801865E-01  1.238633187E-04  9.998761136E-01  4.940167887E-06  3.987907656E-02 
         6  2.090000749E+00  1.699988964E+00  2.640041275E+00  2.920004797E+02  2.920004810E+02  1.355612653E-05  9.999864476E-01  1.401709764E-05  9.999859866E-01  5.590578105E-07  3.988342960E-02 
         7  1.929998960E+00  1.700096390E+00  4.850038151E+00  2.920006250E+02  2.920006252E+02  4.410557613E-07  9.999995608E-01  4.560539223E-07  9.999995458E-01  1.818923890E-08  3.988395047E-02 
         8  1.149997690E+00  1.699993700E+00  6.550001821E+00  2.920003745E+02  2.920003750E+02  1.748559321E-05  9.999825051E-01  1.808017277E-05  9.999819105E-01  7.211102499E-07  3.988328087E-02 
         9  2.599530306E-01  1.699784014E+00  4.769789816E+00  2.920005786E+02  2.920005789E+02  4.304007181E-06  9.999956981E-01  4.450364877E-06  9.999955517E-01  1.774982424E-07  3.988379751E-02 
        10  2.500325889E-01  1.700141952E+00  3.039603904E+00  2.919991236E+02  2.919991239E+02  4.025517609E-04  9.995974501E-01  4.162313585E-04  9.995837705E-01  1.660108682E-05  3.986757264E-02 
        11  2.090000512E+00  6.999920786E-01  2.640018387E+00  2.897383658E+02  2.897383667E+02  8.019176282E-02  9.198082521E-01  8.261180201E-02  9.173882129E-01  3.328775435E-03  3.686738278E-02 
        12  1.930000944E+00  7.000071781E-01  4.849993220E+00  2.905900125E+02  2.905900131E+02  3.789409512E-02  9.621058956E-01  3.909590818E-02  9.609040825E-01  1.572343158E-03  3.850590584E-02 
        13  1.149999460E+00  7.000041210E-01  6.549999896E+00  2.908846437E+02  2.908846443E+02  4.193602026E-02  9.580639872E-01  4.325495430E-02  9.567450531E-01  1.736494786E-03  3.830088847E-02 
        14  2.599937070E-01  6.999245510E-01  4.770022657E+00  2.907399178E+02  2.907399182E+02  4.095746225E-02  9.590425312E-01  4.227168714E-02  9.577283063E-01  1.696031588E-03  3.836119762E-02 
        15  2.500057384E-01  7.000450448E-01  3.040068823E+00  2.899416607E+02  2.899416610E+02  9.840558235E-02  9.015944232E-01  1.012528012E-01  8.987472043E-01  4.081406454E-03  3.608685578E-02 
        16  1.179999658E+00  1.300002449E+00  4.500000716E-01  2.920001272E+02  2.920001273E+02  1.998821900E-04  9.998001177E-01  2.066777553E-04  9.997933221E-01  8.243144154E-06  3.987579335E-02 
        17  2.090000552E+00  1.299991228E+00  2.640042717E+00  2.920008030E+02  2.920008105E+02  4.605121470E-06  9.999953874E-01  4.761718100E-06  9.999952308E-01  1.899161335E-07  3.988375368E-02 
        18  1.930000128E+00  1.300009553E+00  4.849983633E+00  2.920007218E+02  2.920007219E+02  1.178281210E-05  9.999882321E-01  1.218348223E-05  9.999878314E-01  4.859255491E-07  3.988347055E-02 
