nodenumber     x-coordinate     y-coordinate     z-coordinate      temperature total-temperature               n2              air         molef-n2        molef-air concentration-n2 concentration-air 
         1  1.180011401E+00  7.000440735E-01  4.499552279E-01  2.884862709E+02  2.884862712E+02  1.860728877E-01  8.139271105E-01  1.908586770E-01  8.091413211E-01  7.732666656E-03  3.263902333E-02 
         2  1.150002942E+00  1.299996259E+00  6.549998111E+00  2.919913917E+02  2.919913925E+02  9.575467958E-04  9.990424383E-01  9.900652639E-04  9.990099198E-01  3.948940440E-05  3.984573913E-02 
         3  2.599979183E-01  1.299834635E+00  4.769962194E+00  2.919688676E+02  2.919688680E+02  4.039002734E-03  9.959609814E-01  4.175766076E-03  9.958242181E-01  1.665647107E-04  3.972174073E-02 
         4  2.499957813E-01  1.300216226E+00  3.040010943E+00  2.919831309E+02  2.919831312E+02  2.914264446E-03  9.970857356E-01  3.013061867E-03  9.969869381E-01  1.201801943E-04  3.976617796E-02 
         5  1.179989316E+00  1.700000987E+00  4.500025386E-01  2.919797409E+02  2.919797409E+02  3.548810748E-03  9.964511662E-01  3.669045271E-03  9.963309317E-01  1.463465654E-04  3.974047284E-02 
         6  2.090000749E+00  1.699988964E+00  2.640041275E+00  2.920002118E+02  2.920002136E+02  9.700233992E-05  9.999030014E-01  1.003005208E-04  9.998997032E-01  4.000389673E-06  3.988002485E-02 
         7  1.929998960E+00  1.700096390E+00  4.850038151E+00  2.920006271E+02  2.920006276E+02  1.433414167E-05  9.999856677E-01  1.482155829E-05  9.999851803E-01  5.911424943E-07  3.988337723E-02 
         8  1.149997690E+00  1.699993700E+00  6.550001821E+00  2.919882441E+02  2.919882452E+02  1.267470223E-03  9.987325205E-01  1.310491647E-03  9.986894990E-01  5.227069006E-05  3.983338827E-02 
         9  2.599530306E-01  1.699784014E+00  4.769789816E+00  2.919629206E+02  2.919629214E+02  5.117899655E-03  9.948821024E-01  5.291006648E-03  9.947089954E-01  2.110538734E-04  3.967806547E-02 
        10  2.500325889E-01  1.700141952E+00  3.039603904E+00  2.919703389E+02  2.919703392E+02  4.894190254E-03  9.951058116E-01  5.059763409E-03  9.949402385E-01  2.018247729E-04  3.968628106E-02 
        11  2.090000512E+00  6.999920786E-01  2.640018387E+00  2.877215236E+02  2.877215242E+02  2.362036473E-01  7.637963676E-01  2.418860962E-01  7.581139187E-01  9.819325920E-03  3.065951506E-02 
        12  1.930000944E+00  7.000071781E-01  4.849993220E+00  2.884662467E+02  2.884662469E+02  2.054725288E-01  7.945274619E-01  2.105469570E-01  7.894530336E-01  8.533368266E-03  3.184127120E-02 
        13  1.149999460E+00  7.000041210E-01  6.549999896E+00  2.888508863E+02  2.888508869E+02  1.886174057E-01  8.113826018E-01  1.934853995E-01  8.065146080E-01  7.823208522E-03  3.249696694E-02 
        14  2.599937070E-01  6.999245510E-01  4.770022657E+00  2.892300907E+02  2.892300911E+02  1.554289561E-01  8.445710374E-01  1.596576573E-01  8.403423362E-01  6.445852365E-03  3.382127127E-02 
        15  2.500057384E-01  7.000450448E-01  3.040068823E+00  2.880594770E+02  2.880594773E+02  2.667981758E-01  7.332018298E-01  2.729091036E-01  7.270909020E-01  1.106595747E-02  2.936544403E-02 
        16  1.179999658E+00  1.300002449E+00  4.500000716E-01  2.919847588E+02  2.919847589E+02  2.797803085E-03  9.972021968E-01  2.892667099E-03  9.971073328E-01  1.153773267E-04  3.977075843E-02 
        17  2.090000552E+00  1.299991228E+00  2.640042717E+00  2.920006055E+02  2.920006128E+02  5.087653646E-05  9.999491160E-01  5.260646116E-05  9.999473861E-01  2.098155605E-06  3.988187243E-02 
        18  1.930000128E+00  1.300009553E+00  4.849983633E+00  2.920007861E+02  2.920007863E+02  7.716083161E-05  9.999228541E-01  7.978444920E-05  9.999202305E-01  3.182118821E-06  3.988076557E-02 
