nodenumber     x-coordinate     y-coordinate     z-coordinate      temperature total-temperature               n2              air         molef-n2        molef-air concentration-n2 concentration-air 
         1  1.180011401E+00  7.000440735E-01  4.499552279E-01  2.883877815E+02  2.883877816E+02  2.048911067E-01  7.951088915E-01  2.100355754E-01  7.899644227E-01  8.510203203E-03  3.187520254E-02 
         2  1.150002942E+00  1.299996259E+00  6.549998111E+00  2.919781794E+02  2.919781801E+02  2.547120342E-03  9.974528648E-01  2.633472992E-03  9.973665121E-01  1.050426475E-04  3.978199075E-02 
         3  2.599979183E-01  1.299834635E+00  4.769962194E+00  2.919556492E+02  2.919556497E+02  4.964004488E-03  9.950359797E-01  5.131897953E-03  9.948680862E-01  2.047138767E-04  3.968539757E-02 
         4  2.499957813E-01  1.300216226E+00  3.040010943E+00  2.919891657E+02  2.919891661E+02  2.003378489E-03  9.979966215E-01  2.071361503E-03  9.979286385E-01  8.261740303E-05  3.980291637E-02 
         5  1.179989316E+00  1.700000987E+00  4.500025386E-01  2.919878972E+02  2.919878974E+02  2.223491547E-03  9.977764854E-01  2.298925557E-03  9.977010514E-01  9.169433023E-05  3.979401089E-02 
         6  2.090000749E+00  1.699988964E+00  2.640041275E+00  2.919996115E+02  2.919996131E+02  2.265775471E-04  9.997734262E-01  2.342802716E-04  9.997657235E-01  9.344064406E-06  3.987476317E-02 
         7  1.929998960E+00  1.700096390E+00  4.850038151E+00  2.920005964E+02  2.920005968E+02  1.600941038E-05  9.999839925E-01  1.655379682E-05  9.999834481E-01  6.602311969E-07  3.988331234E-02 
         8  1.149997690E+00  1.699993700E+00  6.550001821E+00  2.919712253E+02  2.919712263E+02  3.449006171E-03  9.965509845E-01  3.565816978E-03  9.964341737E-01  1.422351240E-04  3.974574876E-02 
         9  2.599530306E-01  1.699784014E+00  4.769789816E+00  2.919543226E+02  2.919543234E+02  5.280191469E-03  9.947198106E-01  5.458758362E-03  9.945412437E-01  2.177517711E-04  3.967254231E-02 
        10  2.500325889E-01  1.700141952E+00  3.039603904E+00  2.919856984E+02  2.919856989E+02  2.715459739E-03  9.972845421E-01  2.807538953E-03  9.971924629E-01  1.119815533E-04  3.977402602E-02 
        11  2.090000512E+00  6.999920786E-01  2.640018387E+00  2.874474922E+02  2.874474930E+02  2.807782107E-01  7.192218042E-01  2.870511149E-01  7.129489000E-01  1.166785051E-02  2.885009839E-02 
        12  1.930000944E+00  7.000071781E-01  4.849993220E+00  2.890293075E+02  2.890293079E+02  1.771293344E-01  8.228706563E-01  1.817633974E-01  8.182365933E-01  7.345558541E-03  3.294971340E-02 
        13  1.149999460E+00  7.000041210E-01  6.549999896E+00  2.893128050E+02  2.893128056E+02  1.638429129E-01  8.361570946E-01  1.682063052E-01  8.317937023E-01  6.789909681E-03  3.346566102E-02 
        14  2.599937070E-01  6.999245510E-01  4.770022657E+00  2.893003817E+02  2.893003819E+02  1.691499765E-01  8.308500170E-01  1.737222462E-01  8.262777473E-01  7.007311494E-03  3.324979157E-02 
        15  2.500057384E-01  7.000450448E-01  3.040068823E+00  2.886557775E+02  2.886557783E+02  2.012863514E-01  7.987136542E-01  2.063026109E-01  7.936973946E-01  8.353237598E-03  3.199462010E-02 
        16  1.179999658E+00  1.300002449E+00  4.500000716E-01  2.919865466E+02  2.919865467E+02  2.353591397E-03  9.976464085E-01  2.433430558E-03  9.975665693E-01  9.705955813E-05  3.978883198E-02 
        17  2.090000552E+00  1.299991228E+00  2.640042717E+00  2.920002263E+02  2.920002336E+02  1.204457642E-04  9.998795468E-01  1.245408168E-04  9.998754517E-01  4.967193507E-06  3.987905518E-02 
        18  1.930000128E+00  1.300009553E+00  4.849983633E+00  2.920006142E+02  2.920006144E+02  8.523953440E-05  9.999147754E-01  8.813782065E-05  9.999118771E-01  3.515286796E-06  3.988045588E-02 
