nodenumber     x-coordinate     y-coordinate     z-coordinate      temperature total-temperature               n2              air         molef-n2        molef-air concentration-n2 concentration-air 
         1  1.180011401E+00  7.000440735E-01  4.499552279E-01  2.885748553E+02  2.885748560E+02  1.550058893E-01  8.449941088E-01  1.592371997E-01  8.407627985E-01  6.447208740E-03  3.391199199E-02 
         2  1.150002942E+00  1.299996259E+00  6.549998111E+00  2.919994839E+02  2.919994844E+02  1.276456269E-04  9.998723395E-01  1.319853310E-04  9.998679998E-01  5.264133837E-06  3.987885904E-02 
         3  2.599979183E-01  1.299834635E+00  4.769962194E+00  2.919738658E+02  2.919738659E+02  3.596837805E-03  9.964031464E-01  3.718681673E-03  9.962813025E-01  1.483297726E-04  3.973929283E-02 
         4  2.499957813E-01  1.300216226E+00  3.040010943E+00  2.919738509E+02  2.919738511E+02  3.318960198E-03  9.966810398E-01  3.431402230E-03  9.965685978E-01  1.368717119E-04  3.975075421E-02 
         5  1.179989316E+00  1.700000987E+00  4.500025386E-01  2.919957035E+02  2.919957036E+02  1.061287203E-03  9.989386897E-01  1.097336739E-03  9.989026402E-01  4.376688337E-05  3.984087202E-02 
         6  2.090000749E+00  1.699988964E+00  2.640041275E+00  2.920003804E+02  2.920003820E+02  4.158883163E-05  9.999584149E-01  4.300299536E-05  9.999570007E-01  1.715131810E-06  3.988228708E-02 
         7  1.929998960E+00  1.700096390E+00  4.850038151E+00  2.920005825E+02  2.920005829E+02  1.872250860E-05  9.999812794E-01  1.935914512E-05  9.999806427E-01  7.721197444E-07  3.988320234E-02 
         8  1.149997690E+00  1.699993700E+00  6.550001821E+00  2.919989739E+02  2.919989745E+02  1.569159892E-04  9.998430747E-01  1.622504769E-04  9.998377402E-01  6.471254805E-06  3.987772203E-02 
         9  2.599530306E-01  1.699784014E+00  4.769789816E+00  2.919860201E+02  2.919860206E+02  2.183201602E-03  9.978168005E-01  2.257206227E-03  9.977427959E-01  9.003268075E-05  3.979593100E-02 
        10  2.500325889E-01  1.700141952E+00  3.039603904E+00  2.919710862E+02  2.919710867E+02  4.439107910E-03  9.955608940E-01  4.589308845E-03  9.954106930E-01  1.830602051E-04  3.970494357E-02 
        11  2.090000512E+00  6.999920786E-01  2.640018387E+00  2.881416257E+02  2.881416266E+02  1.697513180E-01  8.302486969E-01  1.742689101E-01  8.257311048E-01  7.065861001E-03  3.335394363E-02 
        12  1.930000944E+00  7.000071781E-01  4.849993220E+00  2.883842721E+02  2.883842722E+02  1.687404762E-01  8.312595145E-01  1.732835643E-01  8.267164264E-01  7.017691174E-03  3.336801614E-02 
        13  1.149999460E+00  7.000041210E-01  6.549999896E+00  2.892326532E+02  2.892326538E+02  1.431151409E-01  8.568848666E-01  1.470356424E-01  8.529643650E-01  5.940235274E-03  3.432679314E-02 
        14  2.599937070E-01  6.999245510E-01  4.770022657E+00  2.889554347E+02  2.889554351E+02  1.387694923E-01  8.612305012E-01  1.426871189E-01  8.573128746E-01  5.763480795E-03  3.454180525E-02 
        15  2.500057384E-01  7.000450448E-01  3.040068823E+00  2.878148467E+02  2.878148472E+02  2.315905863E-01  7.684094193E-01  2.372970027E-01  7.627030029E-01  9.628643526E-03  3.083733859E-02 
        16  1.179999658E+00  1.300002449E+00  4.500000716E-01  2.919980104E+02  2.919980105E+02  6.017397494E-04  9.993982601E-01  6.221891260E-04  9.993778108E-01  2.481559707E-05  3.985951003E-02 
        17  2.090000552E+00  1.299991228E+00  2.640042717E+00  2.920007189E+02  2.920007264E+02  2.213512630E-05  9.999778574E-01  2.288780706E-05  9.999771047E-01  9.128565729E-07  3.988304223E-02 
        18  1.930000128E+00  1.300009553E+00  4.849983633E+00  2.920006452E+02  2.920006454E+02  5.890626013E-05  9.999411086E-01  6.090922505E-05  9.999391057E-01  2.429301850E-06  3.988153763E-02 
