nodenumber     x-coordinate     y-coordinate     z-coordinate      temperature total-temperature               n2              air         molef-n2        molef-air concentration-n2 concentration-air 
         1  1.180011401E+00  7.000440735E-01  4.499552279E-01  2.883781222E+02  2.883781223E+02  2.164875011E-01  7.835124971E-01  2.218322384E-01  7.781677597E-01  8.987558639E-03  3.139916890E-02 
         2  1.150002942E+00  1.299996259E+00  6.549998111E+00  2.919531864E+02  2.919531871E+02  5.156559580E-03  9.948434255E-01  5.330943722E-03  9.946690414E-01  2.126548628E-04  3.967779312E-02 
         3  2.599979183E-01  1.299834635E+00  4.769962194E+00  2.919769740E+02  2.919769743E+02  3.103476909E-03  9.968965073E-01  3.208671447E-03  9.967913127E-01  1.279849561E-04  3.975921300E-02 
         4  2.499957813E-01  1.300216226E+00  3.040010943E+00  2.919839949E+02  2.919839951E+02  2.711681950E-03  9.972883180E-01  2.803633829E-03  9.971963662E-01  1.118264380E-04  3.977441369E-02 
         5  1.179989316E+00  1.700000987E+00  4.500025386E-01  2.919765991E+02  2.919765992E+02  3.790683205E-03  9.962092937E-01  3.919080484E-03  9.960808965E-01  1.563213513E-04  3.973092726E-02 
         6  2.090000749E+00  1.699988964E+00  2.640041275E+00  2.919992440E+02  2.919992455E+02  2.636001999E-04  9.997364035E-01  2.725611162E-04  9.997274426E-01  1.087087909E-05  3.987328656E-02 
         7  1.929998960E+00  1.700096390E+00  4.850038151E+00  2.919971113E+02  2.919971117E+02  7.579181777E-04  9.992420837E-01  7.836676730E-04  9.992163342E-01  3.125622050E-05  3.985319237E-02 
         8  1.149997690E+00  1.699993700E+00  6.550001821E+00  2.919432358E+02  2.919432368E+02  6.143992255E-03  9.938559984E-01  6.351531612E-03  9.936484591E-01  2.533762851E-04  3.963843181E-02 
         9  2.599530306E-01  1.699784014E+00  4.769789816E+00  2.919680676E+02  2.919680680E+02  4.263147250E-03  9.957368548E-01  4.407476300E-03  9.955925258E-01  1.758072831E-04  3.971260886E-02 
        10  2.500325889E-01  1.700141952E+00  3.039603904E+00  2.919790887E+02  2.919790890E+02  3.565541548E-03  9.964344603E-01  3.686339906E-03  9.963136620E-01  1.470367607E-04  3.973987373E-02 
        11  2.090000512E+00  6.999920786E-01  2.640018387E+00  2.877714194E+02  2.877714202E+02  2.643534275E-01  7.356465874E-01  2.702681705E-01  7.297318444E-01  1.098087997E-02  2.949162915E-02 
        12  1.930000944E+00  7.000071781E-01  4.849993220E+00  2.896277272E+02  2.896277275E+02  1.418210497E-01  8.581789410E-01  1.456999407E-01  8.543000500E-01  5.876071724E-03  3.433567914E-02 
        13  1.149999460E+00  7.000041210E-01  6.549999896E+00  2.894380501E+02  2.894380505E+02  1.598294573E-01  8.401705502E-01  1.640890499E-01  8.359109575E-01  6.621989304E-03  3.361618844E-02 
        14  2.599937070E-01  6.999245510E-01  4.770022657E+00  2.895054149E+02  2.895054158E+02  1.606569197E-01  8.393430738E-01  1.649683334E-01  8.350316601E-01  6.654107007E-03  3.357464454E-02 
        15  2.500057384E-01  7.000450448E-01  3.040068823E+00  2.884338789E+02  2.884338795E+02  2.156039881E-01  7.843960175E-01  2.209421995E-01  7.790578061E-01  8.947245909E-03  3.143140957E-02 
        16  1.179999658E+00  1.300002449E+00  4.500000716E-01  2.919813048E+02  2.919813049E+02  3.066982501E-03  9.969330174E-01  3.170944658E-03  9.968290552E-01  1.264782373E-04  3.976012935E-02 
        17  2.090000552E+00  1.299991228E+00  2.640042717E+00  2.920000722E+02  2.920000788E+02  1.334558198E-04  9.998665367E-01  1.379930227E-04  9.998619995E-01  5.503728461E-06  3.987853970E-02 
        18  1.930000128E+00  1.300009553E+00  4.849983633E+00  2.919973341E+02  2.919973343E+02  6.511647210E-04  9.993488502E-01  6.732901344E-04  9.993267248E-01  2.685384825E-05  3.985756535E-02 
