nodenumber     x-coordinate     y-coordinate     z-coordinate      temperature total-temperature               n2              air         molef-n2        molef-air concentration-n2 concentration-air 
         1  1.180011401E+00  7.000440735E-01  4.499552279E-01  2.916959059E+02  2.916959073E+02  4.127764218E-03  9.958722339E-01  4.267520907E-03  9.957324772E-01  1.703863194E-04  3.975524738E-02 
         2  1.150002942E+00  1.299996259E+00  6.549998111E+00  2.918747597E+02  2.918747600E+02  1.643026928E-03  9.983569582E-01  1.698798802E-03  9.983011863E-01  6.778547954E-05  3.983338138E-02 
         3  2.599979183E-01  1.299834635E+00  4.769962194E+00  2.919576455E+02  2.919576459E+02  5.220466540E-04  9.994779375E-01  5.397893061E-04  9.994601949E-01  2.153212640E-05  3.986830650E-02 
         4  2.499957813E-01  1.300216226E+00  3.040010943E+00  2.920037247E+02  2.920037249E+02  8.858775451E-06  9.999911412E-01  9.160016872E-06  9.999908400E-01  3.653339666E-07  3.988317979E-02 
         5  1.179989316E+00  1.700000987E+00  4.500025386E-01  2.919747011E+02  2.919747016E+02  3.418796797E-04  9.996580973E-01  3.535011160E-04  9.996464758E-01  1.410032031E-05  3.987340758E-02 
         6  2.090000749E+00  1.699988964E+00  2.640041275E+00  2.920004952E+02  2.920004981E+02  1.205757174E-06  9.999987980E-01  1.246758967E-06  9.999987570E-01  4.972575995E-08  3.988393681E-02 
         7  1.929998960E+00  1.700096390E+00  4.850038151E+00  2.919763453E+02  2.919763454E+02  3.559415048E-04  9.996440604E-01  3.680406190E-04  9.996319612E-01  1.468022439E-05  3.987260506E-02 
         8  1.149997690E+00  1.699993700E+00  6.550001821E+00  2.919932663E+02  2.919932668E+02  9.177819753E-05  9.999082125E-01  9.489866810E-05  9.999050920E-01  3.785080587E-06  3.988118783E-02 
         9  2.599530306E-01  1.699784014E+00  4.769789816E+00  2.919862834E+02  2.919862837E+02  1.776791297E-04  9.998223230E-01  1.837199128E-04  9.998162822E-01  7.327880948E-06  3.987859980E-02 
        10  2.500325889E-01  1.700141952E+00  3.039603904E+00  2.920013811E+02  2.920013818E+02  2.451129551E-05  9.999754906E-01  2.534478518E-05  9.999746571E-01  1.010848076E-06  3.988285454E-02 
        11  2.090000512E+00  6.999920786E-01  2.640018387E+00  2.919952158E+02  2.919952167E+02  8.826808436E-05  9.999117468E-01  9.126922869E-05  9.999087457E-01  3.640279345E-06  3.988106827E-02 
        12  1.930000944E+00  7.000071781E-01  4.849993220E+00  2.919124413E+02  2.919124421E+02  1.087762545E-03  9.989122281E-01  1.124707466E-03  9.988752832E-01  4.487231278E-05  3.985114424E-02 
        13  1.149999460E+00  7.000041210E-01  6.549999896E+00  2.904541060E+02  2.904541086E+02  1.980891689E-02  9.801910906E-01  2.046855749E-02  9.795314500E-01  8.207675153E-04  3.927557638E-02 
        14  2.599937070E-01  6.999245510E-01  4.770022657E+00  2.918638417E+02  2.918638426E+02  1.701638789E-03  9.982983547E-01  1.759385571E-03  9.982406079E-01  7.020913566E-05  3.983245193E-02 
        15  2.500057384E-01  7.000450448E-01  3.040068823E+00  2.919902122E+02  2.919902124E+02  1.593519231E-04  9.998406537E-01  1.647695844E-04  9.998352360E-01  6.571979135E-06  3.987881931E-02 
        16  1.179999658E+00  1.300002449E+00  4.500000716E-01  2.919792106E+02  2.919792109E+02  2.621602963E-04  9.997378396E-01  2.710725941E-04  9.997289273E-01  1.081227424E-05  3.987608141E-02 
        17  2.090000552E+00  1.299991228E+00  2.640042717E+00  2.919980403E+02  2.919980475E+02  4.294369636E-05  9.999570489E-01  4.440389436E-05  9.999555887E-01  1.771030296E-06  3.988254993E-02 
        18  1.930000128E+00  1.300009553E+00  4.849983633E+00  2.919740339E+02  2.919740341E+02  3.469844886E-04  9.996530304E-01  3.587793102E-04  9.996412356E-01  1.431091575E-05  3.987329117E-02 
