nodenumber     x-coordinate     y-coordinate     z-coordinate      temperature total-temperature               n2              air         molef-n2        molef-air concentration-n2 concentration-air 
         1  1.180011401E+00  7.000440735E-01  4.499552279E-01  2.886186516E+02  2.886186517E+02  1.852520354E-01  8.147479628E-01  1.899685863E-01  8.100314118E-01  7.695861535E-03  3.265738358E-02 
         2  1.150002942E+00  1.299996259E+00  6.549998111E+00  2.919908806E+02  2.919908814E+02  1.024994211E-03  9.989749909E-01  1.059791755E-03  9.989401933E-01  4.227091124E-05  3.984302745E-02 
         3  2.599979183E-01  1.299834635E+00  4.769962194E+00  2.919571367E+02  2.919571372E+02  4.630869470E-03  9.953691147E-01  4.787551398E-03  9.952124328E-01  1.909768349E-04  3.969893138E-02 
         4  2.499957813E-01  1.300216226E+00  3.040010943E+00  2.919868727E+02  2.919868732E+02  2.236680796E-03  9.977633192E-01  2.312562819E-03  9.976874372E-01  9.223855193E-05  3.979360845E-02 
         5  1.179989316E+00  1.700000987E+00  4.500025386E-01  2.919857425E+02  2.919857429E+02  2.594589953E-03  9.974053870E-01  2.682580675E-03  9.973173963E-01  1.069974683E-04  3.977900208E-02 
         6  2.090000749E+00  1.699988964E+00  2.640041275E+00  2.920004115E+02  2.920004132E+02  8.268486047E-05  9.999173189E-01  8.549627954E-05  9.999145074E-01  3.409934064E-06  3.988058803E-02 
         7  1.929998960E+00  1.700096390E+00  4.850038151E+00  2.919974420E+02  2.919974425E+02  5.795307574E-04  9.994204711E-01  5.992233625E-04  9.994007785E-01  2.389972407E-05  3.986050369E-02 
         8  1.149997690E+00  1.699993700E+00  6.550001821E+00  2.919909097E+02  2.919909109E+02  9.712125453E-04  9.990287781E-01  1.004179223E-03  9.989958115E-01  4.005302953E-05  3.984524181E-02 
         9  2.599530306E-01  1.699784014E+00  4.769789816E+00  2.919568136E+02  2.919568143E+02  4.900810797E-03  9.950991913E-01  5.066608078E-03  9.949333940E-01  2.021072598E-04  3.968784647E-02 
        10  2.500325889E-01  1.700141952E+00  3.039603904E+00  2.919830992E+02  2.919830997E+02  3.120671110E-03  9.968793308E-01  3.226446345E-03  9.967735555E-01  1.286912502E-04  3.975767137E-02 
        11  2.090000512E+00  6.999920786E-01  2.640018387E+00  2.881791737E+02  2.881791745E+02  2.207329480E-01  7.792670669E-01  2.259881870E-01  7.740118279E-01  9.172452636E-03  3.124275393E-02 
        12  1.930000944E+00  7.000071781E-01  4.849993220E+00  2.884987703E+02  2.884987707E+02  2.098649624E-01  7.901350282E-01  2.151939615E-01  7.848060292E-01  8.707178793E-03  3.166212464E-02 
        13  1.149999460E+00  7.000041210E-01  6.549999896E+00  2.882915706E+02  2.882915715E+02  2.288641669E-01  7.711358405E-01  2.345049519E-01  7.654950555E-01  9.497803570E-03  3.090082271E-02 
        14  2.599937070E-01  6.999245510E-01  4.770022657E+00  2.884330774E+02  2.884330777E+02  2.238421993E-01  7.761577942E-01  2.295339670E-01  7.704660265E-01  9.281364233E-03  3.109675393E-02 
        15  2.500057384E-01  7.000450448E-01  3.040068823E+00  2.890867352E+02  2.890867358E+02  1.828539699E-01  8.171460357E-01  1.875186163E-01  8.124813893E-01  7.578872508E-03  3.270838059E-02 
        16  1.179999658E+00  1.300002449E+00  4.500000716E-01  2.919889441E+02  2.919889443E+02  2.013433302E-03  9.979865666E-01  2.081756526E-03  9.979182434E-01  8.303207330E-05  3.980253196E-02 
        17  2.090000552E+00  1.299991228E+00  2.640042717E+00  2.920007390E+02  2.920007460E+02  3.818767841E-05  9.999618049E-01  3.948616751E-05  9.999605064E-01  1.574864957E-06  3.988237747E-02 
        18  1.930000128E+00  1.300009553E+00  4.849983633E+00  2.919978909E+02  2.919978911E+02  5.460749360E-04  9.994539400E-01  5.646326324E-04  9.994353823E-01  2.252002748E-05  3.986182311E-02 
