nodenumber     x-coordinate     y-coordinate     z-coordinate      temperature total-temperature               n2              air         molef-n2        molef-air concentration-n2 concentration-air 
         1  1.180011401E+00  7.000440735E-01  4.499552279E-01  2.887657824E+02  2.887657825E+02  1.838347989E-01  8.161651992E-01  1.885225294E-01  8.114774687E-01  7.632813857E-03  3.269977842E-02 
         2  1.150002942E+00  1.299996259E+00  6.549998111E+00  2.919711944E+02  2.919711952E+02  3.083253999E-03  9.969167311E-01  3.187697943E-03  9.968122872E-01  1.271534746E-04  3.976083421E-02 
         3  2.599979183E-01  1.299834635E+00  4.769962194E+00  2.919624579E+02  2.919624583E+02  4.681358902E-03  9.953186253E-01  4.839767929E-03  9.951602162E-01  1.930548605E-04  3.969612628E-02 
         4  2.499957813E-01  1.300216226E+00  3.040010943E+00  2.919859871E+02  2.919859873E+02  2.401633754E-03  9.975983662E-01  2.483096338E-03  9.975169037E-01  9.904078614E-05  3.978692720E-02 
         5  1.179989316E+00  1.700000987E+00  4.500025386E-01  2.919817753E+02  2.919817755E+02  3.015482218E-03  9.969844947E-01  3.117703074E-03  9.968822739E-01  1.243544348E-04  3.976218706E-02 
         6  2.090000749E+00  1.699988964E+00  2.640041275E+00  2.919997637E+02  2.919997653E+02  1.641328581E-04  9.998358709E-01  1.697128997E-04  9.998302908E-01  6.768852326E-06  3.987731759E-02 
         7  1.929998960E+00  1.700096390E+00  4.850038151E+00  2.919906374E+02  2.919906377E+02  1.847956857E-03  9.981520450E-01  1.910669225E-03  9.980893326E-01  7.620785927E-05  3.980912504E-02 
         8  1.149997690E+00  1.699993700E+00  6.550001821E+00  2.919579207E+02  2.919579219E+02  4.532900229E-03  9.954670905E-01  4.686206424E-03  9.953137843E-01  1.869360408E-04  3.970286563E-02 
         9  2.599530306E-01  1.699784014E+00  4.769789816E+00  2.919472247E+02  2.919472253E+02  6.873951606E-03  9.931260505E-01  7.106020742E-03  9.928939814E-01  2.834688272E-04  3.960779508E-02 
        10  2.500325889E-01  1.700141952E+00  3.039603904E+00  2.919815584E+02  2.919815588E+02  3.263025691E-03  9.967369762E-01  3.373608961E-03  9.966263929E-01  1.345617603E-04  3.975201134E-02 
        11  2.090000512E+00  6.999920786E-01  2.640018387E+00  2.875589669E+02  2.875589676E+02  2.699497855E-01  7.300502294E-01  2.759717829E-01  7.240282320E-01  1.121985417E-02  2.928262240E-02 
        12  1.930000944E+00  7.000071781E-01  4.849993220E+00  2.890684936E+02  2.890684939E+02  1.794401225E-01  8.205598682E-01  1.840909798E-01  8.159090109E-01  7.439543230E-03  3.285028679E-02 
        13  1.149999460E+00  7.000041210E-01  6.549999896E+00  2.890902369E+02  2.890902373E+02  1.805894011E-01  8.194106063E-01  1.853470374E-01  8.146529701E-01  7.483834854E-03  3.280262279E-02 
        14  2.599937070E-01  6.999245510E-01  4.770022657E+00  2.889361331E+02  2.889361337E+02  1.957001206E-01  8.042998728E-01  2.007061514E-01  7.992938421E-01  8.112349880E-03  3.219593994E-02 
        15  2.500057384E-01  7.000450448E-01  3.040068823E+00  2.886029786E+02  2.886029792E+02  2.064143115E-01  7.935856941E-01  2.115738560E-01  7.884261496E-01  8.563879072E-03  3.179110958E-02 
        16  1.179999658E+00  1.300002449E+00  4.500000716E-01  2.919850923E+02  2.919850924E+02  2.539928283E-03  9.974600716E-01  2.626071822E-03  9.973739281E-01  1.047437480E-04  3.978134646E-02 
        17  2.090000552E+00  1.299991228E+00  2.640042717E+00  2.920002690E+02  2.920002758E+02  9.749251709E-05  9.999025000E-01  1.008071786E-04  9.998991854E-01  4.020601543E-06  3.987999594E-02 
        18  1.930000128E+00  1.300009553E+00  4.849983633E+00  2.919937678E+02  2.919937680E+02  1.216990856E-03  9.987830240E-01  1.258317473E-03  9.987416974E-01  5.018800886E-05  3.983471833E-02 
