nodenumber     x-coordinate     y-coordinate     z-coordinate      temperature total-temperature               n2              air         molef-n2        molef-air concentration-n2 concentration-air 
         1  1.180011401E+00  7.000440735E-01  4.499552279E-01  2.890082478E+02  2.890082482E+02  1.232854946E-01  8.767145036E-01  1.267815041E-01  8.732184940E-01  5.127734545E-03  3.517094241E-02 
         2  1.150002942E+00  1.299996259E+00  6.549998111E+00  2.920005154E+02  2.920005158E+02  3.104728693E-05  9.999689378E-01  3.210299596E-05  9.999678821E-01  1.280396490E-06  3.988270189E-02 
         3  2.599979183E-01  1.299834635E+00  4.769962194E+00  2.919894318E+02  2.919894320E+02  1.411822069E-03  9.985881621E-01  1.459750789E-03  9.985402334E-01  5.822324226E-05  3.982727293E-02 
         4  2.499957813E-01  1.300216226E+00  3.040010943E+00  2.919839927E+02  2.919839929E+02  2.183433331E-03  9.978165667E-01  2.257511100E-03  9.977424889E-01  9.004373248E-05  3.979619670E-02 
         5  1.179989316E+00  1.700000987E+00  4.500025386E-01  2.919994102E+02  2.919994105E+02  3.824821853E-04  9.996174948E-01  3.954831837E-04  9.996044938E-01  1.577350739E-05  3.986835909E-02 
         6  2.090000749E+00  1.699988964E+00  2.640041275E+00  2.920004903E+02  2.920004917E+02  3.725852385E-05  9.999627452E-01  3.852545075E-05  9.999614783E-01  1.536548673E-06  3.988245065E-02 
         7  1.929998960E+00  1.700096390E+00  4.850038151E+00  2.920006164E+02  2.920006166E+02  4.788107958E-06  9.999952138E-01  4.950926520E-06  9.999950509E-01  1.974626003E-07  3.988377237E-02 
         8  1.149997690E+00  1.699993700E+00  6.550001821E+00  2.920000683E+02  2.920000689E+02  5.282699653E-05  9.999471637E-01  5.462318982E-05  9.999453675E-01  2.178597933E-06  3.988186521E-02 
         9  2.599530306E-01  1.699784014E+00  4.769789816E+00  2.920004750E+02  2.920004753E+02  1.908507408E-05  9.999809170E-01  1.973404211E-05  9.999802681E-01  7.870725821E-07  3.988320209E-02 
        10  2.500325889E-01  1.700141952E+00  3.039603904E+00  2.919827218E+02  2.919827223E+02  3.020189331E-03  9.969798125E-01  3.122565075E-03  9.968774368E-01  1.245480730E-04  3.976186612E-02 
        11  2.090000512E+00  6.999920786E-01  2.640018387E+00  2.886211287E+02  2.886211296E+02  1.413310653E-01  8.586689497E-01  1.452219237E-01  8.547780912E-01  5.879684918E-03  3.447285759E-02 
        12  1.930000944E+00  7.000071781E-01  4.849993220E+00  2.886065550E+02  2.886065552E+02  1.506555576E-01  8.493444331E-01  1.547196269E-01  8.452803638E-01  6.268954893E-03  3.408607547E-02 
        13  1.149999460E+00  7.000041210E-01  6.549999896E+00  2.893400717E+02  2.893400724E+02  1.194367722E-01  8.805632352E-01  1.228612101E-01  8.771387974E-01  4.958172494E-03  3.529351958E-02 
        14  2.599937070E-01  6.999245510E-01  4.770022657E+00  2.889871418E+02  2.889871424E+02  1.301708567E-01  8.698291368E-01  1.339168836E-01  8.660831099E-01  5.406023794E-03  3.489463035E-02 
        15  2.500057384E-01  7.000450448E-01  3.040068823E+00  2.889437258E+02  2.889437260E+02  1.605445020E-01  8.394555036E-01  1.647018698E-01  8.352981358E-01  6.670869693E-03  3.363720276E-02 
        16  1.179999658E+00  1.300002449E+00  4.500000716E-01  2.919994649E+02  2.919994649E+02  3.816817161E-04  9.996183182E-01  3.946556802E-04  9.996053442E-01  1.574049893E-05  3.986838646E-02 
        17  2.090000552E+00  1.299991228E+00  2.640042717E+00  2.920008121E+02  2.920008199E+02  1.135350880E-05  9.999886390E-01  1.173957886E-05  9.999882530E-01  4.682207552E-07  3.988347414E-02 
        18  1.930000128E+00  1.300009553E+00  4.849983633E+00  2.920007863E+02  2.920007864E+02  3.070404559E-05  9.999693109E-01  3.174809598E-05  9.999682668E-01  1.266239451E-06  3.988268142E-02 
