nodenumber     x-coordinate     y-coordinate     z-coordinate      temperature total-temperature               n2              air         molef-n2        molef-air concentration-n2 concentration-air 
         1  1.180011401E+00  7.000440735E-01  4.499552279E-01  2.908417557E+02  2.908417571E+02  3.087956912E-02  9.691204290E-01  3.186762270E-02  9.681323754E-01  1.280676497E-03  3.876281583E-02 
         2  1.150002942E+00  1.299996259E+00  6.549998111E+00  2.920007409E+02  2.920007413E+02  7.081096081E-06  9.999929040E-01  7.321886963E-06  9.999926632E-01  2.920258814E-07  3.988365946E-02 
         3  2.599979183E-01  1.299834635E+00  4.769962194E+00  2.919986435E+02  2.919986437E+02  1.535201248E-04  9.998464640E-01  1.587396012E-04  9.998412446E-01  6.331217783E-06  3.987790667E-02 
         4  2.499957813E-01  1.300216226E+00  3.040010943E+00  2.919969861E+02  2.919969863E+02  1.009420219E-03  9.989905798E-01  1.043707436E-03  9.989562926E-01  4.162777360E-05  3.984283778E-02 
         5  1.179989316E+00  1.700000987E+00  4.500025386E-01  2.920003577E+02  2.920003579E+02  8.011377621E-05  9.999198632E-01  8.283776634E-05  9.999171392E-01  3.303902686E-06  3.988069928E-02 
         6  2.090000749E+00  1.699988964E+00  2.640041275E+00  2.920004340E+02  2.920004354E+02  1.118704075E-05  9.999888167E-01  1.156745254E-05  9.999884363E-01  4.613563027E-07  3.988353354E-02 
         7  1.929998960E+00  1.700096390E+00  4.850038151E+00  2.920006250E+02  2.920006252E+02  1.535346853E-07  9.999998483E-01  1.587556575E-07  9.999998431E-01  6.331805061E-09  3.988396233E-02 
         8  1.149997690E+00  1.699993700E+00  6.550001821E+00  2.920003746E+02  2.920003751E+02  1.644256078E-05  9.999835481E-01  1.700167415E-05  9.999829890E-01  6.780953844E-07  3.988332387E-02 
         9  2.599530306E-01  1.699784014E+00  4.769789816E+00  2.920005777E+02  2.920005780E+02  4.002959090E-06  9.999959991E-01  4.139079743E-06  9.999958630E-01  1.650829537E-07  3.988381005E-02 
        10  2.500325889E-01  1.700141952E+00  3.039603904E+00  2.919990733E+02  2.919990735E+02  3.567336276E-04  9.996432682E-01  3.688565182E-04  9.996311453E-01  1.471160152E-05  3.986946901E-02 
        11  2.090000512E+00  6.999920786E-01  2.640018387E+00  2.898616238E+02  2.898616247E+02  7.224057870E-02  9.277594362E-01  7.444358342E-02  9.255564315E-01  2.997447674E-03  3.718145238E-02 
        12  1.930000944E+00  7.000071781E-01  4.849993220E+00  2.904312474E+02  2.904312479E+02  4.662868807E-02  9.533713026E-01  4.809715192E-02  9.519028388E-01  1.934285972E-03  3.816583070E-02 
        13  1.149999460E+00  7.000041210E-01  6.549999896E+00  2.911972917E+02  2.911972923E+02  2.962340699E-02  9.703766005E-01  3.056358911E-02  9.694364183E-01  1.226393771E-03  3.876796978E-02 
        14  2.599937070E-01  6.999245510E-01  4.770022657E+00  2.911538344E+02  2.911538348E+02  2.763483988E-02  9.723651536E-01  2.853360188E-02  9.714663916E-01  1.143282874E-03  3.885690637E-02 
        15  2.500057384E-01  7.000450448E-01  3.040068823E+00  2.904567046E+02  2.904567049E+02  6.361070909E-02  9.363892965E-01  6.556563366E-02  9.344343719E-01  2.636077581E-03  3.746053253E-02 
        16  1.179999658E+00  1.300002449E+00  4.500000716E-01  2.920001719E+02  2.920001720E+02  1.712702220E-04  9.998287297E-01  1.770932050E-04  9.998229067E-01  7.063191840E-06  3.987696719E-02 
        17  2.090000552E+00  1.299991228E+00  2.640042717E+00  2.920007866E+02  2.920007943E+02  4.009025040E-06  9.999959835E-01  4.145351534E-06  9.999958472E-01  1.653330219E-07  3.988378051E-02 
        18  1.930000128E+00  1.300009553E+00  4.849983633E+00  2.920006434E+02  2.920006435E+02  1.339478618E-05  9.999866201E-01  1.385026913E-05  9.999861646E-01  5.524038793E-07  3.988341477E-02 
