nodenumber     x-coordinate     y-coordinate     z-coordinate      temperature total-temperature               n2              air         molef-n2        molef-air concentration-n2 concentration-air 
         1  1.180011401E+00  7.000440735E-01  4.499552279E-01  2.888250394E+02  2.888250395E+02  1.856512307E-01  8.143487674E-01  1.903523318E-01  8.096476663E-01  7.706257520E-03  3.261809748E-02 
         2  1.150002942E+00  1.299996259E+00  6.549998111E+00  2.919605222E+02  2.919605231E+02  4.181162795E-03  9.958188223E-01  4.322676459E-03  9.956773086E-01  1.724311585E-04  3.971701456E-02 
         3  2.599979183E-01  1.299834635E+00  4.769962194E+00  2.919647665E+02  2.919647669E+02  4.319715036E-03  9.956802691E-01  4.465923301E-03  9.955340609E-01  1.781418962E-04  3.971072386E-02 
         4  2.499957813E-01  1.300216226E+00  3.040010943E+00  2.919843989E+02  2.919843992E+02  2.529316646E-03  9.974706834E-01  2.615098665E-03  9.973849013E-01  1.043064072E-04  3.978187852E-02 
         5  1.179989316E+00  1.700000987E+00  4.500025386E-01  2.919760744E+02  2.919760745E+02  3.873688658E-03  9.961262883E-01  4.004886160E-03  9.959950908E-01  1.597441917E-04  3.972757610E-02 
         6  2.090000749E+00  1.699988964E+00  2.640041275E+00  2.920000045E+02  2.920000061E+02  1.279916038E-04  9.998720121E-01  1.323431612E-04  9.998676606E-01  5.278386365E-06  3.987877517E-02 
         7  1.929998960E+00  1.700096390E+00  4.850038151E+00  2.919855874E+02  2.919855877E+02  2.627565824E-03  9.973724360E-01  2.716663164E-03  9.972833387E-01  1.083571539E-04  3.977766558E-02 
         8  1.149997690E+00  1.699993700E+00  6.550001821E+00  2.919577422E+02  2.919577434E+02  4.435401758E-03  9.955645889E-01  4.585432237E-03  9.954145585E-01  1.829160580E-04  3.970691000E-02 
         9  2.599530306E-01  1.699784014E+00  4.769789816E+00  2.919599227E+02  2.919599233E+02  5.191048136E-03  9.948089540E-01  5.366615876E-03  9.946333862E-01  2.140720615E-04  3.967545688E-02 
        10  2.500325889E-01  1.700141952E+00  3.039603904E+00  2.919759531E+02  2.919759536E+02  3.879370241E-03  9.961206316E-01  4.010751757E-03  9.959892501E-01  1.599784570E-04  3.972736040E-02 
        11  2.090000512E+00  6.999920786E-01  2.640018387E+00  2.879657849E+02  2.879657856E+02  2.501370086E-01  7.498630063E-01  2.559041293E-01  7.440958856E-01  1.038746236E-02  3.005746285E-02 
        12  1.930000944E+00  7.000071781E-01  4.849993220E+00  2.891982390E+02  2.891982393E+02  1.656129511E-01  8.343870396E-01  1.700599287E-01  8.299400620E-01  6.865070197E-03  3.340637577E-02 
        13  1.149999460E+00  7.000041210E-01  6.549999896E+00  2.891128673E+02  2.891128678E+02  1.850638963E-01  8.149361112E-01  1.899572793E-01  8.100427281E-01  7.666179618E-03  3.261697070E-02 
        14  2.599937070E-01  6.999245510E-01  4.770022657E+00  2.889864144E+02  2.889864146E+02  1.932329552E-01  8.067670383E-01  1.981029830E-01  8.018970105E-01  8.011751919E-03  3.228983187E-02 
        15  2.500057384E-01  7.000450448E-01  3.040068823E+00  2.885346931E+02  2.885346938E+02  2.211925847E-01  7.788074209E-01  2.266676832E-01  7.733323224E-01  9.172162426E-03  3.119219775E-02 
        16  1.179999658E+00  1.300002449E+00  4.500000716E-01  2.919816984E+02  2.919816985E+02  3.019565942E-03  9.969804339E-01  3.121925546E-03  9.968780743E-01  1.245228702E-04  3.976203096E-02 
        17  2.090000552E+00  1.299991228E+00  2.640042717E+00  2.920002997E+02  2.920003061E+02  9.757020291E-05  9.999024223E-01  1.008875196E-04  9.998991050E-01  4.023804743E-06  3.987998854E-02 
        18  1.930000128E+00  1.300009553E+00  4.849983633E+00  2.919942405E+02  2.919942407E+02  1.058988226E-03  9.989410267E-01  1.094954001E-03  9.989050609E-01  4.367222316E-05  3.984116955E-02 
