nodenumber     x-coordinate     y-coordinate     z-coordinate      temperature total-temperature               n2              air         molef-n2        molef-air concentration-n2 concentration-air 
         1  1.180011401E+00  7.000440735E-01  4.499552279E-01  2.883814395E+02  2.883814397E+02  1.930497918E-01  8.069502063E-01  1.979927829E-01  8.020072152E-01  8.021883528E-03  3.236432128E-02 
         2  1.150002942E+00  1.299996259E+00  6.549998111E+00  2.919807542E+02  2.919807551E+02  1.994119812E-03  9.980058653E-01  2.061758182E-03  9.979382269E-01  8.223797554E-05  3.980444370E-02 
         3  2.599979183E-01  1.299834635E+00  4.769962194E+00  2.919668554E+02  2.919668559E+02  3.881168636E-03  9.961188155E-01  4.012604738E-03  9.959873794E-01  1.600578279E-04  3.972852253E-02 
         4  2.499957813E-01  1.300216226E+00  3.040010943E+00  2.919851618E+02  2.919851621E+02  2.584777980E-03  9.974152220E-01  2.672433506E-03  9.973275665E-01  1.065930897E-04  3.977948763E-02 
         5  1.179989316E+00  1.700000987E+00  4.500025386E-01  2.919813970E+02  2.919813970E+02  3.278125516E-03  9.967218514E-01  3.389220942E-03  9.966107560E-01  1.351844802E-04  3.975140869E-02 
         6  2.090000749E+00  1.699988964E+00  2.640041275E+00  2.919993221E+02  2.919993237E+02  2.024548833E-04  9.997975488E-01  2.093378490E-04  9.997906659E-01  8.349263952E-06  3.987579750E-02 
         7  1.929998960E+00  1.700096390E+00  4.850038151E+00  2.919977133E+02  2.919977138E+02  5.341913119E-04  9.994658106E-01  5.523413580E-04  9.994476605E-01  2.202989906E-05  3.986233647E-02 
         8  1.149997690E+00  1.699993700E+00  6.550001821E+00  2.919844855E+02  2.919844867E+02  1.537087426E-03  9.984629033E-01  1.589231046E-03  9.984107596E-01  6.339008181E-05  3.982278233E-02 
         9  2.599530306E-01  1.699784014E+00  4.769789816E+00  2.919647006E+02  2.919647014E+02  4.484132133E-03  9.955158700E-01  4.635904450E-03  9.953640976E-01  1.849211949E-04  3.970395496E-02 
        10  2.500325889E-01  1.700141952E+00  3.039603904E+00  2.919750810E+02  2.919750815E+02  4.249285184E-03  9.957507167E-01  4.393134525E-03  9.956068673E-01  1.752313744E-04  3.971222661E-02 
        11  2.090000512E+00  6.999920786E-01  2.640018387E+00  2.878144553E+02  2.878144560E+02  2.314638382E-01  7.685361767E-01  2.371192585E-01  7.628807564E-01  9.621909451E-03  3.084388537E-02 
        12  1.930000944E+00  7.000071781E-01  4.849993220E+00  2.876652238E+02  2.876652240E+02  2.635416622E-01  7.364583285E-01  2.696692188E-01  7.303307718E-01  1.094811662E-02  2.953875557E-02 
        13  1.149999460E+00  7.000041210E-01  6.549999896E+00  2.888830136E+02  2.888830143E+02  1.890653049E-01  8.109347025E-01  1.939137907E-01  8.060862167E-01  7.843253695E-03  3.247274756E-02 
        14  2.599937070E-01  6.999245510E-01  4.770022657E+00  2.889411706E+02  2.889411710E+02  1.854928183E-01  8.145071752E-01  1.904235931E-01  8.095764004E-01  7.688834431E-03  3.261829146E-02 
        15  2.500057384E-01  7.000450448E-01  3.040068823E+00  2.884051636E+02  2.884051641E+02  2.433779884E-01  7.566220172E-01  2.492121492E-01  7.507878564E-01  1.008851372E-02  3.029404203E-02 
        16  1.179999658E+00  1.300002449E+00  4.500000716E-01  2.919820699E+02  2.919820699E+02  3.114997981E-03  9.968850019E-01  3.220582842E-03  9.967794170E-01  1.284577888E-04  3.975804529E-02 
        17  2.090000552E+00  1.299991228E+00  2.640042717E+00  2.920004277E+02  2.920004351E+02  6.992088450E-05  9.999300717E-01  7.229829827E-05  9.999276943E-01  2.883547069E-06  3.988111132E-02 
        18  1.930000128E+00  1.300009553E+00  4.849983633E+00  2.919966257E+02  2.919966258E+02  6.834879139E-04  9.993165270E-01  7.067108128E-04  9.992933041E-01  2.818689093E-05  3.985632908E-02 
