nodenumber     x-coordinate     y-coordinate     z-coordinate      temperature total-temperature               n2              air         molef-n2        molef-air concentration-n2 concentration-air 
         1  1.180011401E+00  7.000440735E-01  4.499552279E-01  2.910537638E+02  2.910537639E+02  2.360836774E-02  9.763916304E-01  2.437929335E-02  9.756207048E-01  9.779152102E-04  3.903619459E-02 
         2  1.150002942E+00  1.299996259E+00  6.549998111E+00  2.920006647E+02  2.920006650E+02  8.170449672E-06  9.999918146E-01  8.448283358E-06  9.999915368E-01  3.369511733E-07  3.988362494E-02 
         3  2.599979183E-01  1.299834635E+00  4.769962194E+00  2.919985359E+02  2.919985361E+02  1.133118216E-04  9.998866723E-01  1.171644556E-04  9.998828197E-01  4.673024859E-06  3.987957957E-02 
         4  2.499957813E-01  1.300216226E+00  3.040010943E+00  2.919989657E+02  2.919989659E+02  1.167603463E-04  9.998832397E-01  1.207302544E-04  9.998792697E-01  4.815232636E-06  3.987937992E-02 
         5  1.179989316E+00  1.700000987E+00  4.500025386E-01  2.920004988E+02  2.920004990E+02  2.579348039E-05  9.999741835E-01  2.667056345E-05  9.999733064E-01  1.063728443E-06  3.988292018E-02 
         6  2.090000749E+00  1.699988964E+00  2.640041275E+00  2.919999235E+02  2.919999248E+02  2.164225216E-05  9.999783615E-01  2.237818068E-05  9.999776255E-01  8.925332943E-07  3.988317209E-02 
         7  1.929998960E+00  1.700096390E+00  4.850038151E+00  2.920006261E+02  2.920006263E+02  6.968680226E-09  9.999999949E-01  7.205651496E-09  9.999999947E-01  2.873899464E-10  3.988396822E-02 
         8  1.149997690E+00  1.699993700E+00  6.550001821E+00  2.920001503E+02  2.920001507E+02  2.187221610E-05  9.999781185E-01  2.261595456E-05  9.999773747E-01  9.020166642E-07  3.988313059E-02 
         9  2.599530306E-01  1.699784014E+00  4.769789816E+00  2.920005677E+02  2.920005680E+02  3.309298246E-06  9.999966928E-01  3.421831075E-06  9.999965803E-01  1.364762307E-07  3.988384003E-02 
        10  2.500325889E-01  1.700141952E+00  3.039603904E+00  2.920005809E+02  2.920005812E+02  1.711678673E-06  9.999982902E-01  1.769884457E-06  9.999982320E-01  7.059002730E-08  3.988390408E-02 
        11  2.090000512E+00  6.999920786E-01  2.640018387E+00  2.905386645E+02  2.905386655E+02  3.808188407E-02  9.619181308E-01  3.930673368E-02  9.606932812E-01  1.578559220E-03  3.850650112E-02 
        12  1.930000944E+00  7.000071781E-01  4.849993220E+00  2.909596522E+02  2.909596525E+02  2.933824910E-02  9.706617416E-01  3.028276837E-02  9.697172223E-01  1.215517931E-03  3.881156485E-02 
        13  1.149999460E+00  7.000041210E-01  6.549999896E+00  2.911284684E+02  2.911284688E+02  3.041007759E-02  9.695899299E-01  3.138954163E-02  9.686104658E-01  1.258373419E-03  3.874534495E-02 
        14  2.599937070E-01  6.999245510E-01  4.770022657E+00  2.909423580E+02  2.909423585E+02  2.713796028E-02  9.728620332E-01  2.802885245E-02  9.719711410E-01  1.123037123E-03  3.890615775E-02 
        15  2.500057384E-01  7.000450448E-01  3.040068823E+00  2.910367281E+02  2.910367284E+02  3.201104400E-02  9.679889616E-01  3.302827632E-02  9.669717293E-01  1.325232184E-03  3.869113118E-02 
        16  1.179999658E+00  1.300002449E+00  4.500000716E-01  2.920002006E+02  2.920002007E+02  1.055629562E-04  9.998944369E-01  1.091522223E-04  9.998908477E-01  4.353430879E-06  3.987967304E-02 
        17  2.090000552E+00  1.299991228E+00  2.640042717E+00  2.920005793E+02  2.920005868E+02  8.153722821E-06  9.999918388E-01  8.430987424E-06  9.999915616E-01  3.362615582E-07  3.988363790E-02 
        18  1.930000128E+00  1.300009553E+00  4.849983633E+00  2.920007173E+02  2.920007174E+02  4.856565973E-06  9.999951583E-01  5.021712964E-06  9.999949932E-01  2.002858358E-07  3.988375681E-02 
