nodenumber     x-coordinate     y-coordinate     z-coordinate      temperature total-temperature               n2              air         molef-n2        molef-air concentration-n2 concentration-air 
         1  1.180011401E+00  7.000440735E-01  4.499552279E-01  2.919275334E+02  2.919275336E+02  1.003556539E-03  9.989964416E-01  1.037645090E-03  9.989623530E-01  4.139634768E-05  3.985255812E-02 
         2  1.150002942E+00  1.299996259E+00  6.549998111E+00  2.919507559E+02  2.919507562E+02  7.005776331E-04  9.992994075E-01  7.243798027E-04  9.992756053E-01  2.889713239E-05  3.986188314E-02 
         3  2.599979183E-01  1.299834635E+00  4.769962194E+00  2.919643426E+02  2.919643429E+02  4.661627225E-04  9.995338214E-01  4.820068752E-04  9.995179773E-01  1.922678735E-05  3.986969685E-02 
         4  2.499957813E-01  1.300216226E+00  3.040010943E+00  2.919954588E+02  2.919954591E+02  2.009672613E-04  9.997990327E-01  2.077993072E-04  9.997922007E-01  8.288061056E-06  3.987638611E-02 
         5  1.179989316E+00  1.700000987E+00  4.500025386E-01  2.919945180E+02  2.919945183E+02  7.784363245E-05  9.999221333E-01  8.049049267E-05  9.999194865E-01  3.210351487E-06  3.988159048E-02 
         6  2.090000749E+00  1.699988964E+00  2.640041275E+00  2.919995924E+02  2.919995938E+02  1.685916260E-05  9.999831446E-01  1.743244496E-05  9.999825713E-01  6.952791649E-07  3.988341457E-02 
         7  1.929998960E+00  1.700096390E+00  4.850038151E+00  2.919815056E+02  2.919815058E+02  2.602146878E-04  9.997397872E-01  2.690608369E-04  9.997309410E-01  1.073195382E-05  3.987584837E-02 
         8  1.149997690E+00  1.699993700E+00  6.550001821E+00  2.919620150E+02  2.919620155E+02  5.573616023E-04  9.994426291E-01  5.763021925E-04  9.994236885E-01  2.298871632E-05  3.986625353E-02 
         9  2.599530306E-01  1.699784014E+00  4.769789816E+00  2.919871853E+02  2.919871858E+02  1.957477078E-04  9.998042544E-01  2.024027135E-04  9.997975994E-01  8.073016957E-06  3.987773145E-02 
        10  2.500325889E-01  1.700141952E+00  3.039603904E+00  2.920011095E+02  2.920011099E+02  6.045024951E-05  9.999395516E-01  6.250568750E-05  9.999374962E-01  2.492970252E-06  3.988140951E-02 
        11  2.090000512E+00  6.999920786E-01  2.640018387E+00  2.919955665E+02  2.919955671E+02  8.974892678E-05  9.999102660E-01  9.280045180E-05  9.999072144E-01  3.701340420E-06  3.988095931E-02 
        12  1.930000944E+00  7.000071781E-01  4.849993220E+00  2.910549786E+02  2.910549806E+02  1.189256861E-02  9.881074221E-01  1.229175376E-02  9.877082369E-01  4.919134770E-04  3.952165759E-02 
        13  1.149999460E+00  7.000041210E-01  6.549999896E+00  2.913508573E+02  2.913508596E+02  1.006420623E-02  9.899358012E-01  1.040190641E-02  9.895981010E-01  4.160411596E-04  3.955692796E-02 
        14  2.599937070E-01  6.999245510E-01  4.770022657E+00  2.916548354E+02  2.916548357E+02  4.571190417E-03  9.954288031E-01  4.725829716E-03  9.952741638E-01  1.887274352E-04  3.974253176E-02 
        15  2.500057384E-01  7.000450448E-01  3.040068823E+00  2.913813307E+02  2.913813313E+02  7.726914561E-03  9.922730910E-01  7.987398747E-03  9.920126068E-01  3.192987324E-04  3.964945207E-02 
        16  1.179999658E+00  1.300002449E+00  4.500000716E-01  2.919706074E+02  2.919706077E+02  3.998351774E-04  9.996001647E-01  4.134259815E-04  9.995865739E-01  1.649077722E-05  3.987157821E-02 
        17  2.090000552E+00  1.299991228E+00  2.640042717E+00  2.919985969E+02  2.919986027E+02  3.507940064E-05  9.999649131E-01  3.627221905E-05  9.999637203E-01  1.446695122E-06  3.988279823E-02 
        18  1.930000128E+00  1.300009553E+00  4.849983633E+00  2.919779249E+02  2.919779250E+02  2.932597888E-04  9.997067551E-01  3.032289981E-04  9.996967859E-01  1.209495892E-05  3.987497557E-02 
