nodenumber     x-coordinate     y-coordinate     z-coordinate      temperature total-temperature               n2              air         molef-n2        molef-air concentration-n2 concentration-air 
         1  1.180011401E+00  7.000440735E-01  4.499552279E-01  2.891183161E+02  2.891183165E+02  1.222909499E-01  8.777090483E-01  1.257884037E-01  8.742115944E-01  5.082727058E-03  3.520035342E-02 
         2  1.150002942E+00  1.299996259E+00  6.549998111E+00  2.920005636E+02  2.920005640E+02  2.650248528E-05  9.999734826E-01  2.740366209E-05  9.999725814E-01  1.092967933E-06  3.988288273E-02 
         3  2.599979183E-01  1.299834635E+00  4.769962194E+00  2.919711717E+02  2.919711718E+02  3.458714660E-03  9.965412695E-01  3.575884279E-03  9.964240999E-01  1.426357585E-04  3.974535491E-02 
         4  2.499957813E-01  1.300216226E+00  3.040010943E+00  2.919752306E+02  2.919752308E+02  3.290441652E-03  9.967095583E-01  3.401936799E-03  9.965980632E-01  1.356951676E-04  3.975174225E-02 
         5  1.179989316E+00  1.700000987E+00  4.500025386E-01  2.920000275E+02  2.920000277E+02  2.725791948E-04  9.997273978E-01  2.818455741E-04  9.997181314E-01  1.124114395E-05  3.987280713E-02 
         6  2.090000749E+00  1.699988964E+00  2.640041275E+00  2.920005271E+02  2.920005286E+02  1.883829639E-05  9.999811654E-01  1.947887819E-05  9.999805248E-01  7.768953501E-07  3.988320528E-02 
         7  1.929998960E+00  1.700096390E+00  4.850038151E+00  2.920006256E+02  2.920006259E+02  1.058167943E-06  9.999989437E-01  1.094151045E-06  9.999989077E-01  4.363908233E-08  3.988392494E-02 
         8  1.149997690E+00  1.699993700E+00  6.550001821E+00  2.919998448E+02  2.919998453E+02  6.833360296E-05  9.999316571E-01  7.065698067E-05  9.999293337E-01  2.818095379E-06  3.988125624E-02 
         9  2.599530306E-01  1.699784014E+00  4.769789816E+00  2.919996031E+02  2.919996034E+02  1.438684100E-04  9.998561337E-01  1.487594670E-04  9.998512426E-01  5.933152268E-06  3.987817510E-02 
        10  2.500325889E-01  1.700141952E+00  3.039603904E+00  2.919703351E+02  2.919703356E+02  4.807727661E-03  9.951922742E-01  4.970367190E-03  9.950296347E-01  1.982595660E-04  3.968984680E-02 
        11  2.090000512E+00  6.999920786E-01  2.640018387E+00  2.885790774E+02  2.885790784E+02  1.399307254E-01  8.600692895E-01  1.438325474E-01  8.561674675E-01  5.820053290E-03  3.453803297E-02 
        12  1.930000944E+00  7.000071781E-01  4.849993220E+00  2.889346217E+02  2.889346219E+02  1.402992219E-01  8.597007687E-01  1.441354771E-01  8.558645136E-01  5.833498668E-03  3.447558554E-02 
        13  1.149999460E+00  7.000041210E-01  6.549999896E+00  2.897970318E+02  2.897970324E+02  1.009812843E-01  8.990187232E-01  1.038978766E-01  8.961021309E-01  4.190193523E-03  3.599815900E-02 
        14  2.599937070E-01  6.999245510E-01  4.770022657E+00  2.900359299E+02  2.900359304E+02  7.950250534E-02  9.204974881E-01  8.192319894E-02  9.180767945E-01  3.296326026E-03  3.685842439E-02 
        15  2.500057384E-01  7.000450448E-01  3.040068823E+00  2.882324489E+02  2.882324493E+02  1.893915552E-01  8.106084504E-01  1.943984053E-01  8.056016003E-01  7.872938447E-03  3.253397210E-02 
        16  1.179999658E+00  1.300002449E+00  4.500000716E-01  2.920000403E+02  2.920000404E+02  2.859290072E-04  9.997140709E-01  2.956491566E-04  9.997043507E-01  1.179168623E-05  3.987225667E-02 
        17  2.090000552E+00  1.299991228E+00  2.640042717E+00  2.920007983E+02  2.920008059E+02  1.003161264E-05  9.999899609E-01  1.037273209E-05  9.999896198E-01  4.137055684E-07  3.988353054E-02 
        18  1.930000128E+00  1.300009553E+00  4.849983633E+00  2.920008129E+02  2.920008130E+02  2.107720548E-05  9.999789377E-01  2.179391457E-05  9.999782210E-01  8.692273250E-07  3.988307481E-02 
