nodenumber     x-coordinate     y-coordinate     z-coordinate      temperature total-temperature               n2              air         molef-n2        molef-air concentration-n2 concentration-air 
         1  1.180011401E+00  7.000440735E-01  4.499552279E-01  2.886148656E+02  2.886148659E+02  1.453424916E-01  8.546575066E-01  1.494243429E-01  8.505756553E-01  6.043433353E-03  3.430974236E-02 
         2  1.150002942E+00  1.299996259E+00  6.549998111E+00  2.920005017E+02  2.920005021E+02  3.204511349E-05  9.999679400E-01  3.313474877E-05  9.999668504E-01  1.321547102E-06  3.988266262E-02 
         3  2.599979183E-01  1.299834635E+00  4.769962194E+00  2.919677697E+02  2.919677699E+02  3.935504945E-03  9.960644792E-01  4.068752320E-03  9.959312318E-01  1.622975588E-04  3.972615789E-02 
         4  2.499957813E-01  1.300216226E+00  3.040010943E+00  2.919731319E+02  2.919731321E+02  3.596357513E-03  9.964036425E-01  3.718179271E-03  9.962818207E-01  1.483103888E-04  3.973941373E-02 
         5  1.179989316E+00  1.700000987E+00  4.500025386E-01  2.920001757E+02  2.920001759E+02  2.440806165E-04  9.997558963E-01  2.523784635E-04  9.997475985E-01  1.006587046E-05  3.987396216E-02 
         6  2.090000749E+00  1.699988964E+00  2.640041275E+00  2.920005275E+02  2.920005290E+02  1.838899610E-05  9.999816147E-01  1.901429890E-05  9.999809894E-01  7.583661019E-07  3.988322375E-02 
         7  1.929998960E+00  1.700096390E+00  4.850038151E+00  2.920006255E+02  2.920006258E+02  1.637858428E-06  9.999983640E-01  1.693553869E-06  9.999983083E-01  6.754564402E-08  3.988390104E-02 
         8  1.149997690E+00  1.699993700E+00  6.550001821E+00  2.920000672E+02  2.920000678E+02  4.975097490E-05  9.999502397E-01  5.144258604E-05  9.999485481E-01  2.051742559E-06  3.988199221E-02 
         9  2.599530306E-01  1.699784014E+00  4.769789816E+00  2.919991074E+02  2.919991077E+02  2.183885150E-04  9.997816136E-01  2.258119668E-04  9.997741901E-01  9.006357317E-06  3.987516960E-02 
        10  2.500325889E-01  1.700141952E+00  3.039603904E+00  2.919716290E+02  2.919716295E+02  4.620424554E-03  9.953795773E-01  4.776771397E-03  9.952232305E-01  1.905361131E-04  3.969739348E-02 
        11  2.090000512E+00  6.999920786E-01  2.640018387E+00  2.887500862E+02  2.887500872E+02  1.338648576E-01  8.661351573E-01  1.376013918E-01  8.623986231E-01  5.566563509E-03  3.476768492E-02 
        12  1.930000944E+00  7.000071781E-01  4.849993220E+00  2.891201208E+02  2.891201210E+02  1.275550952E-01  8.724448955E-01  1.310782623E-01  8.689217283E-01  5.303965283E-03  3.497927360E-02 
        13  1.149999460E+00  7.000041210E-01  6.549999896E+00  2.903306259E+02  2.903306265E+02  7.676576004E-02  9.232342474E-01  7.907951156E-02  9.209204959E-01  3.180307152E-03  3.693367740E-02 
        14  2.599937070E-01  6.999245510E-01  4.770022657E+00  2.895586793E+02  2.895586798E+02  9.619742415E-02  9.038025693E-01  9.908804807E-02  9.009119454E-01  3.991940648E-03  3.622900406E-02 
        15  2.500057384E-01  7.000450448E-01  3.040068823E+00  2.887964300E+02  2.887964302E+02  1.613952727E-01  8.386047329E-01  1.657318136E-01  8.342681920E-01  6.705691051E-03  3.362251795E-02 
        16  1.179999658E+00  1.300002449E+00  4.500000716E-01  2.920001041E+02  2.920001042E+02  2.714533309E-04  9.997285466E-01  2.806815273E-04  9.997193184E-01  1.119471390E-05  3.987284493E-02 
        17  2.090000552E+00  1.299991228E+00  2.640042717E+00  2.920007951E+02  2.920008024E+02  1.004214275E-05  9.999899504E-01  1.038362038E-05  9.999896089E-01  4.141398416E-07  3.988353055E-02 
        18  1.930000128E+00  1.300009553E+00  4.849983633E+00  2.920008304E+02  2.920008305E+02  1.893156473E-05  9.999810833E-01  1.957531708E-05  9.999804396E-01  7.807408208E-07  3.988316091E-02 
