nodenumber     x-coordinate     y-coordinate     z-coordinate      temperature total-temperature               n2              air         molef-n2        molef-air concentration-n2 concentration-air 
         1  1.180011401E+00  7.000440735E-01  4.499552279E-01  2.886561924E+02  2.886561925E+02  1.913468682E-01  8.086531299E-01  1.961355508E-01  8.038644473E-01  7.947177303E-03  3.240099283E-02 
         2  1.150002942E+00  1.299996259E+00  6.549998111E+00  2.919470435E+02  2.919470442E+02  5.561272129E-03  9.944387130E-01  5.749266631E-03  9.942507185E-01  2.293467633E-04  3.966194057E-02 
         3  2.599979183E-01  1.299834635E+00  4.769962194E+00  2.919609375E+02  2.919609379E+02  4.725841901E-03  9.952741423E-01  4.885753898E-03  9.951142303E-01  1.948899667E-04  3.969449888E-02 
         4  2.499957813E-01  1.300216226E+00  3.040010943E+00  2.919872101E+02  2.919872103E+02  2.214639262E-03  9.977853607E-01  2.289770916E-03  9.977102291E-01  9.132952571E-05  3.979447140E-02 
         5  1.179989316E+00  1.700000987E+00  4.500025386E-01  2.919798722E+02  2.919798725E+02  3.311427616E-03  9.966885493E-01  3.423646048E-03  9.965763309E-01  1.365583366E-04  3.975024313E-02 
         6  2.090000749E+00  1.699988964E+00  2.640041275E+00  2.919995963E+02  2.919995979E+02  1.842023417E-04  9.998158014E-01  1.904646729E-04  9.998095391E-01  7.596520590E-06  3.987651280E-02 
         7  1.929998960E+00  1.700096390E+00  4.850038151E+00  2.919919835E+02  2.919919839E+02  1.435365095E-03  9.985646368E-01  1.484088913E-03  9.985159129E-01  5.919344604E-05  3.982595558E-02 
         8  1.149997690E+00  1.699993700E+00  6.550001821E+00  2.919375235E+02  2.919375246E+02  6.513833038E-03  9.934861576E-01  6.733774445E-03  9.932662162E-01  2.686303178E-04  3.962395834E-02 
         9  2.599530306E-01  1.699784014E+00  4.769789816E+00  2.919478104E+02  2.919478110E+02  6.561940598E-03  9.934380615E-01  6.783562387E-03  9.932164397E-01  2.706044877E-04  3.962057938E-02 
        10  2.500325889E-01  1.700141952E+00  3.039603904E+00  2.919790125E+02  2.919790129E+02  3.671776682E-03  9.963282252E-01  3.796138324E-03  9.962038635E-01  1.514169709E-04  3.973550395E-02 
        11  2.090000512E+00  6.999920786E-01  2.640018387E+00  2.872503667E+02  2.872503676E+02  2.922086656E-01  7.077913493E-01  2.985298313E-01  7.014701836E-01  1.214846704E-02  2.839762870E-02 
        12  1.930000944E+00  7.000071781E-01  4.849993220E+00  2.890162082E+02  2.890162085E+02  1.758830577E-01  8.241169329E-01  1.805640717E-01  8.194359190E-01  7.292292110E-03  3.300450777E-02 
        13  1.149999460E+00  7.000041210E-01  6.549999896E+00  2.888628648E+02  2.888628655E+02  1.908205907E-01  8.091794167E-01  1.957476028E-01  8.042524046E-01  7.913001386E-03  3.240542777E-02 
        14  2.599937070E-01  6.999245510E-01  4.770022657E+00  2.887114914E+02  2.887114917E+02  2.143364938E-01  7.856634997E-01  2.196702583E-01  7.803297352E-01  8.886366928E-03  3.145343275E-02 
        15  2.500057384E-01  7.000450448E-01  3.040068823E+00  2.887933829E+02  2.887933836E+02  1.830673808E-01  8.169326248E-01  1.878322413E-01  8.121677643E-01  7.596807469E-03  3.273145804E-02 
        16  1.179999658E+00  1.300002449E+00  4.500000716E-01  2.919855040E+02  2.919855042E+02  2.435443059E-03  9.975645568E-01  2.518050549E-03  9.974819493E-01  1.004350917E-04  3.978559888E-02 
        17  2.090000552E+00  1.299991228E+00  2.640042717E+00  2.920002392E+02  2.920002461E+02  9.893434628E-05  9.999010582E-01  1.022980139E-04  9.998976945E-01  4.080062913E-06  3.987994055E-02 
        18  1.930000128E+00  1.300009553E+00  4.849983633E+00  2.919961275E+02  2.919961276E+02  7.738362486E-04  9.992261787E-01  8.001260332E-04  9.991998889E-01  3.191278718E-05  3.985267123E-02 
