nodenumber     x-coordinate     y-coordinate     z-coordinate      temperature total-temperature               n2              air         molef-n2        molef-air concentration-n2 concentration-air 
         1  1.180011401E+00  7.000440735E-01  4.499552279E-01  2.882840646E+02  2.882840648E+02  2.184447224E-01  7.815552758E-01  2.238052963E-01  7.761947018E-01  9.071749458E-03  3.132824658E-02 
         2  1.150002942E+00  1.299996259E+00  6.549998111E+00  2.919571336E+02  2.919571345E+02  4.435240272E-03  9.955647448E-01  4.585274433E-03  9.954147107E-01  1.829098679E-04  3.970699889E-02 
         3  2.599979183E-01  1.299834635E+00  4.769962194E+00  2.919668260E+02  2.919668263E+02  4.292154504E-03  9.957078297E-01  4.437453634E-03  9.955625305E-01  1.770041188E-04  3.971158024E-02 
         4  2.499957813E-01  1.300216226E+00  3.040010943E+00  2.919838249E+02  2.919838252E+02  2.576555611E-03  9.974234444E-01  2.663937279E-03  9.973360627E-01  1.062545480E-04  3.978000880E-02 
         5  1.179989316E+00  1.700000987E+00  4.500025386E-01  2.919803729E+02  2.919803732E+02  3.283741810E-03  9.967162351E-01  3.395025150E-03  9.966049518E-01  1.354165141E-04  3.975131655E-02 
         6  2.090000749E+00  1.699988964E+00  2.640041275E+00  2.919999280E+02  2.919999298E+02  1.427169195E-04  9.998572868E-01  1.475687890E-04  9.998524349E-01  5.885653370E-06  3.987817835E-02 
         7  1.929998960E+00  1.700096390E+00  4.850038151E+00  2.919891935E+02  2.919891939E+02  1.888484045E-03  9.981115178E-01  1.952565022E-03  9.980474368E-01  7.787938191E-05  3.980765075E-02 
         8  1.149997690E+00  1.699993700E+00  6.550001821E+00  2.919423068E+02  2.919423080E+02  6.034202545E-03  9.939657881E-01  6.237962967E-03  9.937620277E-01  2.488501877E-04  3.964308496E-02 
         9  2.599530306E-01  1.699784014E+00  4.769789816E+00  2.919619354E+02  2.919619359E+02  5.125181157E-03  9.948748209E-01  5.298523531E-03  9.947014786E-01  2.113547057E-04  3.967789925E-02 
        10  2.500325889E-01  1.700141952E+00  3.039603904E+00  2.919778367E+02  2.919778371E+02  3.674866353E-03  9.963251355E-01  3.799350346E-03  9.962006515E-01  1.515451574E-04  3.973553636E-02 
        11  2.090000512E+00  6.999920786E-01  2.640018387E+00  2.871026446E+02  2.871026453E+02  3.046472938E-01  6.953527211E-01  3.112284182E-01  6.887715967E-01  1.266237516E-02  2.790412384E-02 
        12  1.930000944E+00  7.000071781E-01  4.849993220E+00  2.891315721E+02  2.891315723E+02  1.687072962E-01  8.312926945E-01  1.732241728E-01  8.267758179E-01  6.994121621E-03  3.328661327E-02 
        13  1.149999460E+00  7.000041210E-01  6.549999896E+00  2.895900402E+02  2.895900408E+02  1.528593320E-01  8.471406755E-01  1.569300138E-01  8.430699937E-01  6.332488208E-03  3.388467662E-02 
        14  2.599937070E-01  6.999245510E-01  4.770022657E+00  2.890393972E+02  2.890393974E+02  1.898088012E-01  8.101911922E-01  1.947467288E-01  8.052532647E-01  7.865570738E-03  3.242810453E-02 
        15  2.500057384E-01  7.000450448E-01  3.040068823E+00  2.888808355E+02  2.888808363E+02  1.861083722E-01  8.138916334E-01  1.908995271E-01  8.091004785E-01  7.719631274E-03  3.259643181E-02 
        16  1.179999658E+00  1.300002449E+00  4.500000716E-01  2.919856610E+02  2.919856612E+02  2.484159233E-03  9.975158407E-01  2.568415591E-03  9.974315843E-01  1.024438832E-04  3.978356863E-02 
        17  2.090000552E+00  1.299991228E+00  2.640042717E+00  2.920002585E+02  2.920002654E+02  1.018938414E-04  9.998980987E-01  1.053580733E-04  9.998946345E-01  4.202110988E-06  3.987981586E-02 
        18  1.930000128E+00  1.300009553E+00  4.849983633E+00  2.919960475E+02  2.919960477E+02  7.831470584E-04  9.992168678E-01  8.097524955E-04  9.991902624E-01  3.229675450E-05  3.985229819E-02 
