nodenumber     x-coordinate     y-coordinate     z-coordinate      temperature total-temperature               n2              air         molef-n2        molef-air concentration-n2 concentration-air 
         1  1.180011401E+00  7.000440735E-01  4.499552279E-01  2.880872478E+02  2.880872479E+02  2.286037912E-01  7.713962070E-01  2.342285773E-01  7.657714209E-01  9.494178118E-03  3.093314639E-02 
         2  1.150002942E+00  1.299996259E+00  6.549998111E+00  2.919594531E+02  2.919594540E+02  4.349762075E-03  9.956502230E-01  4.496934428E-03  9.955030507E-01  1.793837609E-04  3.971020806E-02 
         3  2.599979183E-01  1.299834635E+00  4.769962194E+00  2.919693688E+02  2.919693692E+02  3.894108747E-03  9.961058754E-01  4.025981801E-03  9.959740024E-01  1.605899287E-04  3.972764704E-02 
         4  2.499957813E-01  1.300216226E+00  3.040010943E+00  2.919864700E+02  2.919864703E+02  2.285339578E-03  9.977146604E-01  2.362868631E-03  9.976371314E-01  9.424517285E-05  3.979165685E-02 
         5  1.179989316E+00  1.700000987E+00  4.500025386E-01  2.919823801E+02  2.919823803E+02  3.024239431E-03  9.969757375E-01  3.126754897E-03  9.968732221E-01  1.247152600E-04  3.976174361E-02 
         6  2.090000749E+00  1.699988964E+00  2.640041275E+00  2.919995489E+02  2.919995505E+02  1.981443811E-04  9.998018593E-01  2.048804481E-04  9.997951233E-01  8.171485879E-06  3.987594430E-02 
         7  1.929998960E+00  1.700096390E+00  4.850038151E+00  2.919883631E+02  2.919883635E+02  2.283701913E-03  9.977163000E-01  2.361171190E-03  9.976388307E-01  9.417694811E-05  3.979146661E-02 
         8  1.149997690E+00  1.699993700E+00  6.550001821E+00  2.919541365E+02  2.919541377E+02  4.953613902E-03  9.950463768E-01  5.121075770E-03  9.948789149E-01  2.042858895E-04  3.968603283E-02 
         9  2.599530306E-01  1.699784014E+00  4.769789816E+00  2.919603377E+02  2.919603383E+02  5.122391411E-03  9.948776107E-01  5.295651285E-03  9.947043508E-01  2.112409406E-04  3.967823129E-02 
        10  2.500325889E-01  1.700141952E+00  3.039603904E+00  2.919779263E+02  2.919779267E+02  3.591129042E-03  9.964088728E-01  3.712788703E-03  9.962872132E-01  1.480923832E-04  3.973897691E-02 
        11  2.090000512E+00  6.999920786E-01  2.640018387E+00  2.873413657E+02  2.873413664E+02  2.898967422E-01  7.101032727E-01  2.962144328E-01  7.037855821E-01  1.204818695E-02  2.848489784E-02 
        12  1.930000944E+00  7.000071781E-01  4.849993220E+00  2.889891270E+02  2.889891273E+02  1.790555818E-01  8.209444089E-01  1.837624535E-01  8.162375372E-01  7.424614344E-03  3.287609415E-02 
        13  1.149999460E+00  7.000041210E-01  6.549999896E+00  2.894669186E+02  2.894669191E+02  1.578219546E-01  8.421780528E-01  1.620076418E-01  8.379923657E-01  6.540092352E-03  3.369424482E-02 
        14  2.599937070E-01  6.999245510E-01  4.770022657E+00  2.882667870E+02  2.882667875E+02  2.441112788E-01  7.558887146E-01  2.499779486E-01  7.500220449E-01  1.012437169E-02  3.027761941E-02 
        15  2.500057384E-01  7.000450448E-01  3.040068823E+00  2.890681614E+02  2.890681621E+02  1.760532852E-01  8.239467204E-01  1.806376881E-01  8.193623175E-01  7.300573696E-03  3.298933045E-02 
        16  1.179999658E+00  1.300002449E+00  4.500000716E-01  2.919804520E+02  2.919804520E+02  3.266161270E-03  9.967338386E-01  3.376852517E-03  9.966231474E-01  1.346915884E-04  3.975203251E-02 
        17  2.090000552E+00  1.299991228E+00  2.640042717E+00  2.919998033E+02  2.919998096E+02  1.685783393E-04  9.998314142E-01  1.743094398E-04  9.998256831E-01  6.952182748E-06  3.987712796E-02 
        18  1.930000128E+00  1.300009553E+00  4.849983633E+00  2.919925697E+02  2.919925698E+02  1.474516725E-03  9.985254982E-01  1.524578195E-03  9.984754367E-01  6.080798131E-05  3.982426201E-02 
