nodenumber     x-coordinate     y-coordinate     z-coordinate      temperature total-temperature               n2              air         molef-n2        molef-air concentration-n2 concentration-air 
         1  1.180011401E+00  7.000440735E-01  4.499552279E-01  2.909431323E+02  2.909431324E+02  1.852495682E-02  9.814750413E-01  1.914155401E-02  9.808584441E-01  7.666036795E-04  3.926242790E-02 
         2  1.150002942E+00  1.299996259E+00  6.549998111E+00  2.919810285E+02  2.919810293E+02  5.366048515E-04  9.994633802E-01  5.548416417E-04  9.994451435E-01  2.213082947E-05  3.986451334E-02 
         3  2.599979183E-01  1.299834635E+00  4.769962194E+00  2.919974937E+02  2.919974939E+02  9.512903566E-05  9.999048551E-01  9.836355009E-05  9.999016206E-01  3.923176548E-06  3.988047177E-02 
         4  2.499957813E-01  1.300216226E+00  3.040010943E+00  2.919918682E+02  2.919918684E+02  3.697088640E-04  9.996302911E-01  3.822756210E-04  9.996177244E-01  1.524716425E-05  3.986991746E-02 
         5  1.179989316E+00  1.700000987E+00  4.500025386E-01  2.920004601E+02  2.920004602E+02  2.108253228E-05  9.999788944E-01  2.179942749E-05  9.999781775E-01  8.694482776E-07  3.988311975E-02 
         6  2.090000749E+00  1.699988964E+00  2.640041275E+00  2.919980250E+02  2.919980263E+02  6.116978784E-05  9.999388339E-01  6.324971421E-05  9.999367540E-01  2.522677441E-06  3.988180126E-02 
         7  1.929998960E+00  1.700096390E+00  4.850038151E+00  2.920006237E+02  2.920006239E+02  5.224390179E-08  9.999999496E-01  5.402046525E-08  9.999999478E-01  2.154550365E-09  3.988396668E-02 
         8  1.149997690E+00  1.699993700E+00  6.550001821E+00  2.919833599E+02  2.919833606E+02  4.752369998E-04  9.995247537E-01  4.913889882E-04  9.995086017E-01  1.959978265E-05  3.986672635E-02 
         9  2.599530306E-01  1.699784014E+00  4.769789816E+00  2.920003383E+02  2.920003386E+02  8.477091587E-06  9.999915250E-01  8.765353298E-06  9.999912367E-01  3.495975157E-07  3.988365824E-02 
        10  2.500325889E-01  1.700141952E+00  3.039603904E+00  2.920001749E+02  2.920001752E+02  2.378372168E-05  9.999762181E-01  2.459246774E-05  9.999754094E-01  9.808470297E-07  3.988304928E-02 
        11  2.090000512E+00  6.999920786E-01  2.640018387E+00  2.904930359E+02  2.904930364E+02  3.126537000E-02  9.687346449E-01  3.229014443E-02  9.677098705E-01  1.295299573E-03  3.879577410E-02 
        12  1.930000944E+00  7.000071781E-01  4.849993220E+00  2.913914863E+02  2.913914867E+02  1.447469240E-02  9.855252983E-01  1.495499963E-02  9.850449911E-01  5.984231176E-04  3.936901413E-02 
        13  1.149999460E+00  7.000041210E-01  6.549999896E+00  2.918823909E+02  2.918823912E+02  3.145429795E-03  9.968545777E-01  3.250182800E-03  9.967498247E-01  1.299843279E-04  3.977018094E-02 
        14  2.599937070E-01  6.999245510E-01  4.770022657E+00  2.917085625E+02  2.917085628E+02  6.641890948E-03  9.933581025E-01  6.865001282E-03  9.931349922E-01  2.743127765E-04  3.964962569E-02 
        15  2.500057384E-01  7.000450448E-01  3.040068823E+00  2.912880529E+02  2.912880533E+02  1.795145446E-02  9.820485511E-01  1.854550015E-02  9.814545054E-01  7.424193705E-04  3.923926254E-02 
        16  1.179999658E+00  1.300002449E+00  4.500000716E-01  2.919976825E+02  2.919976825E+02  1.390857034E-04  9.998609142E-01  1.438146220E-04  9.998561853E-01  5.735959389E-06  3.987863446E-02 
        17  2.090000552E+00  1.299991228E+00  2.640042717E+00  2.920000538E+02  2.920000617E+02  1.769417322E-05  9.999822984E-01  1.829584716E-05  9.999816967E-01  7.297139910E-07  3.988331622E-02 
        18  1.930000128E+00  1.300009553E+00  4.849983633E+00  2.919998259E+02  2.919998259E+02  1.712277906E-05  9.999828921E-01  1.770502617E-05  9.999823099E-01  7.061500374E-07  3.988337270E-02 
