nodenumber     x-coordinate     y-coordinate     z-coordinate      temperature total-temperature               n2              air         molef-n2        molef-air concentration-n2 concentration-air 
         1  1.180011401E+00  7.000440735E-01  4.499552279E-01  2.883338955E+02  2.883338957E+02  1.859239541E-01  8.140760441E-01  1.907415537E-01  8.092584445E-01  7.730331177E-03  3.266267984E-02 
         2  1.150002942E+00  1.299996259E+00  6.549998111E+00  2.919993201E+02  2.919993205E+02  1.616859083E-04  9.998382992E-01  1.671825290E-04  9.998328026E-01  6.667956124E-06  3.987747760E-02 
         3  2.599979183E-01  1.299834635E+00  4.769962194E+00  2.919772546E+02  2.919772547E+02  3.001383515E-03  9.969986007E-01  3.103122331E-03  9.968968618E-01  1.237750098E-04  3.976338463E-02 
         4  2.499957813E-01  1.300216226E+00  3.040010943E+00  2.919857014E+02  2.919857016E+02  2.296403100E-03  9.977035969E-01  2.374298253E-03  9.976257017E-01  9.470154920E-05  3.979130547E-02 
         5  1.179989316E+00  1.700000987E+00  4.500025386E-01  2.919947128E+02  2.919947130E+02  1.176944480E-03  9.988230325E-01  1.216917561E-03  9.987830594E-01  4.853649303E-05  3.983623773E-02 
         6  2.090000749E+00  1.699988964E+00  2.640041275E+00  2.920001340E+02  2.920001355E+02  9.862240879E-05  9.999013813E-01  1.019756207E-04  9.998980281E-01  4.067201519E-06  3.987996867E-02 
         7  1.929998960E+00  1.700096390E+00  4.850038151E+00  2.920006320E+02  2.920006324E+02  2.474157839E-05  9.999752603E-01  2.558287592E-05  9.999744190E-01  1.020346574E-06  3.988294736E-02 
         8  1.149997690E+00  1.699993700E+00  6.550001821E+00  2.919981341E+02  2.919981348E+02  2.579830054E-04  9.997420077E-01  2.667517262E-04  9.997332390E-01  1.063927376E-05  3.987366872E-02 
         9  2.599530306E-01  1.699784014E+00  4.769789816E+00  2.919631682E+02  2.919631687E+02  5.371059699E-03  9.946289424E-01  5.552645181E-03  9.944473569E-01  2.214913687E-04  3.966759418E-02 
        10  2.500325889E-01  1.700141952E+00  3.039603904E+00  2.919822627E+02  2.919822631E+02  3.120325930E-03  9.968796759E-01  3.226072142E-03  9.967739297E-01  1.286771504E-04  3.975779976E-02 
        11  2.090000512E+00  6.999920786E-01  2.640018387E+00  2.879113937E+02  2.879113945E+02  2.156540037E-01  7.843460112E-01  2.210160991E-01  7.789839158E-01  8.964561105E-03  3.148736942E-02 
        12  1.930000944E+00  7.000071781E-01  4.849993220E+00  2.887025062E+02  2.887025066E+02  1.752919141E-01  8.247080766E-01  1.797915089E-01  8.202084818E-01  7.284563846E-03  3.305713783E-02 
        13  1.149999460E+00  7.000041210E-01  6.549999896E+00  2.885252578E+02  2.885252586E+02  2.062612090E-01  7.937387984E-01  2.114138325E-01  7.885861749E-01  8.563260596E-03  3.180301511E-02 
        14  2.599937070E-01  6.999245510E-01  4.770022657E+00  2.891299716E+02  2.891299719E+02  1.525270873E-01  8.474729062E-01  1.567523972E-01  8.432475963E-01  6.326470548E-03  3.395434247E-02 
        15  2.500057384E-01  7.000450448E-01  3.040068823E+00  2.881287499E+02  2.881287502E+02  2.267103780E-01  7.732896276E-01  2.322852533E-01  7.677147523E-01  9.416476345E-03  3.100526022E-02 
        16  1.179999658E+00  1.300002449E+00  4.500000716E-01  2.919968639E+02  2.919968640E+02  7.919796921E-04  9.992080202E-01  8.188888534E-04  9.991811110E-01  3.266096285E-05  3.985182127E-02 
        17  2.090000552E+00  1.299991228E+00  2.640042717E+00  2.920006034E+02  2.920006111E+02  4.423177505E-05  9.999557608E-01  4.573576181E-05  9.999542568E-01  1.824125061E-06  3.988214674E-02 
        18  1.930000128E+00  1.300009553E+00  4.849983633E+00  2.920007233E+02  2.920007235E+02  7.772759637E-05  9.999222873E-01  8.037046766E-05  9.999196444E-01  3.205492630E-06  3.988075078E-02 
