nodenumber     x-coordinate     y-coordinate     z-coordinate      temperature total-temperature               n2              air         molef-n2        molef-air concentration-n2 concentration-air 
         1  1.180011401E+00  7.000440735E-01  4.499552279E-01  2.912949013E+02  2.912949015E+02  1.332806385E-02  9.866719343E-01  1.377449539E-02  9.862255027E-01  5.508911856E-04  3.942975277E-02 
         2  1.150002942E+00  1.299996259E+00  6.549998111E+00  2.919764138E+02  2.919764152E+02  5.693939519E-04  9.994305911E-01  5.887441703E-04  9.994112409E-01  2.348352746E-05  3.986379106E-02 
         3  2.599979183E-01  1.299834635E+00  4.769962194E+00  2.919962433E+02  2.919962435E+02  1.107684425E-04  9.998892157E-01  1.145346756E-04  9.998854495E-01  4.568171884E-06  3.987999757E-02 
         4  2.499957813E-01  1.300216226E+00  3.040010943E+00  2.919921403E+02  2.919921405E+02  3.769177284E-04  9.996230823E-01  3.897296165E-04  9.996102704E-01  1.554444324E-05  3.986958302E-02 
         5  1.179989316E+00  1.700000987E+00  4.500025386E-01  2.920004511E+02  2.920004512E+02  1.571269675E-05  9.999842643E-01  1.624699816E-05  9.999837300E-01  6.479952339E-07  3.988334243E-02 
         6  2.090000749E+00  1.699988964E+00  2.640041275E+00  2.919972745E+02  2.919972757E+02  7.337559518E-05  9.999266281E-01  7.587050192E-05  9.999241332E-01  3.026060955E-06  3.988140040E-02 
         7  1.929998960E+00  1.700096390E+00  4.850038151E+00  2.920006175E+02  2.920006177E+02  1.806043278E-07  9.999998213E-01  1.867458098E-07  9.999998151E-01  7.448163757E-09  3.988396223E-02 
         8  1.149997690E+00  1.699993700E+00  6.550001821E+00  2.919911917E+02  2.919911927E+02  2.316803915E-04  9.997683103E-01  2.395561098E-04  9.997604346E-01  9.554874638E-06  3.987570143E-02 
         9  2.599530306E-01  1.699784014E+00  4.769789816E+00  2.920003697E+02  2.920003700E+02  6.214562978E-06  9.999937875E-01  6.425888594E-06  9.999935762E-01  2.562902172E-07  3.988374726E-02 
        10  2.500325889E-01  1.700141952E+00  3.039603904E+00  2.919998698E+02  2.919998700E+02  5.367945921E-05  9.999463224E-01  5.550472745E-05  9.999444971E-01  2.213755132E-06  3.988185806E-02 
        11  2.090000512E+00  6.999920786E-01  2.640018387E+00  2.908930859E+02  2.908930862E+02  2.084611852E-02  9.791538964E-01  2.153883387E-02  9.784611810E-01  8.624898573E-04  3.917335908E-02 
        12  1.930000944E+00  7.000071781E-01  4.849993220E+00  2.916734016E+02  2.916734017E+02  6.580156700E-03  9.934198340E-01  6.801900634E-03  9.931980901E-01  2.716792278E-04  3.965704663E-02 
        13  1.149999460E+00  7.000041210E-01  6.549999896E+00  2.918676292E+02  2.918676295E+02  3.262117404E-03  9.967378900E-01  3.371841266E-03  9.966281662E-01  1.346697800E-04  3.976748905E-02 
        14  2.599937070E-01  6.999245510E-01  4.770022657E+00  2.917329385E+02  2.917329387E+02  6.403805352E-03  9.935961881E-01  6.619415080E-03  9.933805784E-01  2.644066736E-04  3.965618645E-02 
        15  2.500057384E-01  7.000450448E-01  3.040068823E+00  2.910944312E+02  2.910944315E+02  2.630257883E-02  9.736974268E-01  2.716600382E-02  9.728340018E-01  1.087898440E-03  3.892036704E-02 
        16  1.179999658E+00  1.300002449E+00  4.500000716E-01  2.919963253E+02  2.919963254E+02  1.495603676E-04  9.998504395E-01  1.546453625E-04  9.998453545E-01  6.167967650E-06  3.987838782E-02 
        17  2.090000552E+00  1.299991228E+00  2.640042717E+00  2.919999740E+02  2.919999815E+02  1.773580291E-05  9.999822567E-01  1.833888904E-05  9.999816537E-01  7.314315844E-07  3.988332540E-02 
        18  1.930000128E+00  1.300009553E+00  4.849983633E+00  2.919993538E+02  2.919993539E+02  2.425734172E-05  9.999757576E-01  2.508218842E-05  9.999749327E-01  1.000383600E-06  3.988314294E-02 
