nodenumber     x-coordinate     y-coordinate     z-coordinate      temperature total-temperature               n2              air         molef-n2        molef-air concentration-n2 concentration-air 
         1  1.180011401E+00  7.000440735E-01  4.499552279E-01  2.897284033E+02  2.897284035E+02  7.198803547E-02  9.280119627E-01  7.418909790E-02  9.258109002E-01  2.991052836E-03  3.720668769E-02 
         2  1.150002942E+00  1.299996259E+00  6.549998111E+00  2.920006624E+02  2.920006628E+02  1.546511788E-05  9.999845200E-01  1.599099725E-05  9.999839941E-01  6.377846716E-07  3.988332443E-02 
         3  2.599979183E-01  1.299834635E+00  4.769962194E+00  2.919955328E+02  2.919955330E+02  6.099751489E-04  9.993900090E-01  6.306999153E-04  9.993692843E-01  2.515540572E-05  3.985950739E-02 
         4  2.499957813E-01  1.300216226E+00  3.040010943E+00  2.919891924E+02  2.919891927E+02  1.848070259E-03  9.981519297E-01  1.910789717E-03  9.980892103E-01  7.621301116E-05  3.980931712E-02 
         5  1.179989316E+00  1.700000987E+00  4.500025386E-01  2.919999824E+02  2.919999826E+02  2.595638181E-04  9.997404131E-01  2.683879243E-04  9.997315890E-01  1.070439917E-05  3.987335004E-02 
         6  2.090000749E+00  1.699988964E+00  2.640041275E+00  2.920005417E+02  2.920005431E+02  1.523920680E-05  9.999847645E-01  1.575740741E-05  9.999842463E-01  6.284682003E-07  3.988335172E-02 
         7  1.929998960E+00  1.700096390E+00  4.850038151E+00  2.920006259E+02  2.920006261E+02  3.733088348E-07  9.999996286E-01  3.860032579E-07  9.999996159E-01  1.539534047E-08  3.988395313E-02 
         8  1.149997690E+00  1.699993700E+00  6.550001821E+00  2.920001172E+02  2.920001178E+02  4.012778282E-05  9.999598629E-01  4.149222400E-05  9.999584985E-01  1.654880205E-06  3.988238224E-02 
         9  2.599530306E-01  1.699784014E+00  4.769789816E+00  2.920005939E+02  2.920005942E+02  3.392267652E-06  9.999966098E-01  3.507621580E-06  9.999964945E-01  1.398978847E-07  3.988383302E-02 
        10  2.500325889E-01  1.700141952E+00  3.039603904E+00  2.919780459E+02  2.919780462E+02  4.030980466E-03  9.959690214E-01  4.167411990E-03  9.958325899E-01  1.662276227E-04  3.972082537E-02 
        11  2.090000512E+00  6.999920786E-01  2.640018387E+00  2.895235463E+02  2.895235474E+02  8.883774522E-02  9.111622697E-01  9.148481516E-02  9.085151997E-01  3.689443820E-03  3.653659823E-02 
        12  1.930000944E+00  7.000071781E-01  4.849993220E+00  2.897346306E+02  2.897346309E+02  8.344526273E-02  9.165547280E-01  8.594550063E-02  9.140544901E-01  3.465049254E-03  3.673178678E-02 
        13  1.149999460E+00  7.000041210E-01  6.549999896E+00  2.908176061E+02  2.908176068E+02  4.957845625E-02  9.504215512E-01  5.110469294E-02  9.488953145E-01  2.053737306E-03  3.799304907E-02 
        14  2.599937070E-01  6.999245510E-01  4.770022657E+00  2.903439730E+02  2.903439734E+02  6.117919004E-02  9.388208034E-01  6.309529975E-02  9.369046937E-01  2.534907375E-03  3.757704253E-02 
        15  2.500057384E-01  7.000450448E-01  3.040068823E+00  2.893030833E+02  2.893030835E+02  1.103643089E-01  8.896356967E-01  1.136160820E-01  8.863839236E-01  4.583318528E-03  3.567354510E-02 
        16  1.179999658E+00  1.300002449E+00  4.500000716E-01  2.920001657E+02  2.920001658E+02  2.465891840E-04  9.997534107E-01  2.549723395E-04  9.997450275E-01  1.016932500E-05  3.987386191E-02 
        17  2.090000552E+00  1.299991228E+00  2.640042717E+00  2.920008165E+02  2.920008241E+02  6.863713091E-06  9.999931288E-01  7.097111604E-06  9.999928954E-01  2.830608321E-07  3.988365870E-02 
        18  1.930000128E+00  1.300009553E+00  4.849983633E+00  2.920007660E+02  2.920007661E+02  1.112595840E-05  9.999888889E-01  1.150429148E-05  9.999885106E-01  4.588366815E-07  3.988349160E-02 
