nodenumber     x-coordinate     y-coordinate     z-coordinate      temperature total-temperature               n2              air         molef-n2        molef-air concentration-n2 concentration-air 
         1  1.180011401E+00  7.000440735E-01  4.499552279E-01  2.886447894E+02  2.886447895E+02  2.012256856E-01  7.987743125E-01  2.063006835E-01  7.936993147E-01  8.350412549E-03  3.199886707E-02 
         2  1.150002942E+00  1.299996259E+00  6.549998111E+00  2.919540498E+02  2.919540506E+02  4.954776471E-03  9.950452086E-01  5.122359957E-03  9.948776251E-01  2.043341662E-04  3.968599586E-02 
         3  2.599979183E-01  1.299834635E+00  4.769962194E+00  2.919776242E+02  2.919776244E+02  2.987214507E-03  9.970127697E-01  3.088480329E-03  9.969115038E-01  1.231906033E-04  3.976391855E-02 
         4  2.499957813E-01  1.300216226E+00  3.040010943E+00  2.919825952E+02  2.919825954E+02  2.851878075E-03  9.971481219E-01  2.948567514E-03  9.970514325E-01  1.176079409E-04  3.976882339E-02 
         5  1.179989316E+00  1.700000987E+00  4.500025386E-01  2.919768540E+02  2.919768540E+02  3.780580822E-03  9.962193961E-01  3.908637519E-03  9.960913394E-01  1.559046677E-04  3.973130912E-02 
         6  2.090000749E+00  1.699988964E+00  2.640041275E+00  2.919987659E+02  2.919987674E+02  3.469982333E-04  9.996530055E-01  3.587932621E-04  9.996412105E-01  1.431020080E-05  3.986991254E-02 
         7  1.929998960E+00  1.700096390E+00  4.850038151E+00  2.919969256E+02  2.919969261E+02  8.220964250E-04  9.991779054E-01  8.500241713E-04  9.991499777E-01  3.390284634E-05  3.985057111E-02 
         8  1.149997690E+00  1.699993700E+00  6.550001821E+00  2.919415285E+02  2.919415296E+02  6.265371082E-03  9.937346196E-01  6.476970360E-03  9.935230203E-01  2.583823280E-04  3.963365906E-02 
         9  2.599530306E-01  1.699784014E+00  4.769789816E+00  2.919692744E+02  2.919692748E+02  4.151515796E-03  9.958484863E-01  4.292081540E-03  9.957079206E-01  1.712036621E-04  3.971704761E-02 
        10  2.500325889E-01  1.700141952E+00  3.039603904E+00  2.919771781E+02  2.919771785E+02  3.857249183E-03  9.961427527E-01  3.987888853E-03  9.960121130E-01  1.590657085E-04  3.972810579E-02 
        11  2.090000512E+00  6.999920786E-01  2.640018387E+00  2.876013935E+02  2.876013943E+02  2.730432275E-01  7.269567874E-01  2.791514896E-01  7.208485253E-01  1.134380070E-02  2.915249488E-02 
        12  1.930000944E+00  7.000071781E-01  4.849993220E+00  2.883065601E+02  2.883065606E+02  2.189085762E-01  7.810914145E-01  2.244638576E-01  7.755361331E-01  9.083308746E-03  3.131264854E-02 
        13  1.149999460E+00  7.000041210E-01  6.549999896E+00  2.889190367E+02  2.889190372E+02  1.951949123E-01  8.048050952E-01  2.001387894E-01  7.998612180E-01  8.092727899E-03  3.221805634E-02 
        14  2.599937070E-01  6.999245510E-01  4.770022657E+00  2.888984320E+02  2.888984327E+02  1.977827489E-01  8.022172446E-01  2.028763944E-01  7.971235991E-01  8.197508247E-03  3.211583999E-02 
        15  2.500057384E-01  7.000450448E-01  3.040068823E+00  2.891773512E+02  2.891773518E+02  1.685362869E-01  8.314637187E-01  1.730204261E-01  8.269795795E-01  6.985981420E-03  3.328839650E-02 
        16  1.179999658E+00  1.300002449E+00  4.500000716E-01  2.919807838E+02  2.919807838E+02  3.158310003E-03  9.968416899E-01  3.265357809E-03  9.967346421E-01  1.302442886E-04  3.975643448E-02 
        17  2.090000552E+00  1.299991228E+00  2.640042717E+00  2.919999115E+02  2.919999181E+02  1.595285682E-04  9.998404640E-01  1.649520402E-04  9.998350405E-01  6.578968537E-06  3.987748640E-02 
        18  1.930000128E+00  1.300009553E+00  4.849983633E+00  2.919977327E+02  2.919977329E+02  5.896640889E-04  9.994103508E-01  6.097013113E-04  9.993903136E-01  2.431759840E-05  3.986004715E-02 
