nodenumber     x-coordinate     y-coordinate     z-coordinate      temperature total-temperature               n2              air         molef-n2        molef-air concentration-n2 concentration-air 
         1  1.180011401E+00  7.000440735E-01  4.499552279E-01  2.881612947E+02  2.881612949E+02  2.275193299E-01  7.724806683E-01  2.329756401E-01  7.670243580E-01  9.451600313E-03  3.096593132E-02 
         2  1.150002942E+00  1.299996259E+00  6.549998111E+00  2.919548134E+02  2.919548142E+02  4.743973499E-03  9.952560116E-01  4.904440911E-03  9.950955442E-01  1.956415551E-04  3.969458416E-02 
         3  2.599979183E-01  1.299834635E+00  4.769962194E+00  2.919724742E+02  2.919724746E+02  3.556092316E-03  9.964438919E-01  3.676566818E-03  9.963234173E-01  1.466505279E-04  3.974116218E-02 
         4  2.499957813E-01  1.300216226E+00  3.040010943E+00  2.919828090E+02  2.919828093E+02  2.812711909E-03  9.971872881E-01  2.908078746E-03  9.970919213E-01  1.159928601E-04  3.977040926E-02 
         5  1.179989316E+00  1.700000987E+00  4.500025386E-01  2.919771970E+02  2.919771972E+02  3.665652187E-03  9.963343248E-01  3.789830075E-03  9.962101469E-01  1.511656099E-04  3.973600132E-02 
         6  2.090000749E+00  1.699988964E+00  2.640041275E+00  2.919989965E+02  2.919989980E+02  2.863560906E-04  9.997136476E-01  2.960904716E-04  9.997039133E-01  1.180933635E-05  3.987238191E-02 
         7  1.929998960E+00  1.700096390E+00  4.850038151E+00  2.919922101E+02  2.919922105E+02  1.624350314E-03  9.983756515E-01  1.679488209E-03  9.983205137E-01  6.698671471E-05  3.981813136E-02 
         8  1.149997690E+00  1.699993700E+00  6.550001821E+00  2.919442808E+02  2.919442818E+02  5.996224104E-03  9.940037666E-01  6.198786232E-03  9.938012045E-01  2.472826505E-04  3.964438266E-02 
         9  2.599530306E-01  1.699784014E+00  4.769789816E+00  2.919635156E+02  2.919635161E+02  4.747372516E-03  9.952526296E-01  4.908013096E-03  9.950919890E-01  1.957760043E-04  3.969326204E-02 
        10  2.500325889E-01  1.700141952E+00  3.039603904E+00  2.919755660E+02  2.919755663E+02  3.946668881E-03  9.960533330E-01  4.080325309E-03  9.959196766E-01  1.627536252E-04  3.972463811E-02 
        11  2.090000512E+00  6.999920786E-01  2.640018387E+00  2.873799632E+02  2.873799641E+02  2.866851354E-01  7.133148795E-01  2.928987814E-01  7.071012335E-01  1.191708564E-02  2.861086696E-02 
        12  1.930000944E+00  7.000071781E-01  4.849993220E+00  2.894339286E+02  2.894339289E+02  1.526731150E-01  8.473268757E-01  1.567708436E-01  8.432291471E-01  6.328243196E-03  3.391059187E-02 
        13  1.149999460E+00  7.000041210E-01  6.549999896E+00  2.888677205E+02  2.888677211E+02  1.942507122E-01  8.057492953E-01  1.993166932E-01  8.006833143E-01  8.051249631E-03  3.226615219E-02 
        14  2.599937070E-01  6.999245510E-01  4.770022657E+00  2.890443312E+02  2.890443317E+02  1.924854055E-01  8.075145880E-01  1.974342640E-01  8.025657295E-01  7.976777389E-03  3.231638129E-02 
        15  2.500057384E-01  7.000450448E-01  3.040068823E+00  2.886589295E+02  2.886589303E+02  1.998984563E-01  8.001015493E-01  2.049445721E-01  7.950554335E-01  8.294560655E-03  3.205264630E-02 
        16  1.179999658E+00  1.300002449E+00  4.500000716E-01  2.919826138E+02  2.919826140E+02  2.868214304E-03  9.971317856E-01  2.965458640E-03  9.970345412E-01  1.182815706E-04  3.976814721E-02 
        17  2.090000552E+00  1.299991228E+00  2.640042717E+00  2.920000816E+02  2.920000878E+02  1.257818725E-04  9.998742107E-01  1.300582589E-04  9.998699343E-01  5.187256408E-06  3.987885488E-02 
        18  1.930000128E+00  1.300009553E+00  4.849983633E+00  2.919946000E+02  2.919946001E+02  1.074113503E-03  9.989259014E-01  1.110593889E-03  9.988894210E-01  4.429591934E-05  3.984049675E-02 
