nodenumber     x-coordinate     y-coordinate     z-coordinate      temperature total-temperature               n2              air         molef-n2        molef-air concentration-n2 concentration-air 
         1  1.180011401E+00  7.000440735E-01  4.499552279E-01  2.885478236E+02  2.885478237E+02  2.011787373E-01  7.988212608E-01  2.061684649E-01  7.938315332E-01  8.354363779E-03  3.200887374E-02 
         2  1.150002942E+00  1.299996259E+00  6.549998111E+00  2.919596509E+02  2.919596517E+02  4.536215029E-03  9.954637701E-01  4.689704379E-03  9.953102807E-01  1.870717850E-04  3.970249296E-02 
         3  2.599979183E-01  1.299834635E+00  4.769962194E+00  2.919640466E+02  2.919640469E+02  4.315394956E-03  9.956845892E-01  4.461476300E-03  9.955385079E-01  1.779641862E-04  3.971099991E-02 
         4  2.499957813E-01  1.300216226E+00  3.040010943E+00  2.919828008E+02  2.919828010E+02  2.427013382E-03  9.975729866E-01  2.509333166E-03  9.974906668E-01  1.000884512E-04  3.978631480E-02 
         5  1.179989316E+00  1.700000987E+00  4.500025386E-01  2.919799186E+02  2.919799188E+02  3.210068283E-03  9.967899087E-01  3.318863791E-03  9.966811132E-01  1.323788741E-04  3.975441626E-02 
         6  2.090000749E+00  1.699988964E+00  2.640041275E+00  2.919991188E+02  2.919991203E+02  3.034784859E-04  9.996965252E-01  3.137945310E-04  9.996862092E-01  1.251544661E-05  3.987165910E-02 
         7  1.929998960E+00  1.700096390E+00  4.850038151E+00  2.919931945E+02  2.919931949E+02  1.304873979E-03  9.986951279E-01  1.349170805E-03  9.986508311E-01  5.381205362E-05  3.983117156E-02 
         8  1.149997690E+00  1.699993700E+00  6.550001821E+00  2.919470403E+02  2.919470413E+02  5.903347562E-03  9.940966431E-01  6.102814990E-03  9.938971757E-01  2.434509558E-04  3.964783727E-02 
         9  2.599530306E-01  1.699784014E+00  4.769789816E+00  2.919592416E+02  2.919592422E+02  5.425600339E-03  9.945744018E-01  5.609062775E-03  9.943909393E-01  2.237434204E-04  3.966587856E-02 
        10  2.500325889E-01  1.700141952E+00  3.039603904E+00  2.919750595E+02  2.919750599E+02  3.799912306E-03  9.962000896E-01  3.928613826E-03  9.960713880E-01  1.567026677E-04  3.973075826E-02 
        11  2.090000512E+00  6.999920786E-01  2.640018387E+00  2.874530879E+02  2.874530885E+02  2.783923851E-01  7.216076298E-01  2.846654117E-01  7.153346032E-01  1.156774969E-02  2.894918105E-02 
        12  1.930000944E+00  7.000071781E-01  4.849993220E+00  2.894148648E+02  2.894148651E+02  1.568102498E-01  8.431897409E-01  1.610272823E-01  8.389727083E-01  6.497798606E-03  3.374354738E-02 
        13  1.149999460E+00  7.000041210E-01  6.549999896E+00  2.892855895E+02  2.892855902E+02  1.708883198E-01  8.291116877E-01  1.753705830E-01  8.246294245E-01  7.081588827E-03  3.317791237E-02 
        14  2.599937070E-01  6.999245510E-01  4.770022657E+00  2.885095695E+02  2.885095699E+02  2.201508874E-01  7.798491061E-01  2.257341930E-01  7.742658005E-01  9.127862618E-03  3.123965430E-02 
        15  2.500057384E-01  7.000450448E-01  3.040068823E+00  2.889938041E+02  2.889938046E+02  1.840460765E-01  8.159539291E-01  1.888078410E-01  8.111921646E-01  7.630665542E-03  3.266951375E-02 
        16  1.179999658E+00  1.300002449E+00  4.500000716E-01  2.919852500E+02  2.919852502E+02  2.463045662E-03  9.975369542E-01  2.546587952E-03  9.974534119E-01  1.015734015E-04  3.978449526E-02 
        17  2.090000552E+00  1.299991228E+00  2.640042717E+00  2.919999135E+02  2.919999198E+02  1.700001513E-04  9.998299924E-01  1.757796208E-04  9.998242129E-01  7.010814990E-06  3.987705429E-02 
        18  1.930000128E+00  1.300009553E+00  4.849983633E+00  2.919947962E+02  2.919947963E+02  9.555443255E-04  9.990444706E-01  9.879958911E-04  9.990120190E-01  3.940625428E-05  3.984535962E-02 
