nodenumber     x-coordinate     y-coordinate     z-coordinate      temperature total-temperature               n2              air         molef-n2        molef-air concentration-n2 concentration-air 
         1  1.180011401E+00  7.000440735E-01  4.499552279E-01  2.888581470E+02  2.888581472E+02  1.308630433E-01  8.691369549E-01  1.345668170E-01  8.654331811E-01  5.441744539E-03  3.487761685E-02 
         2  1.150002942E+00  1.299996259E+00  6.549998111E+00  2.920004053E+02  2.920004056E+02  4.040196994E-05  9.999595831E-01  4.177574778E-05  9.999582094E-01  1.666185716E-06  3.988233115E-02 
         3  2.599979183E-01  1.299834635E+00  4.769962194E+00  2.919728731E+02  2.919728733E+02  3.370192433E-03  9.966297917E-01  3.484297073E-03  9.965156871E-01  1.389842762E-04  3.974877402E-02 
         4  2.499957813E-01  1.300216226E+00  3.040010943E+00  2.919706467E+02  2.919706469E+02  4.013110219E-03  9.959868898E-01  4.149004210E-03  9.958509958E-01  1.654959736E-04  3.972256766E-02 
         5  1.179989316E+00  1.700000987E+00  4.500025386E-01  2.920002600E+02  2.920002602E+02  2.157991194E-04  9.997841778E-01  2.231357216E-04  9.997768412E-01  8.899549413E-06  3.987511697E-02 
         6  2.090000749E+00  1.699988964E+00  2.640041275E+00  2.920003901E+02  2.920003915E+02  3.993223586E-05  9.999600715E-01  4.129007302E-05  9.999587137E-01  1.646813525E-06  3.988235407E-02 
         7  1.929998960E+00  1.700096390E+00  4.850038151E+00  2.920006263E+02  2.920006265E+02  2.642447480E-06  9.999973594E-01  2.732303648E-06  9.999972696E-01  1.089751024E-07  3.988385951E-02 
         8  1.149997690E+00  1.699993700E+00  6.550001821E+00  2.919998155E+02  2.919998161E+02  7.130773077E-05  9.999286830E-01  7.373223086E-05  9.999262585E-01  2.940749088E-06  3.988113758E-02 
         9  2.599530306E-01  1.699784014E+00  4.769789816E+00  2.919998796E+02  2.919998799E+02  1.026381598E-04  9.998973639E-01  1.061271611E-04  9.998938749E-01  4.232807315E-06  3.987983769E-02 
        10  2.500325889E-01  1.700141952E+00  3.039603904E+00  2.919521563E+02  2.919521568E+02  7.345120610E-03  9.926548813E-01  7.592925602E-03  9.924070763E-01  3.028883773E-04  3.958770170E-02 
        11  2.090000512E+00  6.999920786E-01  2.640018387E+00  2.892463483E+02  2.892463490E+02  1.106382803E-01  8.893617346E-01  1.138368644E-01  8.861631505E-01  4.595448609E-03  3.566922988E-02 
        12  1.930000944E+00  7.000071781E-01  4.849993220E+00  2.890756151E+02  2.890756153E+02  1.261688835E-01  8.738311072E-01  1.297077990E-01  8.702921917E-01  5.245540089E-03  3.504365465E-02 
        13  1.149999460E+00  7.000041210E-01  6.549999896E+00  2.898539371E+02  2.898539379E+02  9.559811593E-02  9.044018915E-01  9.843291106E-02  9.015670964E-01  3.963844806E-03  3.621617463E-02 
        14  2.599937070E-01  6.999245510E-01  4.770022657E+00  2.898031268E+02  2.898031273E+02  8.949282832E-02  9.105071652E-01  9.218256712E-02  9.078174264E-01  3.712830960E-03  3.647434244E-02 
        15  2.500057384E-01  7.000450448E-01  3.040068823E+00  2.889467645E+02  2.889467647E+02  1.465193795E-01  8.534806261E-01  1.506454555E-01  8.493545501E-01  6.083930729E-03  3.422271330E-02 
        16  1.179999658E+00  1.300002449E+00  4.500000716E-01  2.920001309E+02  2.920001310E+02  2.553860719E-04  9.997446138E-01  2.640682141E-04  9.997359317E-01  1.053210652E-05  3.987350388E-02 
        17  2.090000552E+00  1.299991228E+00  2.640042717E+00  2.920007741E+02  2.920007816E+02  1.388492224E-05  9.999861076E-01  1.435707000E-05  9.999856355E-01  5.726167632E-07  3.988337493E-02 
        18  1.930000128E+00  1.300009553E+00  4.849983633E+00  2.920008444E+02  2.920008446E+02  1.870967672E-05  9.999813052E-01  1.934588696E-05  9.999806690E-01  7.715901636E-07  3.988316813E-02 
