nodenumber     x-coordinate     y-coordinate     z-coordinate      temperature total-temperature               n2              air         molef-n2        molef-air concentration-n2 concentration-air 
         1  1.180011401E+00  7.000440735E-01  4.499552279E-01  2.882364730E+02  2.882364731E+02  2.058636218E-01  7.941363763E-01  2.109773395E-01  7.890226587E-01  8.558728574E-03  3.184842345E-02 
         2  1.150002942E+00  1.299996259E+00  6.549998111E+00  2.919993366E+02  2.919993370E+02  1.651998150E-04  9.998347853E-01  1.708158794E-04  9.998291692E-01  6.812868268E-06  3.987733044E-02 
         3  2.599979183E-01  1.299834635E+00  4.769962194E+00  2.919762842E+02  2.919762843E+02  3.363058698E-03  9.966369255E-01  3.477015828E-03  9.965229683E-01  1.386889787E-04  3.974860323E-02 
         4  2.499957813E-01  1.300216226E+00  3.040010943E+00  2.919868805E+02  2.919868807E+02  1.963275759E-03  9.980367242E-01  2.029898625E-03  9.979701014E-01  8.096432980E-05  3.980488161E-02 
         5  1.179989316E+00  1.700000987E+00  4.500025386E-01  2.919938506E+02  2.919938508E+02  1.356945086E-03  9.986430319E-01  1.403023050E-03  9.985969539E-01  5.595943455E-05  3.982893256E-02 
         6  2.090000749E+00  1.699988964E+00  2.640041275E+00  2.920000538E+02  2.920000553E+02  1.045766521E-04  9.998954271E-01  1.081322935E-04  9.998918714E-01  4.312756133E-06  3.987973407E-02 
         7  1.929998960E+00  1.700096390E+00  4.850038151E+00  2.920006097E+02  2.920006101E+02  1.859896558E-05  9.999814029E-01  1.923140008E-05  9.999807705E-01  7.670246006E-07  3.988320372E-02 
         8  1.149997690E+00  1.699993700E+00  6.550001821E+00  2.919985407E+02  2.919985414E+02  2.278074054E-04  9.997721833E-01  2.355508514E-04  9.997644398E-01  9.394819410E-06  3.987485765E-02 
         9  2.599530306E-01  1.699784014E+00  4.769789816E+00  2.919521673E+02  2.919521677E+02  6.988288510E-03  9.930117136E-01  7.224183999E-03  9.927758181E-01  2.881777088E-04  3.960241085E-02 
        10  2.500325889E-01  1.700141952E+00  3.039603904E+00  2.919846293E+02  2.919846296E+02  2.766837175E-03  9.972331647E-01  2.860650958E-03  9.971393509E-01  1.141004634E-04  3.977205315E-02 
        11  2.090000512E+00  6.999920786E-01  2.640018387E+00  2.877734345E+02  2.877734355E+02  2.130176946E-01  7.869823203E-01  2.183958691E-01  7.816041458E-01  8.861191144E-03  3.161017649E-02 
        12  1.930000944E+00  7.000071781E-01  4.849993220E+00  2.879029456E+02  2.879029457E+02  2.152649212E-01  7.847350695E-01  2.206222376E-01  7.793777531E-01  8.953608998E-03  3.149997937E-02 
        13  1.149999460E+00  7.000041210E-01  6.549999896E+00  2.890888231E+02  2.890888236E+02  1.673657354E-01  8.326342721E-01  1.717708173E-01  8.282291901E-01  6.943413976E-03  3.334372854E-02 
        14  2.599937070E-01  6.999245510E-01  4.770022657E+00  2.885806167E+02  2.885806177E+02  1.813318351E-01  8.186681584E-01  1.862170717E-01  8.137829218E-01  7.526482567E-03  3.283094207E-02 
        15  2.500057384E-01  7.000450448E-01  3.040068823E+00  2.876881350E+02  2.876881354E+02  2.558416484E-01  7.441583572E-01  2.617930044E-01  7.382070012E-01  1.063438659E-02  2.984976871E-02 
        16  1.179999658E+00  1.300002449E+00  4.500000716E-01  2.919963835E+02  2.919963836E+02  8.772501167E-04  9.991227498E-01  9.070538340E-04  9.990929460E-01  3.617743830E-05  3.984837042E-02 
        17  2.090000552E+00  1.299991228E+00  2.640042717E+00  2.920005323E+02  2.920005399E+02  5.218674680E-05  9.999478058E-01  5.396120090E-05  9.999460313E-01  2.152189326E-06  3.988182838E-02 
        18  1.930000128E+00  1.300009553E+00  4.849983633E+00  2.920007343E+02  2.920007345E+02  7.519039279E-05  9.999248245E-01  7.774702164E-05  9.999222679E-01  3.100858773E-06  3.988085391E-02 
