nodenumber     x-coordinate     y-coordinate     z-coordinate      temperature total-temperature               n2              air         molef-n2        molef-air concentration-n2 concentration-air 
         1  1.180011401E+00  7.000440735E-01  4.499552279E-01  2.883637821E+02  2.883637823E+02  2.181450349E-01  7.818549633E-01  2.235037969E-01  7.764962013E-01  9.056702698E-03  3.133210458E-02 
         2  1.150002942E+00  1.299996259E+00  6.549998111E+00  2.919789126E+02  2.919789134E+02  2.345843851E-03  9.976541412E-01  2.425371948E-03  9.975746132E-01  9.674246403E-05  3.979019080E-02 
         3  2.599979183E-01  1.299834635E+00  4.769962194E+00  2.919825153E+02  2.919825156E+02  2.623279395E-03  9.973767048E-01  2.712240163E-03  9.972877440E-01  1.081816817E-04  3.977825930E-02 
         4  2.499957813E-01  1.300216226E+00  3.040010943E+00  2.919812413E+02  2.919812416E+02  2.995907169E-03  9.970040928E-01  3.097459884E-03  9.969025401E-01  1.235474470E-04  3.976306884E-02 
         5  1.179989316E+00  1.700000987E+00  4.500025386E-01  2.919796905E+02  2.919796906E+02  3.429895314E-03  9.965700816E-01  3.546114906E-03  9.964538620E-01  1.414433061E-04  3.974538299E-02 
         6  2.090000749E+00  1.699988964E+00  2.640041275E+00  2.919980680E+02  2.919980694E+02  4.269188824E-04  9.995730848E-01  4.414294531E-04  9.995585743E-01  1.760612416E-05  3.986671193E-02 
         7  1.929998960E+00  1.700096390E+00  4.850038151E+00  2.919960772E+02  2.919960777E+02  8.915818423E-04  9.991084200E-01  9.218674849E-04  9.990781344E-01  3.676840872E-05  3.984782143E-02 
         8  1.149997690E+00  1.699993700E+00  6.550001821E+00  2.919605928E+02  2.919605939E+02  4.464602295E-03  9.955353884E-01  4.615630857E-03  9.953843598E-01  1.841180877E-04  3.970531846E-02 
         9  2.599530306E-01  1.699784014E+00  4.769789816E+00  2.919672048E+02  2.919672052E+02  4.788516643E-03  9.952114855E-01  4.950540051E-03  9.950494620E-01  1.974699307E-04  3.969106410E-02 
        10  2.500325889E-01  1.700141952E+00  3.039603904E+00  2.919757496E+02  2.919757499E+02  4.002891146E-03  9.959971107E-01  4.138435108E-03  9.958615668E-01  1.650716244E-04  3.972229503E-02 
        11  2.090000512E+00  6.999920786E-01  2.640018387E+00  2.872731608E+02  2.872731616E+02  2.983208124E-01  7.016792025E-01  3.047921802E-01  6.952078347E-01  1.239479158E-02  2.814762243E-02 
        12  1.930000944E+00  7.000071781E-01  4.849993220E+00  2.893038109E+02  2.893038113E+02  1.595438553E-01  8.404561354E-01  1.638369838E-01  8.361630069E-01  6.613131787E-03  3.364367420E-02 
        13  1.149999460E+00  7.000041210E-01  6.549999896E+00  2.895504441E+02  2.895504447E+02  1.545620953E-01  8.454379122E-01  1.586807044E-01  8.413193031E-01  6.403564266E-03  3.381910948E-02 
        14  2.599937070E-01  6.999245510E-01  4.770022657E+00  2.890118414E+02  2.890118422E+02  1.878144365E-01  8.121855570E-01  1.926157034E-01  8.073842901E-01  7.786939077E-03  3.251093398E-02 
        15  2.500057384E-01  7.000450448E-01  3.040068823E+00  2.892026363E+02  2.892026369E+02  1.723940995E-01  8.276059061E-01  1.769084433E-01  8.230915623E-01  7.145154852E-03  3.312584948E-02 
        16  1.179999658E+00  1.300002449E+00  4.500000716E-01  2.919836073E+02  2.919836074E+02  2.823866845E-03  9.971761330E-01  2.919612202E-03  9.970803877E-01  1.164525203E-04  3.976984054E-02 
        17  2.090000552E+00  1.299991228E+00  2.640042717E+00  2.919992588E+02  2.919992656E+02  2.513518347E-04  9.997486407E-01  2.598962757E-04  9.997400963E-01  1.036575858E-05  3.987378876E-02 
        18  1.930000128E+00  1.300009553E+00  4.849983633E+00  2.919968452E+02  2.919968454E+02  7.013398942E-04  9.992986750E-01  7.251677999E-04  9.992748471E-01  2.892304812E-05  3.985556293E-02 
