nodenumber     x-coordinate     y-coordinate     z-coordinate      temperature total-temperature               n2              air         molef-n2        molef-air concentration-n2 concentration-air 
         1  1.180011401E+00  7.000440735E-01  4.499552279E-01  2.885244060E+02  2.885244062E+02  1.741263975E-01  8.258736007E-01  1.786596736E-01  8.213403246E-01  7.240155579E-03  3.312635375E-02 
         2  1.150002942E+00  1.299996259E+00  6.549998111E+00  2.919998292E+02  2.919998296E+02  1.087244726E-04  9.998912606E-01  1.124209327E-04  9.998875642E-01  4.483817256E-06  3.987959221E-02 
         3  2.599979183E-01  1.299834635E+00  4.769962194E+00  2.919763675E+02  2.919763676E+02  3.033676359E-03  9.969663078E-01  3.136507991E-03  9.968634762E-01  1.251069803E-04  3.976217385E-02 
         4  2.499957813E-01  1.300216226E+00  3.040010943E+00  2.919761768E+02  2.919761770E+02  3.161059324E-03  9.968389407E-01  3.268152388E-03  9.967318476E-01  1.303594362E-04  3.975694875E-02 
         5  1.179989316E+00  1.700000987E+00  4.500025386E-01  2.919953886E+02  2.919953888E+02  1.037195324E-03  9.989627816E-01  1.072426966E-03  9.989275500E-01  4.277342245E-05  3.984190849E-02 
         6  2.090000749E+00  1.699988964E+00  2.640041275E+00  2.920003192E+02  2.920003207E+02  7.287502099E-05  9.999271287E-01  7.535290766E-05  9.999246508E-01  3.005377134E-06  3.988100519E-02 
         7  1.929998960E+00  1.700096390E+00  4.850038151E+00  2.920006294E+02  2.920006298E+02  2.696926974E-05  9.999730326E-01  2.788631128E-05  9.999721156E-01  1.112216723E-06  3.988285584E-02 
         8  1.149997690E+00  1.699993700E+00  6.550001821E+00  2.919991418E+02  2.919991425E+02  1.510565225E-04  9.998489342E-01  1.561916429E-04  9.998437990E-01  6.229604891E-06  3.987794075E-02 
         9  2.599530306E-01  1.699784014E+00  4.769789816E+00  2.919713221E+02  2.919713227E+02  4.163101453E-03  9.958369006E-01  4.304015750E-03  9.956959863E-01  1.716798861E-04  3.971629167E-02 
        10  2.500325889E-01  1.700141952E+00  3.039603904E+00  2.919757635E+02  2.919757640E+02  3.773034747E-03  9.962269671E-01  3.900828764E-03  9.960991731E-01  1.555940301E-04  3.973177072E-02 
        11  2.090000512E+00  6.999920786E-01  2.640018387E+00  2.880476070E+02  2.880476077E+02  2.010313974E-01  7.989686175E-01  2.061903027E-01  7.938097122E-01  8.356253526E-03  3.207630994E-02 
        12  1.930000944E+00  7.000071781E-01  4.849993220E+00  2.882389071E+02  2.882389073E+02  2.017825217E-01  7.982174690E-01  2.068083116E-01  7.931916790E-01  8.390039696E-03  3.201668813E-02 
        13  1.149999460E+00  7.000041210E-01  6.549999896E+00  2.894912846E+02  2.894912850E+02  1.459322579E-01  8.540677495E-01  1.498717011E-01  8.501283063E-01  6.050506973E-03  3.418048973E-02 
        14  2.599937070E-01  6.999245510E-01  4.770022657E+00  2.892110985E+02  2.892110990E+02  1.425075693E-01  8.574924242E-01  1.464802136E-01  8.535197799E-01  5.912746303E-03  3.435690876E-02 
        15  2.500057384E-01  7.000450448E-01  3.040068823E+00  2.881184887E+02  2.881184893E+02  2.227983685E-01  7.772016371E-01  2.282914249E-01  7.717085807E-01  9.256500917E-03  3.116678208E-02 
        16  1.179999658E+00  1.300002449E+00  4.500000716E-01  2.919966768E+02  2.919966769E+02  7.855543491E-04  9.992144455E-01  8.122453880E-04  9.991877545E-01  3.239601197E-05  3.985211177E-02 
        17  2.090000552E+00  1.299991228E+00  2.640042717E+00  2.920006831E+02  2.920006905E+02  3.596087193E-05  9.999640317E-01  3.718364779E-05  9.999628089E-01  1.483031838E-06  3.988247694E-02 
        18  1.930000128E+00  1.300009553E+00  4.849983633E+00  2.920007625E+02  2.920007626E+02  6.408245720E-05  9.999359324E-01  6.626141205E-05  9.999337535E-01  2.642767058E-06  3.988130815E-02 
