nodenumber     x-coordinate     y-coordinate     z-coordinate      temperature total-temperature               n2              air         molef-n2        molef-air concentration-n2 concentration-air 
         1  1.180011401E+00  7.000440735E-01  4.499552279E-01  2.889669093E+02  2.889669095E+02  1.374043442E-01  8.625956539E-01  1.411699120E-01  8.588300861E-01  5.713197839E-03  3.459131883E-02 
         2  1.150002942E+00  1.299996259E+00  6.549998111E+00  2.920001463E+02  2.920001467E+02  6.721011937E-05  9.999327750E-01  6.949531986E-05  9.999304898E-01  2.771759345E-06  3.988126094E-02 
         3  2.599979183E-01  1.299834635E+00  4.769962194E+00  2.919909765E+02  2.919909768E+02  1.206754608E-03  9.987932296E-01  1.247706204E-03  9.987522780E-01  4.976627763E-05  3.983551892E-02 
         4  2.499957813E-01  1.300216226E+00  3.040010943E+00  2.919739304E+02  2.919739307E+02  3.261590462E-03  9.967384095E-01  3.372111932E-03  9.966278881E-01  1.345061245E-04  3.975310892E-02 
         5  1.179989316E+00  1.700000987E+00  4.500025386E-01  2.919966183E+02  2.919966184E+02  8.382566892E-04  9.991617203E-01  8.667363999E-04  9.991332405E-01  3.456937471E-05  3.984994458E-02 
         6  2.090000749E+00  1.699988964E+00  2.640041275E+00  2.920004064E+02  2.920004080E+02  4.453617269E-05  9.999554676E-01  4.605054521E-05  9.999539532E-01  1.836680216E-06  3.988216198E-02 
         7  1.929998960E+00  1.700096390E+00  4.850038151E+00  2.920006306E+02  2.920006310E+02  1.108373470E-05  9.999889181E-01  1.146063077E-05  9.999885412E-01  4.570953996E-07  3.988351079E-02 
         8  1.149997690E+00  1.699993700E+00  6.550001821E+00  2.919991926E+02  2.919991932E+02  1.336182949E-04  9.998663724E-01  1.381607891E-04  9.998618299E-01  5.510452916E-06  3.987865296E-02 
         9  2.599530306E-01  1.699784014E+00  4.769789816E+00  2.920002920E+02  2.920002925E+02  5.539247520E-05  9.999446096E-01  5.727597531E-05  9.999427261E-01  2.284396320E-06  3.988172976E-02 
        10  2.500325889E-01  1.700141952E+00  3.039603904E+00  2.919651809E+02  2.919651813E+02  5.102272784E-03  9.948977291E-01  5.274832240E-03  9.947251696E-01  2.104076953E-04  3.967840284E-02 
        11  2.090000512E+00  6.999920786E-01  2.640018387E+00  2.880085730E+02  2.880085741E+02  1.915926706E-01  8.084073443E-01  1.965449953E-01  8.034550196E-01  7.970499384E-03  3.246788230E-02 
        12  1.930000944E+00  7.000071781E-01  4.849993220E+00  2.884031149E+02  2.884031151E+02  1.894247531E-01  8.105752376E-01  1.942561850E-01  8.057438057E-01  7.874501323E-03  3.250903868E-02 
        13  1.149999460E+00  7.000041210E-01  6.549999896E+00  2.892941398E+02  2.892941403E+02  1.503149834E-01  8.496850241E-01  1.543826012E-01  8.456174062E-01  6.234889795E-03  3.402347628E-02 
        14  2.599937070E-01  6.999245510E-01  4.770022657E+00  2.888089122E+02  2.888089130E+02  1.542412398E-01  8.457587537E-01  1.585213974E-01  8.414785960E-01  6.404611670E-03  3.392103849E-02 
        15  2.500057384E-01  7.000450448E-01  3.040068823E+00  2.878800443E+02  2.878800448E+02  2.179054981E-01  7.820945075E-01  2.233880647E-01  7.766119408E-01  9.062859813E-03  3.139396620E-02 
        16  1.179999658E+00  1.300002449E+00  4.500000716E-01  2.919956205E+02  2.919956206E+02  1.020367552E-03  9.989796323E-01  1.055028649E-03  9.989449712E-01  4.207945293E-05  3.984257262E-02 
        17  2.090000552E+00  1.299991228E+00  2.640042717E+00  2.920007453E+02  2.920007529E+02  2.103196336E-05  9.999789606E-01  2.174713066E-05  9.999782454E-01  8.673617975E-07  3.988308412E-02 
        18  1.930000128E+00  1.300009553E+00  4.849983633E+00  2.920007658E+02  2.920007659E+02  4.604184202E-05  9.999539731E-01  4.760740486E-05  9.999524075E-01  1.898771494E-06  3.988205170E-02 
