nodenumber     x-coordinate     y-coordinate     z-coordinate      temperature total-temperature               n2              air         molef-n2        molef-air concentration-n2 concentration-air 
         1  1.180011401E+00  7.000440735E-01  4.499552279E-01  2.899199635E+02  2.899199641E+02  7.388527511E-02  9.261147230E-01  7.608621694E-02  9.239137812E-01  3.071425122E-03  3.710031194E-02 
         2  1.150002942E+00  1.299996259E+00  6.549998111E+00  2.920005645E+02  2.920005648E+02  2.467231990E-05  9.999753128E-01  2.551126921E-05  9.999744738E-01  1.017491630E-06  3.988295810E-02 
         3  2.599979183E-01  1.299834635E+00  4.769962194E+00  2.919934158E+02  2.919934160E+02  8.376722844E-04  9.991623119E-01  8.661267594E-04  9.991338574E-01  3.454564424E-05  3.985040632E-02 
         4  2.499957813E-01  1.300216226E+00  3.040010943E+00  2.919909410E+02  2.919909413E+02  1.610696990E-03  9.983893030E-01  1.665373253E-03  9.983346267E-01  6.642403502E-05  3.981886724E-02 
         5  1.179989316E+00  1.700000987E+00  4.500025386E-01  2.920001786E+02  2.920001788E+02  2.354002981E-04  9.997645767E-01  2.434031305E-04  9.997565738E-01  9.707897799E-06  3.987431974E-02 
         6  2.090000749E+00  1.699988964E+00  2.640041275E+00  2.920005205E+02  2.920005218E+02  2.609623218E-05  9.999739075E-01  2.698360998E-05  9.999730201E-01  1.076213933E-06  3.988290687E-02 
         7  1.929998960E+00  1.700096390E+00  4.850038151E+00  2.920006253E+02  2.920006255E+02  8.181709216E-07  9.999991837E-01  8.459928935E-07  9.999991559E-01  3.374155113E-08  3.988393488E-02 
         8  1.149997690E+00  1.699993700E+00  6.550001821E+00  2.920000575E+02  2.920000580E+02  4.873941100E-05  9.999512513E-01  5.039664213E-05  9.999495940E-01  2.010025603E-06  3.988203526E-02 
         9  2.599530306E-01  1.699784014E+00  4.769789816E+00  2.920005669E+02  2.920005672E+02  7.380007006E-06  9.999926221E-01  7.630961945E-06  9.999923711E-01  3.043531337E-07  3.988367226E-02 
        10  2.500325889E-01  1.700141952E+00  3.039603904E+00  2.919829346E+02  2.919829350E+02  2.984737440E-03  9.970152644E-01  3.085879751E-03  9.969141221E-01  1.230856798E-04  3.976329945E-02 
        11  2.090000512E+00  6.999920786E-01  2.640018387E+00  2.890520582E+02  2.890520590E+02  1.130236356E-01  8.869763793E-01  1.162552813E-01  8.837447336E-01  4.699604499E-03  3.559252741E-02 
        12  1.930000944E+00  7.000071781E-01  4.849993220E+00  2.892958742E+02  2.892958745E+02  1.048123852E-01  8.951876055E-01  1.078374455E-01  8.921625452E-01  4.357854443E-03  3.590048716E-02 
        13  1.149999460E+00  7.000041210E-01  6.549999896E+00  2.898976272E+02  2.898976280E+02  8.248220552E-02  9.175178019E-01  8.495461285E-02  9.150453946E-01  3.422579281E-03  3.675152967E-02 
        14  2.599937070E-01  6.999245510E-01  4.770022657E+00  2.897572003E+02  2.897572006E+02  8.694597463E-02  9.130540189E-01  8.959122913E-02  9.104087643E-01  3.606413281E-03  3.658688601E-02 
        15  2.500057384E-01  7.000450448E-01  3.040068823E+00  2.893661305E+02  2.893661308E+02  1.279513198E-01  8.720486858E-01  1.314674271E-01  8.685325785E-01  5.314362395E-03  3.493439626E-02 
        16  1.179999658E+00  1.300002449E+00  4.500000716E-01  2.920001297E+02  2.920001297E+02  2.604668003E-04  9.997395331E-01  2.693216285E-04  9.997306783E-01  1.074163379E-05  3.987329452E-02 
        17  2.090000552E+00  1.299991228E+00  2.640042717E+00  2.920008161E+02  2.920008235E+02  9.190596577E-06  9.999908020E-01  9.503119067E-06  9.999904894E-01  3.790219055E-07  3.988356279E-02 
        18  1.930000128E+00  1.300009553E+00  4.849983633E+00  2.920008059E+02  2.920008060E+02  1.626159464E-05  9.999837533E-01  1.681456089E-05  9.999832003E-01  6.706310266E-07  3.988327436E-02 
