nodenumber     x-coordinate     y-coordinate     z-coordinate      temperature total-temperature               n2              air         molef-n2        molef-air concentration-n2 concentration-air 
         1  1.180011401E+00  7.000440735E-01  4.499552279E-01  2.911369653E+02  2.911369654E+02  1.641794264E-02  9.835820555E-01  1.696522115E-02  9.830347770E-01  6.790893812E-04  3.932329897E-02 
         2  1.150002942E+00  1.299996259E+00  6.549998111E+00  2.919831530E+02  2.919831536E+02  4.810499511E-04  9.995189351E-01  4.973996089E-04  9.995025855E-01  1.983950871E-05  3.986651444E-02 
         3  2.599979183E-01  1.299834635E+00  4.769962194E+00  2.919955301E+02  2.919955303E+02  1.662801927E-04  9.998337040E-01  1.719334326E-04  9.998280507E-01  6.857528220E-06  3.987780563E-02 
         4  2.499957813E-01  1.300216226E+00  3.040010943E+00  2.919914944E+02  2.919914945E+02  4.301333880E-04  9.995698666E-01  4.447528050E-04  9.995552472E-01  1.773912086E-05  3.986747657E-02 
         5  1.179989316E+00  1.700000987E+00  4.500025386E-01  2.920004780E+02  2.920004781E+02  2.003203265E-05  9.999799449E-01  2.071320759E-05  9.999792637E-01  8.261254178E-07  3.988316063E-02 
         6  2.090000749E+00  1.699988964E+00  2.640041275E+00  2.919985247E+02  2.919985261E+02  5.080087716E-05  9.999492028E-01  5.252825776E-05  9.999474755E-01  2.095054109E-06  3.988216062E-02 
         7  1.929998960E+00  1.700096390E+00  4.850038151E+00  2.920006247E+02  2.920006248E+02  3.666259215E-08  9.999999652E-01  3.790931035E-08  9.999999640E-01  1.511973607E-09  3.988396719E-02 
         8  1.149997690E+00  1.699993700E+00  6.550001821E+00  2.919931029E+02  2.919931034E+02  2.081636191E-04  9.997918271E-01  2.152403420E-04  9.997847503E-01  8.584916380E-06  3.987641032E-02 
         9  2.599530306E-01  1.699784014E+00  4.769789816E+00  2.920000060E+02  2.920000063E+02  2.097873455E-05  9.999790234E-01  2.169209831E-05  9.999783100E-01  8.651695255E-07  3.988318805E-02 
        10  2.500325889E-01  1.700141952E+00  3.039603904E+00  2.920002408E+02  2.920002410E+02  1.736005470E-05  9.999826418E-01  1.795037332E-05  9.999820515E-01  7.159332914E-07  3.988330520E-02 
        11  2.090000512E+00  6.999920786E-01  2.640018387E+00  2.906996514E+02  2.906996524E+02  2.709083006E-02  9.729091848E-01  2.797946626E-02  9.720205486E-01  1.122198350E-03  3.894046158E-02 
        12  1.930000944E+00  7.000071781E-01  4.849993220E+00  2.913559549E+02  2.913559553E+02  1.571779603E-02  9.842821947E-01  1.623923252E-02  9.837607582E-01  6.498096905E-04  3.932249952E-02 
        13  1.149999460E+00  7.000041210E-01  6.549999896E+00  2.917773289E+02  2.917773292E+02  6.354450404E-03  9.936455570E-01  6.563959078E-03  9.934360484E-01  2.627996534E-04  3.965179506E-02 
        14  2.599937070E-01  6.999245510E-01  4.770022657E+00  2.915467840E+02  2.915467844E+02  1.116992866E-02  9.888300648E-01  1.154264671E-02  9.884573468E-01  4.615454794E-04  3.948457321E-02 
        15  2.500057384E-01  7.000450448E-01  3.040068823E+00  2.912571569E+02  2.912571574E+02  2.040073162E-02  9.795992740E-01  2.107235919E-02  9.789276464E-01  8.436144492E-04  3.914228213E-02 
        16  1.179999658E+00  1.300002449E+00  4.500000716E-01  2.919984772E+02  2.919984773E+02  1.228610211E-04  9.998771389E-01  1.270383752E-04  9.998729615E-01  5.066834142E-06  3.987919503E-02 
        17  2.090000552E+00  1.299991228E+00  2.640042717E+00  2.920001437E+02  2.920001516E+02  1.623116873E-05  9.999837614E-01  1.678309635E-05  9.999832095E-01  6.693788449E-07  3.988336427E-02 
        18  1.930000128E+00  1.300009553E+00  4.849983633E+00  2.919999635E+02  2.919999635E+02  1.533852058E-05  9.999846764E-01  1.586009654E-05  9.999841548E-01  6.325661628E-07  3.988342749E-02 
