nodenumber     x-coordinate     y-coordinate     z-coordinate      temperature total-temperature               n2              air         molef-n2        molef-air concentration-n2 concentration-air 
         1  1.180011401E+00  7.000440735E-01  4.499552279E-01  2.893404540E+02  2.893404546E+02  1.115721618E-01  8.884278364E-01  1.147636103E-01  8.852363878E-01  4.638410232E-03  3.561403981E-02 
         2  1.150002942E+00  1.299996259E+00  6.549998111E+00  2.920004596E+02  2.920004600E+02  3.570433788E-05  9.999642808E-01  3.691839036E-05  9.999630667E-01  1.472454331E-06  3.988251746E-02 
         3  2.599979183E-01  1.299834635E+00  4.769962194E+00  2.919861655E+02  2.919861656E+02  1.760426517E-03  9.982395577E-01  1.820167467E-03  9.981798167E-01  7.259957334E-05  3.981334279E-02 
         4  2.499957813E-01  1.300216226E+00  3.040010943E+00  2.919824447E+02  2.919824449E+02  2.406159168E-03  9.975938408E-01  2.487768549E-03  9.975122315E-01  9.922857903E-05  3.978722331E-02 
         5  1.179989316E+00  1.700000987E+00  4.500025386E-01  2.919996334E+02  2.919996336E+02  3.337285279E-04  9.996662484E-01  3.450728809E-04  9.996549041E-01  1.376292555E-05  3.987033919E-02 
         6  2.090000749E+00  1.699988964E+00  2.640041275E+00  2.920005181E+02  2.920005195E+02  2.641915359E-05  9.999735846E-01  2.731751051E-05  9.999726862E-01  1.089531256E-06  3.988289387E-02 
         7  1.929998960E+00  1.700096390E+00  4.850038151E+00  2.920006162E+02  2.920006165E+02  4.921612900E-06  9.999950802E-01  5.088970945E-06  9.999949129E-01  2.029683630E-07  3.988376689E-02 
         8  1.149997690E+00  1.699993700E+00  6.550001821E+00  2.919999280E+02  2.919999286E+02  6.347911641E-05  9.999365116E-01  6.563745754E-05  9.999343532E-01  2.617894477E-06  3.988144507E-02 
         9  2.599530306E-01  1.699784014E+00  4.769789816E+00  2.920004050E+02  2.920004054E+02  2.737892712E-05  9.999726232E-01  2.830990440E-05  9.999716922E-01  1.129112792E-06  3.988286961E-02 
        10  2.500325889E-01  1.700141952E+00  3.039603904E+00  2.919825698E+02  2.919825704E+02  3.026125568E-03  9.969738763E-01  3.128701183E-03  9.968713007E-01  1.247929004E-04  3.976164204E-02 
        11  2.090000512E+00  6.999920786E-01  2.640018387E+00  2.886969543E+02  2.886969553E+02  1.384773885E-01  8.615226264E-01  1.423149175E-01  8.576850974E-01  5.759478248E-03  3.458238050E-02 
        12  1.930000944E+00  7.000071781E-01  4.849993220E+00  2.889748510E+02  2.889748511E+02  1.255713186E-01  8.744286721E-01  1.290843560E-01  8.709156347E-01  5.223493924E-03  3.507988267E-02 
        13  1.149999460E+00  7.000041210E-01  6.549999896E+00  2.895727114E+02  2.895727122E+02  1.053755419E-01  8.946244656E-01  1.084391808E-01  8.915608266E-01  4.373614982E-03  3.584570704E-02 
        14  2.599937070E-01  6.999245510E-01  4.770022657E+00  2.890802696E+02  2.890802701E+02  1.233664342E-01  8.766335593E-01  1.269349378E-01  8.730650557E-01  5.123726240E-03  3.516400583E-02 
        15  2.500057384E-01  7.000450448E-01  3.040068823E+00  2.881454596E+02  2.881454600E+02  1.985326795E-01  8.014673261E-01  2.034904728E-01  7.965095328E-01  8.258928332E-03  3.216096328E-02 
        16  1.179999658E+00  1.300002449E+00  4.500000716E-01  2.919995724E+02  2.919995725E+02  3.663007670E-04  9.996336991E-01  3.787521150E-04  9.996212478E-01  1.510619323E-05  3.986900608E-02 
        17  2.090000552E+00  1.299991228E+00  2.640042717E+00  2.920008183E+02  2.920008261E+02  9.444091214E-06  9.999905485E-01  9.765232943E-06  9.999902273E-01  3.894760381E-07  3.988355203E-02 
        18  1.930000128E+00  1.300009553E+00  4.849983633E+00  2.920007997E+02  2.920007998E+02  2.728337120E-05  9.999727315E-01  2.821111230E-05  9.999718038E-01  1.125170473E-06  3.988282067E-02 
