nodenumber     x-coordinate     y-coordinate     z-coordinate      temperature total-temperature               n2              air         molef-n2        molef-air concentration-n2 concentration-air 
         1  1.180011401E+00  7.000440735E-01  4.499552279E-01  2.886405572E+02  2.886405574E+02  1.904210345E-01  8.095789636E-01  1.952049360E-01  8.047950621E-01  7.909380669E-03  3.244095788E-02 
         2  1.150002942E+00  1.299996259E+00  6.549998111E+00  2.919726499E+02  2.919726508E+02  2.864971214E-03  9.971350139E-01  2.962023097E-03  9.970379620E-01  1.181518405E-04  3.976963703E-02 
         3  2.599979183E-01  1.299834635E+00  4.769962194E+00  2.919558055E+02  2.919558059E+02  5.235477521E-03  9.947645066E-01  5.412475038E-03  9.945875091E-01  2.159070714E-04  3.967418304E-02 
         4  2.499957813E-01  1.300216226E+00  3.040010943E+00  2.919882472E+02  2.919882474E+02  2.018308400E-03  9.979816916E-01  2.086796350E-03  9.979132036E-01  8.323331153E-05  3.980242594E-02 
         5  1.179989316E+00  1.700000987E+00  4.500025386E-01  2.919818695E+02  2.919818697E+02  3.097151967E-03  9.969028250E-01  3.202132355E-03  9.967978446E-01  1.277219926E-04  3.975880663E-02 
         6  2.090000749E+00  1.699988964E+00  2.640041275E+00  2.919988404E+02  2.919988421E+02  3.323687342E-04  9.996676350E-01  3.436664395E-04  9.996563373E-01  1.370687939E-05  3.987050568E-02 
         7  1.929998960E+00  1.700096390E+00  4.850038151E+00  2.919884593E+02  2.919884596E+02  2.121922029E-03  9.978780798E-01  2.193912748E-03  9.978060891E-01  8.750575982E-05  3.979812467E-02 
         8  1.149997690E+00  1.699993700E+00  6.550001821E+00  2.919730227E+02  2.919730240E+02  2.834213463E-03  9.971657772E-01  2.930173053E-03  9.970698176E-01  1.168832501E-04  3.977085520E-02 
         9  2.599530306E-01  1.699784014E+00  4.769789816E+00  2.919532375E+02  2.919532381E+02  6.004551984E-03  9.939954501E-01  6.207468021E-03  9.937925341E-01  2.476187146E-04  3.964282361E-02 
        10  2.500325889E-01  1.700141952E+00  3.039603904E+00  2.919826703E+02  2.919826707E+02  3.092526559E-03  9.969074753E-01  3.197350640E-03  9.968026512E-01  1.275309126E-04  3.975889030E-02 
        11  2.090000512E+00  6.999920786E-01  2.640018387E+00  2.877645730E+02  2.877645740E+02  2.595755538E-01  7.404244611E-01  2.654100873E-01  7.345899276E-01  1.078580913E-02  2.968776746E-02 
        12  1.930000944E+00  7.000071781E-01  4.849993220E+00  2.895440069E+02  2.895440073E+02  1.454424610E-01  8.545575297E-01  1.493939446E-01  8.506060461E-01  6.027701683E-03  3.419577809E-02 
        13  1.149999460E+00  7.000041210E-01  6.549999896E+00  2.885179281E+02  2.885179285E+02  2.134590751E-01  7.865409324E-01  2.188319162E-01  7.811680913E-01  8.854596825E-03  3.151205231E-02 
        14  2.599937070E-01  6.999245510E-01  4.770022657E+00  2.881037907E+02  2.881037911E+02  2.469219211E-01  7.530780724E-01  2.529754507E-01  7.470245428E-01  1.024262021E-02  3.018180931E-02 
        15  2.500057384E-01  7.000450448E-01  3.040068823E+00  2.882397143E+02  2.882397151E+02  2.317776130E-01  7.682223926E-01  2.373629811E-01  7.626370245E-01  9.619346954E-03  3.078661428E-02 
        16  1.179999658E+00  1.300002449E+00  4.500000716E-01  2.919848978E+02  2.919848979E+02  2.609623201E-03  9.973903767E-01  2.698124052E-03  9.973018758E-01  1.076177039E-04  3.977849907E-02 
        17  2.090000552E+00  1.299991228E+00  2.640042717E+00  2.919997402E+02  2.919997471E+02  1.828474101E-04  9.998171451E-01  1.890635143E-04  9.998109290E-01  7.540637947E-06  3.987654813E-02 
        18  1.930000128E+00  1.300009553E+00  4.849983633E+00  2.919947530E+02  2.919947532E+02  1.016853066E-03  9.989831618E-01  1.051388604E-03  9.989486263E-01  4.193455852E-05  3.984283720E-02 
