nodenumber     x-coordinate     y-coordinate     z-coordinate      temperature total-temperature               n2              air         molef-n2        molef-air concentration-n2 concentration-air 
         1  1.180011401E+00  7.000440735E-01  4.499552279E-01  2.886374376E+02  2.886374376E+02  1.806854664E-01  8.193145317E-01  1.853579019E-01  8.146420963E-01  7.505635037E-03  3.284478067E-02 
         2  1.150002942E+00  1.299996259E+00  6.549998111E+00  2.919809222E+02  2.919809230E+02  1.962338337E-03  9.980376468E-01  2.028895252E-03  9.979710898E-01  8.092734163E-05  3.980573139E-02 
         3  2.599979183E-01  1.299834635E+00  4.769962194E+00  2.919651757E+02  2.919651762E+02  4.047296983E-03  9.959526872E-01  4.184322699E-03  9.958156615E-01  1.669088933E-04  3.972190097E-02 
         4  2.499957813E-01  1.300216226E+00  3.040010943E+00  2.919867658E+02  2.919867662E+02  2.384145613E-03  9.976158544E-01  2.465016675E-03  9.975349833E-01  9.831939578E-05  3.978754221E-02 
         5  1.179989316E+00  1.700000987E+00  4.500025386E-01  2.919822315E+02  2.919822316E+02  3.169300341E-03  9.968306766E-01  3.276719800E-03  9.967232572E-01  1.306968214E-04  3.975578235E-02 
         6  2.090000749E+00  1.699988964E+00  2.640041275E+00  2.919991009E+02  2.919991024E+02  2.376824700E-04  9.997623213E-01  2.457627872E-04  9.997542409E-01  9.802049640E-06  3.987437493E-02 
         7  1.929998960E+00  1.700096390E+00  4.850038151E+00  2.919971612E+02  2.919971618E+02  6.442411508E-04  9.993557607E-01  6.661277772E-04  9.993338741E-01  2.656827460E-05  3.985787351E-02 
         8  1.149997690E+00  1.699993700E+00  6.550001821E+00  2.919838408E+02  2.919838420E+02  1.695740171E-03  9.983042505E-01  1.753249433E-03  9.982467413E-01  6.993267043E-05  3.981632782E-02 
         9  2.599530306E-01  1.699784014E+00  4.769789816E+00  2.919627445E+02  2.919627454E+02  4.603672814E-03  9.953963293E-01  4.759464043E-03  9.952405381E-01  1.898514303E-04  3.969929197E-02 
        10  2.500325889E-01  1.700141952E+00  3.039603904E+00  2.919784628E+02  2.919784632E+02  3.758885796E-03  9.962411161E-01  3.886203104E-03  9.961137988E-01  1.550091982E-04  3.973198680E-02 
        11  2.090000512E+00  6.999920786E-01  2.640018387E+00  2.879653623E+02  2.879653630E+02  2.235383725E-01  7.764616424E-01  2.289742957E-01  7.710257192E-01  9.293042032E-03  3.115188551E-02 
        12  1.930000944E+00  7.000071781E-01  4.849993220E+00  2.880782608E+02  2.880782611E+02  2.433239266E-01  7.566760641E-01  2.489858902E-01  7.510141005E-01  1.010427005E-02  3.032493250E-02 
        13  1.149999460E+00  7.000041210E-01  6.549999896E+00  2.891841215E+02  2.891841222E+02  1.776301261E-01  8.223698813E-01  1.821399742E-01  8.178600332E-01  7.365962356E-03  3.290824448E-02 
        14  2.599937070E-01  6.999245510E-01  4.770022657E+00  2.883194516E+02  2.883194524E+02  2.190728891E-01  7.809271044E-01  2.245997938E-01  7.754001996E-01  9.091633709E-03  3.130276531E-02 
        15  2.500057384E-01  7.000450448E-01  3.040068823E+00  2.889956394E+02  2.889956401E+02  1.898472130E-01  8.101527926E-01  1.946280565E-01  8.053719491E-01  7.871772936E-03  3.242849179E-02 
        16  1.179999658E+00  1.300002449E+00  4.500000716E-01  2.919822649E+02  2.919822649E+02  3.084463667E-03  9.969155362E-01  3.189016881E-03  9.968109830E-01  1.271986475E-04  3.975927779E-02 
        17  2.090000552E+00  1.299991228E+00  2.640042717E+00  2.920000946E+02  2.920001018E+02  1.098393136E-04  9.998901532E-01  1.135738508E-04  9.998864187E-01  4.529787922E-06  3.987951057E-02 
        18  1.930000128E+00  1.300009553E+00  4.849983633E+00  2.919972537E+02  2.919972539E+02  6.122689854E-04  9.993877459E-01  6.330738678E-04  9.993669410E-01  2.524984418E-05  3.985918034E-02 
