nodenumber     x-coordinate     y-coordinate     z-coordinate      temperature total-temperature               n2              air         molef-n2        molef-air concentration-n2 concentration-air 
         1  1.180011401E+00  7.000440735E-01  4.499552279E-01  2.882367246E+02  2.882367247E+02  2.026250452E-01  7.973749529E-01  2.077544960E-01  7.922455021E-01  8.421632217E-03  3.198498959E-02 
         2  1.150002942E+00  1.299996259E+00  6.549998111E+00  2.919940052E+02  2.919940060E+02  6.828158513E-04  9.993171692E-01  7.060112612E-04  9.992939738E-01  2.815946581E-05  3.985671207E-02 
         3  2.599979183E-01  1.299834635E+00  4.769962194E+00  2.919732741E+02  2.919732744E+02  3.577751523E-03  9.964222326E-01  3.698957190E-03  9.963010270E-01  1.475431460E-04  3.974016029E-02 
         4  2.499957813E-01  1.300216226E+00  3.040010943E+00  2.919858569E+02  2.919858573E+02  2.467692170E-03  9.975323078E-01  2.551388840E-03  9.974486112E-01  1.017647709E-04  3.978422099E-02 
         5  1.179989316E+00  1.700000987E+00  4.500025386E-01  2.919860444E+02  2.919860446E+02  2.644414368E-03  9.973555626E-01  2.734090829E-03  9.972658861E-01  1.090518741E-04  3.977690645E-02 
         6  2.090000749E+00  1.699988964E+00  2.640041275E+00  2.920003604E+02  2.920003621E+02  6.783061917E-05  9.999321731E-01  7.013698974E-05  9.999298667E-01  2.797345002E-06  3.988120760E-02 
         7  1.929998960E+00  1.700096390E+00  4.850038151E+00  2.920006243E+02  2.920006247E+02  2.084374288E-05  9.999791581E-01  2.155249742E-05  9.999784494E-01  8.595991084E-07  3.988310916E-02 
         8  1.149997690E+00  1.699993700E+00  6.550001821E+00  2.919874473E+02  2.919874483E+02  1.250126760E-03  9.987498639E-01  1.292563390E-03  9.987074273E-01  5.155567021E-05  3.983421213E-02 
         9  2.599530306E-01  1.699784014E+00  4.769789816E+00  2.919622817E+02  2.919622823E+02  5.255059608E-03  9.947449425E-01  5.432783231E-03  9.945672189E-01  2.167095835E-04  3.967249704E-02 
        10  2.500325889E-01  1.700141952E+00  3.039603904E+00  2.919766869E+02  2.919766873E+02  3.958271495E-03  9.960417304E-01  4.092316962E-03  9.959076849E-01  1.632313866E-04  3.972400722E-02 
        11  2.090000512E+00  6.999920786E-01  2.640018387E+00  2.881247335E+02  2.881247342E+02  2.078959839E-01  7.921040310E-01  2.132093387E-01  7.867906762E-01  8.636415718E-03  3.178523525E-02 
        12  1.930000944E+00  7.000071781E-01  4.849993220E+00  2.887089500E+02  2.887089505E+02  1.899255761E-01  8.100744146E-01  1.947211050E-01  8.052788856E-01  7.885210156E-03  3.245533495E-02 
        13  1.149999460E+00  7.000041210E-01  6.549999896E+00  2.899060213E+02  2.899060219E+02  1.314330322E-01  8.685669752E-01  1.350003204E-01  8.649996870E-01  5.444433824E-03  3.472893232E-02 
        14  2.599937070E-01  6.999245510E-01  4.770022657E+00  2.894651906E+02  2.894651909E+02  1.451053649E-01  8.548946286E-01  1.491403469E-01  8.508596466E-01  6.013587329E-03  3.422058723E-02 
        15  2.500057384E-01  7.000450448E-01  3.040068823E+00  2.885335139E+02  2.885335142E+02  2.183131083E-01  7.816868973E-01  2.235344423E-01  7.764655633E-01  9.059738020E-03  3.130555606E-02 
        16  1.179999658E+00  1.300002449E+00  4.500000716E-01  2.919896499E+02  2.919896501E+02  1.983757381E-03  9.980162425E-01  2.051076239E-03  9.979489236E-01  8.180815649E-05  3.980365947E-02 
        17  2.090000552E+00  1.299991228E+00  2.640042717E+00  2.920006682E+02  2.920006758E+02  4.121439050E-05  9.999587782E-01  4.261579626E-05  9.999573768E-01  1.699687552E-06  3.988226232E-02 
        18  1.930000128E+00  1.300009553E+00  4.849983633E+00  2.920008254E+02  2.920008256E+02  8.338742031E-05  9.999166275E-01  8.622271586E-05  9.999137922E-01  3.438902007E-06  3.988050342E-02 
