nodenumber     x-coordinate     y-coordinate     z-coordinate      temperature total-temperature               n2              air         molef-n2        molef-air concentration-n2 concentration-air 
         1  1.180011401E+00  7.000440735E-01  4.499552279E-01  2.880872764E+02  2.880872767E+02  2.140514683E-01  7.859485299E-01  2.193078888E-01  7.806921093E-01  8.900828811E-03  3.152727120E-02 
         2  1.150002942E+00  1.299996259E+00  6.549998111E+00  2.919978556E+02  2.919978561E+02  3.198245761E-04  9.996801605E-01  3.306950288E-04  9.996692901E-01  1.318961677E-05  3.987115598E-02 
         3  2.599979183E-01  1.299834635E+00  4.769962194E+00  2.919774726E+02  2.919774728E+02  3.332014132E-03  9.966679700E-01  3.444925451E-03  9.965550587E-01  1.374082989E-04  3.974972155E-02 
         4  2.499957813E-01  1.300216226E+00  3.040010943E+00  2.919817279E+02  2.919817282E+02  2.396667451E-03  9.976033325E-01  2.477956932E-03  9.975220431E-01  9.883742218E-05  3.978771239E-02 
         5  1.179989316E+00  1.700000987E+00  4.500025386E-01  2.919923517E+02  2.919923519E+02  1.621156568E-03  9.983788204E-01  1.676191636E-03  9.983237853E-01  6.685507397E-05  3.981824166E-02 
         6  2.090000749E+00  1.699988964E+00  2.640041275E+00  2.919999752E+02  2.919999768E+02  1.224994990E-04  9.998775042E-01  1.266644760E-04  9.998733392E-01  5.051895600E-06  3.987900567E-02 
         7  1.929998960E+00  1.700096390E+00  4.850038151E+00  2.920006350E+02  2.920006354E+02  7.955699964E-06  9.999920462E-01  8.226227881E-06  9.999917756E-01  3.280945493E-07  3.988363920E-02 
         8  1.149997690E+00  1.699993700E+00  6.550001821E+00  2.919978642E+02  2.919978650E+02  2.971616603E-04  9.997028290E-01  3.072616507E-04  9.996927290E-01  1.225500235E-05  3.987208987E-02 
         9  2.599530306E-01  1.699784014E+00  4.769789816E+00  2.919641103E+02  2.919641106E+02  5.397892056E-03  9.946021100E-01  5.580421546E-03  9.944195805E-01  2.225972558E-04  3.966635954E-02 
        10  2.500325889E-01  1.700141952E+00  3.039603904E+00  2.919752599E+02  2.919752604E+02  3.817166221E-03  9.961828356E-01  3.946449104E-03  9.960535528E-01  1.574139577E-04  3.973001959E-02 
        11  2.090000512E+00  6.999920786E-01  2.640018387E+00  2.880305175E+02  2.880305183E+02  2.109355774E-01  7.890644375E-01  2.161619197E-01  7.838380952E-01  8.768076749E-03  3.166731954E-02 
        12  1.930000944E+00  7.000071781E-01  4.849993220E+00  2.882614898E+02  2.882614902E+02  2.018026842E-01  7.981973065E-01  2.068826603E-01  7.931173304E-01  8.387575186E-03  3.201564202E-02 
        13  1.149999460E+00  7.000041210E-01  6.549999896E+00  2.895886585E+02  2.895886589E+02  1.455585377E-01  8.544414698E-01  1.495223576E-01  8.504776498E-01  6.031079210E-03  3.418613998E-02 
        14  2.599937070E-01  6.999245510E-01  4.770022657E+00  2.889648154E+02  2.889648162E+02  1.608048065E-01  8.391951870E-01  1.651940637E-01  8.348059298E-01  6.672663036E-03  3.363133145E-02 
        15  2.500057384E-01  7.000450448E-01  3.040068823E+00  2.873187284E+02  2.873187287E+02  2.994427556E-01  7.005572500E-01  3.059716706E-01  6.940283350E-01  1.244084727E-02  2.809529069E-02 
        16  1.179999658E+00  1.300002449E+00  4.500000716E-01  2.919946417E+02  2.919946419E+02  1.204005307E-03  9.987959946E-01  1.244896511E-03  9.987551034E-01  4.965243631E-05  3.983513333E-02 
        17  2.090000552E+00  1.299991228E+00  2.640042717E+00  2.920005282E+02  2.920005357E+02  5.468093298E-05  9.999453116E-01  5.654019583E-05  9.999434524E-01  2.255049786E-06  3.988172609E-02 
        18  1.930000128E+00  1.300009553E+00  4.849983633E+00  2.920008699E+02  2.920008702E+02  5.225254674E-05  9.999477624E-01  5.402928262E-05  9.999459856E-01  2.154900392E-06  3.988178134E-02 
