nodenumber     x-coordinate     y-coordinate     z-coordinate      temperature total-temperature               n2              air         molef-n2        molef-air concentration-n2 concentration-air 
         1  1.180011401E+00  7.000440735E-01  4.499552279E-01  2.882996000E+02  2.882996002E+02  2.103474494E-01  7.896525487E-01  2.156343099E-01  7.843656882E-01  8.736146031E-03  3.166143282E-02 
         2  1.150002942E+00  1.299996259E+00  6.549998111E+00  2.919822699E+02  2.919822707E+02  1.924663655E-03  9.980753214E-01  1.989914427E-03  9.980100707E-01  7.937328380E-05  3.980710138E-02 
         3  2.599979183E-01  1.299834635E+00  4.769962194E+00  2.919625943E+02  2.919625947E+02  4.549171953E-03  9.954508122E-01  4.703126400E-03  9.952968578E-01  1.876043657E-04  3.970155814E-02 
         4  2.499957813E-01  1.300216226E+00  3.040010943E+00  2.919892369E+02  2.919892372E+02  1.936801291E-03  9.980631987E-01  2.002529944E-03  9.979974701E-01  7.987197853E-05  3.980565208E-02 
         5  1.179989316E+00  1.700000987E+00  4.500025386E-01  2.919813339E+02  2.919813341E+02  3.145240902E-03  9.968547360E-01  3.251846231E-03  9.967481307E-01  1.297051373E-04  3.975689665E-02 
         6  2.090000749E+00  1.699988964E+00  2.640041275E+00  2.919985494E+02  2.919985509E+02  3.786669261E-04  9.996213368E-01  3.915378206E-04  9.996084659E-01  1.561620849E-05  3.986863610E-02 
         7  1.929998960E+00  1.700096390E+00  4.850038151E+00  2.919880414E+02  2.919880417E+02  2.228161660E-03  9.977718402E-01  2.303746875E-03  9.976962550E-01  9.188675252E-05  3.979380076E-02 
         8  1.149997690E+00  1.699993700E+00  6.550001821E+00  2.919550089E+02  2.919550101E+02  4.757689836E-03  9.952423009E-01  4.918492256E-03  9.950814984E-01  1.962068163E-04  3.969399279E-02 
         9  2.599530306E-01  1.699784014E+00  4.769789816E+00  2.919469329E+02  2.919469335E+02  6.837251074E-03  9.931627510E-01  7.068091322E-03  9.929319108E-01  2.819560375E-04  3.960934774E-02 
        10  2.500325889E-01  1.700141952E+00  3.039603904E+00  2.919823006E+02  2.919823010E+02  3.091786599E-03  9.969082153E-01  3.196585769E-03  9.968034161E-01  1.275005679E-04  3.975897115E-02 
        11  2.090000512E+00  6.999920786E-01  2.640018387E+00  2.871983953E+02  2.871983960E+02  2.917690771E-01  7.082309378E-01  2.982126882E-01  7.017873267E-01  1.212887500E-02  2.842406664E-02 
        12  1.930000944E+00  7.000071781E-01  4.849993220E+00  2.890906068E+02  2.890906072E+02  1.679174445E-01  8.320825462E-01  1.723936215E-01  8.276063692E-01  6.963767681E-03  3.332282486E-02 
        13  1.149999460E+00  7.000041210E-01  6.549999896E+00  2.888964047E+02  2.888964052E+02  1.935156307E-01  8.064843768E-01  1.985283517E-01  8.014716558E-01  8.021776531E-03  3.229182040E-02 
        14  2.599937070E-01  6.999245510E-01  4.770022657E+00  2.885373222E+02  2.885373224E+02  2.208284875E-01  7.791715059E-01  2.263526695E-01  7.736473239E-01  9.157641229E-03  3.120635264E-02 
        15  2.500057384E-01  7.000450448E-01  3.040068823E+00  2.891825688E+02  2.891825693E+02  1.696963520E-01  8.303036536E-01  1.741201463E-01  8.258798593E-01  7.035881225E-03  3.323807579E-02 
        16  1.179999658E+00  1.300002449E+00  4.500000716E-01  2.919850975E+02  2.919850976E+02  2.571713006E-03  9.974282869E-01  2.658931637E-03  9.973410682E-01  1.060543974E-04  3.978003510E-02 
        17  2.090000552E+00  1.299991228E+00  2.640042717E+00  2.919996407E+02  2.919996476E+02  1.963659492E-04  9.998036266E-01  2.030415265E-04  9.997969510E-01  8.098142381E-06  3.987600421E-02 
        18  1.930000128E+00  1.300009553E+00  4.849983633E+00  2.919945535E+02  2.919945537E+02  1.046442589E-03  9.989535723E-01  1.081984396E-03  9.989180305E-01  4.315483599E-05  3.984164417E-02 
