nodenumber     x-coordinate     y-coordinate     z-coordinate      temperature total-temperature               n2              air         molef-n2        molef-air concentration-n2 concentration-air 
         1  1.180011401E+00  7.000440735E-01  4.499552279E-01  2.902032311E+02  2.902032311E+02  4.899969141E-02  9.510003067E-01  5.054429414E-02  9.494557040E-01  2.034389386E-03  3.809738247E-02 
         2  1.150002942E+00  1.299996259E+00  6.549998111E+00  2.920007205E+02  2.920007208E+02  9.492418681E-06  9.999904927E-01  9.815204662E-06  9.999901699E-01  3.914693166E-07  3.988356280E-02 
         3  2.599979183E-01  1.299834635E+00  4.769962194E+00  2.919982524E+02  2.919982526E+02  2.038982259E-04  9.997960859E-01  2.108300232E-04  9.997891541E-01  8.408822780E-06  3.987588249E-02 
         4  2.499957813E-01  1.300216226E+00  3.040010943E+00  2.919985284E+02  2.919985286E+02  7.414289272E-04  9.992585711E-01  7.666203610E-04  9.992333796E-01  3.057611483E-05  3.985367877E-02 
         5  1.179989316E+00  1.700000987E+00  4.500025386E-01  2.920002969E+02  2.920002971E+02  1.156812692E-04  9.998842957E-01  1.196144754E-04  9.998803625E-01  4.770706123E-06  3.987924078E-02 
         6  2.090000749E+00  1.699988964E+00  2.640041275E+00  2.920004782E+02  2.920004795E+02  1.617551463E-05  9.999838282E-01  1.672555548E-05  9.999832782E-01  6.670819248E-07  3.988332178E-02 
         7  1.929998960E+00  1.700096390E+00  4.850038151E+00  2.920006251E+02  2.920006253E+02  4.673739285E-07  9.999995345E-01  4.832670427E-07  9.999995186E-01  1.927460610E-08  3.988394937E-02 
         8  1.149997690E+00  1.699993700E+00  6.550001821E+00  2.920003840E+02  2.920003845E+02  1.670008827E-05  9.999832906E-01  1.726795782E-05  9.999827227E-01  6.887158356E-07  3.988331196E-02 
         9  2.599530306E-01  1.699784014E+00  4.769789816E+00  2.920005810E+02  2.920005813E+02  4.136497652E-06  9.999958656E-01  4.277159206E-06  9.999957249E-01  1.705901101E-07  3.988380409E-02 
        10  2.500325889E-01  1.700141952E+00  3.039603904E+00  2.919992546E+02  2.919992548E+02  4.163481923E-04  9.995836537E-01  4.304972742E-04  9.995695046E-01  1.717005485E-05  3.986698579E-02 
        11  2.090000512E+00  6.999920786E-01  2.640018387E+00  2.899659510E+02  2.899659521E+02  7.411906414E-02  9.258809508E-01  7.636705805E-02  9.236329569E-01  3.074971891E-03  3.708956399E-02 
        12  1.930000944E+00  7.000071781E-01  4.849993220E+00  2.904076409E+02  2.904076413E+02  4.376775185E-02  9.562322388E-01  4.514467791E-02  9.548553128E-01  1.816840008E-03  3.828666606E-02 
        13  1.149999460E+00  7.000041210E-01  6.549999896E+00  2.908875645E+02  2.908875651E+02  3.779761777E-02  9.622023897E-01  3.898916253E-02  9.610108449E-01  1.565874860E-03  3.847115606E-02 
        14  2.599937070E-01  6.999245510E-01  4.770022657E+00  2.906107174E+02  2.906107179E+02  4.489124867E-02  9.551087448E-01  4.632197895E-02  9.536780145E-01  1.859849574E-03  3.821527155E-02 
        15  2.500057384E-01  7.000450448E-01  3.040068823E+00  2.897558444E+02  2.897558447E+02  1.085998052E-01  8.914002004E-01  1.116959222E-01  8.883040834E-01  4.505210439E-03  3.568887001E-02 
        16  1.179999658E+00  1.300002449E+00  4.500000716E-01  2.920001199E+02  2.920001200E+02  2.073545309E-04  9.997926454E-01  2.144040909E-04  9.997855958E-01  8.551301764E-06  3.987548619E-02 
        17  2.090000552E+00  1.299991228E+00  2.640042717E+00  2.920008028E+02  2.920008101E+02  5.502846138E-06  9.999944897E-01  5.689969597E-06  9.999943026E-01  2.269384679E-07  3.988371670E-02 
        18  1.930000128E+00  1.300009553E+00  4.849983633E+00  2.920007301E+02  2.920007302E+02  1.270085049E-05  9.999873141E-01  1.313273741E-05  9.999868822E-01  5.237855842E-07  3.988343155E-02 
