nodenumber     x-coordinate     y-coordinate     z-coordinate      temperature total-temperature               n2              air         molef-n2        molef-air concentration-n2 concentration-air 
         1  1.180011401E+00  7.000440735E-01  4.499552279E-01  2.883829144E+02  2.883829147E+02  1.969790270E-01  8.030209711E-01  2.019567467E-01  7.980432514E-01  8.186529931E-03  3.219984504E-02 
         2  1.150002942E+00  1.299996259E+00  6.549998111E+00  2.919979139E+02  2.919979144E+02  3.032649970E-04  9.996967201E-01  3.135728056E-04  9.996864123E-01  1.250670332E-05  3.987183093E-02 
         3  2.599979183E-01  1.299834635E+00  4.769962194E+00  2.919777870E+02  2.919777873E+02  3.250294779E-03  9.967496894E-01  3.360445310E-03  9.966395389E-01  1.340385262E-04  3.975304837E-02 
         4  2.499957813E-01  1.300216226E+00  3.040010943E+00  2.919813451E+02  2.919813453E+02  2.486771454E-03  9.975132285E-01  2.571106798E-03  9.974288932E-01  1.025530685E-04  3.978404905E-02 
         5  1.179989316E+00  1.700000987E+00  4.500025386E-01  2.919925355E+02  2.919925357E+02  1.582764020E-03  9.984172129E-01  1.636497944E-03  9.983634790E-01  6.527184367E-05  3.981979979E-02 
         6  2.090000749E+00  1.699988964E+00  2.640041275E+00  2.920001356E+02  2.920001372E+02  9.428152903E-05  9.999057222E-01  9.748719570E-05  9.999025165E-01  3.888184428E-06  3.988014747E-02 
         7  1.929998960E+00  1.700096390E+00  4.850038151E+00  2.920006383E+02  2.920006387E+02  6.644374465E-06  9.999933575E-01  6.870313296E-06  9.999931315E-01  2.740152962E-07  3.988369282E-02 
         8  1.149997690E+00  1.699993700E+00  6.550001821E+00  2.919969878E+02  2.919969886E+02  3.869333787E-04  9.996130573E-01  4.000830767E-04  9.995999076E-01  1.595720354E-05  3.986850737E-02 
         9  2.599530306E-01  1.699784014E+00  4.769789816E+00  2.919643802E+02  2.919643806E+02  5.344384948E-03  9.946556171E-01  5.525116039E-03  9.944748861E-01  2.203909518E-04  3.966852896E-02 
        10  2.500325889E-01  1.700141952E+00  3.039603904E+00  2.919723260E+02  2.919723264E+02  4.224779518E-03  9.957752223E-01  4.367799454E-03  9.956322024E-01  1.742225549E-04  3.971361181E-02 
        11  2.090000512E+00  6.999920786E-01  2.640018387E+00  2.877444743E+02  2.877444752E+02  2.241117899E-01  7.758882250E-01  2.295894686E-01  7.704105463E-01  9.320345303E-03  3.115527079E-02 
        12  1.930000944E+00  7.000071781E-01  4.849993220E+00  2.883902050E+02  2.883902054E+02  1.941902620E-01  8.058097287E-01  1.990916889E-01  8.009083018E-01  8.071328247E-03  3.231400659E-02 
        13  1.149999460E+00  7.000041210E-01  6.549999896E+00  2.894587523E+02  2.894587527E+02  1.481156295E-01  8.518843780E-01  1.520781593E-01  8.479218481E-01  6.141863250E-03  3.409375820E-02 
        14  2.599937070E-01  6.999245510E-01  4.770022657E+00  2.888572281E+02  2.888572286E+02  1.663922390E-01  8.336077545E-01  1.709131590E-01  8.290868345E-01  6.905419511E-03  3.341357561E-02 
        15  2.500057384E-01  7.000450448E-01  3.040068823E+00  2.878694102E+02  2.878694106E+02  2.519855417E-01  7.480144638E-01  2.578203856E-01  7.421796200E-01  1.046833032E-02  2.999023515E-02 
        16  1.179999658E+00  1.300002449E+00  4.500000716E-01  2.919951881E+02  2.919951882E+02  1.113329220E-03  9.988866707E-01  1.151144293E-03  9.988488556E-01  4.591306456E-05  3.983879807E-02 
        17  2.090000552E+00  1.299991228E+00  2.640042717E+00  2.920005826E+02  2.920005900E+02  4.534026607E-05  9.999546523E-01  4.688194181E-05  9.999531106E-01  1.869839535E-06  3.988210387E-02 
        18  1.930000128E+00  1.300009553E+00  4.849983633E+00  2.920008547E+02  2.920008549E+02  5.428300641E-05  9.999457319E-01  5.612877760E-05  9.999438861E-01  2.238636667E-06  3.988169968E-02 
