nodenumber     x-coordinate     y-coordinate     z-coordinate      temperature total-temperature               n2              air         molef-n2        molef-air concentration-n2 concentration-air 
         1  1.180011401E+00  7.000440735E-01  4.499552279E-01  2.895706036E+02  2.895706038E+02  7.665752839E-02  9.233424697E-01  7.897485854E-02  9.210251396E-01  3.187888664E-03  3.703208449E-02 
         2  1.150002942E+00  1.299996259E+00  6.549998111E+00  2.920005947E+02  2.920005950E+02  2.112509319E-05  9.999788600E-01  2.184342780E-05  9.999781417E-01  8.712033015E-07  3.988310026E-02 
         3  2.599979183E-01  1.299834635E+00  4.769962194E+00  2.919952419E+02  2.919952420E+02  7.676116922E-04  9.992323725E-01  7.936887351E-04  9.992062954E-01  3.165617384E-05  3.985304636E-02 
         4  2.499957813E-01  1.300216226E+00  3.040010943E+00  2.919879939E+02  2.919879941E+02  2.082305985E-03  9.979176940E-01  2.152958939E-03  9.978470411E-01  8.587236618E-05  3.979982149E-02 
         5  1.179989316E+00  1.700000987E+00  4.500025386E-01  2.920000572E+02  2.920000573E+02  2.663252917E-04  9.997336517E-01  2.753791965E-04  9.997245978E-01  1.098323661E-05  3.987306099E-02 
         6  2.090000749E+00  1.699988964E+00  2.640041275E+00  2.920005562E+02  2.920005576E+02  1.690292847E-05  9.999831008E-01  1.747770196E-05  9.999825260E-01  6.970803577E-07  3.988328112E-02 
         7  1.929998960E+00  1.700096390E+00  4.850038151E+00  2.920006253E+02  2.920006256E+02  2.185418141E-07  9.999997833E-01  2.259733631E-07  9.999997759E-01  9.012713640E-09  3.988395960E-02 
         8  1.149997690E+00  1.699993700E+00  6.550001821E+00  2.919998456E+02  2.919998462E+02  6.309597843E-05  9.999368947E-01  6.524132841E-05  9.999347494E-01  2.602094982E-06  3.988147212E-02 
         9  2.599530306E-01  1.699784014E+00  4.769789816E+00  2.920005797E+02  2.920005801E+02  5.487897413E-06  9.999945142E-01  5.674512275E-06  9.999943276E-01  2.263221172E-07  3.988374853E-02 
        10  2.500325889E-01  1.700141952E+00  3.039603904E+00  2.919772887E+02  2.919772892E+02  4.043949230E-03  9.959560526E-01  4.180823218E-03  9.958191786E-01  1.667628602E-04  3.972039356E-02 
        11  2.090000512E+00  6.999920786E-01  2.640018387E+00  2.890550789E+02  2.890550799E+02  1.040155732E-01  8.959844417E-01  1.070691520E-01  8.929308629E-01  4.325136166E-03  3.596632907E-02 
        12  1.930000944E+00  7.000071781E-01  4.849993220E+00  2.900295118E+02  2.900295123E+02  7.720372967E-02  9.227962610E-01  7.949941312E-02  9.205005776E-01  3.205744442E-03  3.695050952E-02 
        13  1.149999460E+00  7.000041210E-01  6.549999896E+00  2.902592942E+02  2.902592950E+02  6.765991088E-02  9.323400966E-01  6.971802640E-02  9.302819810E-01  2.805767683E-03  3.731818482E-02 
        14  2.599937070E-01  6.999245510E-01  4.770022657E+00  2.902186136E+02  2.902186140E+02  6.645998679E-02  9.335400067E-01  6.852210334E-02  9.314778901E-01  2.754862112E-03  3.737450753E-02 
        15  2.500057384E-01  7.000450448E-01  3.040068823E+00  2.896388358E+02  2.896388362E+02  9.800609832E-02  9.019939073E-01  1.008945221E-01  8.991054835E-01  4.069253498E-03  3.614110810E-02 
        16  1.179999658E+00  1.300002449E+00  4.500000716E-01  2.920001621E+02  2.920001621E+02  2.502249820E-04  9.997497749E-01  2.587317132E-04  9.997412682E-01  1.031926409E-05  3.987371246E-02 
        17  2.090000552E+00  1.299991228E+00  2.640042717E+00  2.920008240E+02  2.920008319E+02  7.141124193E-06  9.999928514E-01  7.383955988E-06  9.999926086E-01  2.945013027E-07  3.988364623E-02 
        18  1.930000128E+00  1.300009553E+00  4.849983633E+00  2.920008088E+02  2.920008089E+02  1.226395071E-05  9.999877510E-01  1.268098047E-05  9.999873339E-01  5.057675347E-07  3.988343883E-02 
