nodenumber     x-coordinate     y-coordinate     z-coordinate      temperature total-temperature               n2              air         molef-n2        molef-air concentration-n2 concentration-air 
         1  1.180011401E+00  7.000440735E-01  4.499552279E-01  2.883491033E+02  2.883491034E+02  1.929604337E-01  8.070395645E-01  1.979045526E-01  8.020954455E-01  8.019578152E-03  3.237121629E-02 
         2  1.150002942E+00  1.299996259E+00  6.549998111E+00  2.919923236E+02  2.919923244E+02  9.039064185E-04  9.990960787E-01  9.346017962E-04  9.990653833E-01  3.727718870E-05  3.984782405E-02 
         3  2.599979183E-01  1.299834635E+00  4.769962194E+00  2.919712721E+02  2.919712726E+02  3.536893405E-03  9.964630908E-01  3.656721417E-03  9.963432628E-01  1.458594810E-04  3.974211745E-02 
         4  2.499957813E-01  1.300216226E+00  3.040010943E+00  2.919814021E+02  2.919814025E+02  3.060886726E-03  9.969391133E-01  3.164628838E-03  9.968353712E-01  1.262267728E-04  3.976036755E-02 
         5  1.179989316E+00  1.700000987E+00  4.500025386E-01  2.919804428E+02  2.919804428E+02  3.402437752E-03  9.965975392E-01  3.517730976E-03  9.964822460E-01  1.403107730E-04  3.974641275E-02 
         6  2.090000749E+00  1.699988964E+00  2.640041275E+00  2.920001762E+02  2.920001778E+02  1.286178344E-04  9.998713859E-01  1.329907987E-04  9.998670129E-01  5.304211440E-06  3.987872589E-02 
         7  1.929998960E+00  1.700096390E+00  4.850038151E+00  2.919969684E+02  2.919969689E+02  6.027343258E-04  9.993972675E-01  6.232099738E-04  9.993767919E-01  2.485658722E-05  3.985961154E-02 
         8  1.149997690E+00  1.699993700E+00  6.550001821E+00  2.919889695E+02  2.919889707E+02  1.183618494E-03  9.988163722E-01  1.223792144E-03  9.987761985E-01  4.881264999E-05  3.983674722E-02 
         9  2.599530306E-01  1.699784014E+00  4.769789816E+00  2.919625816E+02  2.919625825E+02  4.894177594E-03  9.951058245E-01  5.059751209E-03  9.949402509E-01  2.018296833E-04  3.968733598E-02 
        10  2.500325889E-01  1.700141952E+00  3.039603904E+00  2.919602280E+02  2.919602284E+02  6.205065763E-03  9.937949361E-01  6.414536737E-03  9.935854651E-01  2.558782481E-04  3.963360910E-02 
        11  2.090000512E+00  6.999920786E-01  2.640018387E+00  2.879697121E+02  2.879697127E+02  2.220481868E-01  7.779518281E-01  2.275226697E-01  7.724773452E-01  9.228830990E-03  3.121513655E-02 
        12  1.930000944E+00  7.000071781E-01  4.849993220E+00  2.888555613E+02  2.888555615E+02  1.896208160E-01  8.103791747E-01  1.944504337E-01  8.055495570E-01  7.866096687E-03  3.245365458E-02 
        13  1.149999460E+00  7.000041210E-01  6.549999896E+00  2.888129111E+02  2.888129117E+02  1.977808686E-01  8.022191389E-01  2.028274420E-01  7.971725654E-01  8.201947657E-03  3.212360313E-02 
        14  2.599937070E-01  6.999245510E-01  4.770022657E+00  2.888146335E+02  2.888146341E+02  1.896129033E-01  8.103870901E-01  1.945290263E-01  8.054709672E-01  7.865779293E-03  3.245951708E-02 
        15  2.500057384E-01  7.000450448E-01  3.040068823E+00  2.873896819E+02  2.873896821E+02  3.169721967E-01  6.830278089E-01  3.238573972E-01  6.761426084E-01  1.315182394E-02  2.737362540E-02 
        16  1.179999658E+00  1.300002449E+00  4.500000716E-01  2.919818484E+02  2.919818485E+02  3.166987645E-03  9.968330122E-01  3.274328847E-03  9.967256710E-01  1.306016302E-04  3.975593170E-02 
        17  2.090000552E+00  1.299991228E+00  2.640042717E+00  2.920005897E+02  2.920005969E+02  6.808248689E-05  9.999319101E-01  7.039741002E-05  9.999295951E-01  2.807729762E-06  3.988116500E-02 
        18  1.930000128E+00  1.300009553E+00  4.849983633E+00  2.919974208E+02  2.919974210E+02  5.858931837E-04  9.994141217E-01  6.058023842E-04  9.993942125E-01  2.416212074E-05  3.986024524E-02 
