nodenumber     x-coordinate     y-coordinate     z-coordinate      temperature total-temperature               n2              air         molef-n2        molef-air concentration-n2 concentration-air 
         1  1.180011401E+00  7.000440735E-01  4.499552279E-01  2.882822457E+02  2.882822458E+02  2.112926130E-01  7.887073852E-01  2.165616881E-01  7.834383101E-01  8.776644384E-03  3.162350653E-02 
         2  1.150002942E+00  1.299996259E+00  6.549998111E+00  2.919629433E+02  2.919629440E+02  4.284659969E-03  9.957153251E-01  4.429692307E-03  9.955702928E-01  1.766973038E-04  3.971241760E-02 
         3  2.599979183E-01  1.299834635E+00  4.769962194E+00  2.919632611E+02  2.919632614E+02  4.409864415E-03  9.955901198E-01  4.559128937E-03  9.954408552E-01  1.818598461E-04  3.970721155E-02 
         4  2.499957813E-01  1.300216226E+00  3.040010943E+00  2.919891135E+02  2.919891138E+02  1.963696411E-03  9.980363036E-01  2.030334598E-03  9.979696654E-01  8.098106327E-05  3.980455985E-02 
         5  1.179989316E+00  1.700000987E+00  4.500025386E-01  2.919814320E+02  2.919814324E+02  3.085909149E-03  9.969140678E-01  3.190506822E-03  9.968094701E-01  1.272585494E-04  3.975932984E-02 
         6  2.090000749E+00  1.699988964E+00  2.640041275E+00  2.919981907E+02  2.919981922E+02  4.069086869E-04  9.995930950E-01  4.207392278E-04  9.995792645E-01  1.678090523E-05  3.986752040E-02 
         7  1.929998960E+00  1.700096390E+00  4.850038151E+00  2.919981780E+02  2.919981785E+02  4.643651309E-04  9.995356367E-01  4.801444317E-04  9.995198574E-01  1.915030428E-05  3.986515258E-02 
         8  1.149997690E+00  1.699993700E+00  6.550001821E+00  2.919533298E+02  2.919533307E+02  5.370920265E-03  9.946290704E-01  5.552514329E-03  9.944474764E-01  2.214932181E-04  3.966893562E-02 
         9  2.599530306E-01  1.699784014E+00  4.769789816E+00  2.919459186E+02  2.919459192E+02  6.667074598E-03  9.933329275E-01  6.892217167E-03  9.931077849E-01  2.749408264E-04  3.961650153E-02 
        10  2.500325889E-01  1.700141952E+00  3.039603904E+00  2.919777549E+02  2.919777553E+02  3.811779935E-03  9.961882219E-01  3.940878651E-03  9.960591232E-01  1.571905202E-04  3.972990219E-02 
        11  2.090000512E+00  6.999920786E-01  2.640018387E+00  2.872474039E+02  2.872474047E+02  2.913706276E-01  7.086293873E-01  2.977482714E-01  7.022517435E-01  1.211191648E-02  2.843431213E-02 
        12  1.930000944E+00  7.000071781E-01  4.849993220E+00  2.885972389E+02  2.885972394E+02  2.113869228E-01  7.886130679E-01  2.167347523E-01  7.832652384E-01  8.765655083E-03  3.158978123E-02 
        13  1.149999460E+00  7.000041210E-01  6.549999896E+00  2.882023077E+02  2.882023082E+02  2.271326983E-01  7.728673091E-01  2.327349473E-01  7.672650602E-01  9.428575760E-03  3.098245106E-02 
        14  2.599937070E-01  6.999245510E-01  4.770022657E+00  2.886905434E+02  2.886905437E+02  2.134000598E-01  7.865999337E-01  2.188546757E-01  7.811453178E-01  8.844885018E-03  3.149735376E-02 
        15  2.500057384E-01  7.000450448E-01  3.040068823E+00  2.889242284E+02  2.889242291E+02  1.819792939E-01  8.180207117E-01  1.866083909E-01  8.133916147E-01  7.550591929E-03  3.275970003E-02 
        16  1.179999658E+00  1.300002449E+00  4.500000716E-01  2.919881755E+02  2.919881758E+02  2.067949478E-03  9.979320504E-01  2.138117810E-03  9.978618821E-01  8.528031835E-05  3.980038871E-02 
        17  2.090000552E+00  1.299991228E+00  2.640042717E+00  2.919993428E+02  2.919993504E+02  2.303192102E-04  9.997696733E-01  2.381488134E-04  9.997618437E-01  9.498376765E-06  3.987464467E-02 
        18  1.930000128E+00  1.300009553E+00  4.849983633E+00  2.919983501E+02  2.919983503E+02  4.693834136E-04  9.995306315E-01  4.853351470E-04  9.995146798E-01  1.935729075E-05  3.986492313E-02 
