nodenumber     x-coordinate     y-coordinate     z-coordinate      temperature total-temperature               n2              air         molef-n2        molef-air concentration-n2 concentration-air 
         1  1.180011401E+00  7.000440735E-01  4.499552279E-01  2.883762384E+02  2.883762387E+02  1.977691848E-01  8.022308133E-01  2.027210541E-01  7.972789440E-01  8.219312960E-03  3.216798425E-02 
         2  1.150002942E+00  1.299996259E+00  6.549998111E+00  2.919827602E+02  2.919827610E+02  1.912710575E-03  9.980872745E-01  1.977598020E-03  9.980223871E-01  7.888029003E-05  3.980752735E-02 
         3  2.599979183E-01  1.299834635E+00  4.769962194E+00  2.919571934E+02  2.919571939E+02  4.738269432E-03  9.952617147E-01  4.898579763E-03  9.951014044E-01  1.954050865E-04  3.969449536E-02 
         4  2.499957813E-01  1.300216226E+00  3.040010943E+00  2.919850587E+02  2.919850590E+02  2.540902662E-03  9.974590973E-01  2.627071305E-03  9.973729287E-01  1.047839087E-04  3.978131091E-02 
         5  1.179989316E+00  1.700000987E+00  4.500025386E-01  2.919854871E+02  2.919854873E+02  2.575957311E-03  9.974240196E-01  2.663317976E-03  9.973366590E-01  1.062292466E-04  3.977980520E-02 
         6  2.090000749E+00  1.699988964E+00  2.640041275E+00  2.920001819E+02  2.920001835E+02  1.733339256E-04  9.998266698E-01  1.792270160E-04  9.998207767E-01  7.148296730E-06  3.987688103E-02 
         7  1.929998960E+00  1.700096390E+00  4.850038151E+00  2.919998491E+02  2.919998496E+02  2.067972492E-04  9.997932046E-01  2.138275660E-04  9.997861743E-01  8.528319668E-06  3.987554632E-02 
         8  1.149997690E+00  1.699993700E+00  6.550001821E+00  2.919857480E+02  2.919857491E+02  1.537012383E-03  9.984629783E-01  1.589147652E-03  9.984108430E-01  6.338659517E-05  3.982261336E-02 
         9  2.599530306E-01  1.699784014E+00  4.769789816E+00  2.919424799E+02  2.919424806E+02  6.582826894E-03  9.934171752E-01  6.805086548E-03  9.931949155E-01  2.714703234E-04  3.962044197E-02 
        10  2.500325889E-01  1.700141952E+00  3.039603904E+00  2.919802033E+02  2.919802038E+02  3.458618061E-03  9.965413838E-01  3.575791481E-03  9.964242104E-01  1.426272133E-04  3.974413102E-02 
        11  2.090000512E+00  6.999920786E-01  2.640018387E+00  2.875450707E+02  2.875450716E+02  2.689253324E-01  7.310746825E-01  2.750027923E-01  7.249972226E-01  1.117566320E-02  2.932845372E-02 
        12  1.930000944E+00  7.000071781E-01  4.849993220E+00  2.881179368E+02  2.881179375E+02  2.331544345E-01  7.668455562E-01  2.389448076E-01  7.610551831E-01  9.676856834E-03  3.074570365E-02 
        13  1.149999460E+00  7.000041210E-01  6.549999896E+00  2.899142401E+02  2.899142404E+02  1.269619058E-01  8.730381016E-01  1.304527989E-01  8.695472086E-01  5.259143930E-03  3.491293701E-02 
        14  2.599937070E-01  6.999245510E-01  4.770022657E+00  2.885128406E+02  2.885128412E+02  2.155913059E-01  7.844086876E-01  2.211138743E-01  7.788861192E-01  8.940645916E-03  3.142645600E-02 
        15  2.500057384E-01  7.000450448E-01  3.040068823E+00  2.881151062E+02  2.881151067E+02  2.492589030E-01  7.507411026E-01  2.549040176E-01  7.450959880E-01  1.034794209E-02  3.007628270E-02 
        16  1.179999658E+00  1.300002449E+00  4.500000716E-01  2.919864912E+02  2.919864914E+02  2.383672005E-03  9.976163279E-01  2.464528889E-03  9.975354710E-01  9.829996631E-05  3.978759914E-02 
        17  2.090000552E+00  1.299991228E+00  2.640042717E+00  2.920006406E+02  2.920006479E+02  7.228222961E-05  9.999277103E-01  7.473993778E-05  9.999252526E-01  2.980926223E-06  3.988098485E-02 
        18  1.930000128E+00  1.300009553E+00  4.849983633E+00  2.919995342E+02  2.919995343E+02  2.906288804E-04  9.997093860E-01  3.005085325E-04  9.996995064E-01  1.198552271E-05  3.987213317E-02 
