nodenumber     x-coordinate     y-coordinate     z-coordinate      temperature total-temperature               n2              air         molef-n2        molef-air concentration-n2 concentration-air 
         1  1.180011401E+00  7.000440735E-01  4.499552279E-01  2.884609799E+02  2.884609800E+02  1.927865367E-01  8.072134614E-01  1.976441949E-01  8.023558032E-01  8.013313368E-03  3.236236705E-02 
         2  1.150002942E+00  1.299996259E+00  6.549998111E+00  2.919992279E+02  2.919992283E+02  1.797710387E-04  9.998202141E-01  1.858823356E-04  9.998141028E-01  7.413786634E-06  3.987674437E-02 
         3  2.599979183E-01  1.299834635E+00  4.769962194E+00  2.919771080E+02  2.919771082E+02  3.286431500E-03  9.967135527E-01  3.397802523E-03  9.966021816E-01  1.355289274E-04  3.975165074E-02 
         4  2.499957813E-01  1.300216226E+00  3.040010943E+00  2.919823741E+02  2.919823744E+02  2.475825163E-03  9.975241748E-01  2.559786488E-03  9.974402135E-01  1.021012810E-04  3.978436026E-02 
         5  1.179989316E+00  1.700000987E+00  4.500025386E-01  2.919931686E+02  2.919931688E+02  1.485997383E-03  9.985139796E-01  1.536451101E-03  9.984635258E-01  6.128133664E-05  3.982370382E-02 
         6  2.090000749E+00  1.699988964E+00  2.640041275E+00  2.920000101E+02  2.920000118E+02  1.141216629E-04  9.998858821E-01  1.180017400E-04  9.998820020E-01  4.706391735E-06  3.987934641E-02 
         7  1.929998960E+00  1.700096390E+00  4.850038151E+00  2.920006154E+02  2.920006158E+02  1.305855280E-05  9.999869433E-01  1.350259746E-05  9.999864993E-01  5.385371736E-07  3.988343144E-02 
         8  1.149997690E+00  1.699993700E+00  6.550001821E+00  2.919975748E+02  2.919975756E+02  3.168261961E-04  9.996831645E-01  3.275941900E-04  9.996723965E-01  1.306597769E-05  3.987131841E-02 
         9  2.599530306E-01  1.699784014E+00  4.769789816E+00  2.919560782E+02  2.919560786E+02  6.456637824E-03  9.935433643E-01  6.674721107E-03  9.933252810E-01  2.662552774E-04  3.962379892E-02 
        10  2.500325889E-01  1.700141952E+00  3.039603904E+00  2.919795456E+02  2.919795459E+02  3.502424667E-03  9.964975772E-01  3.621081698E-03  9.963789202E-01  1.444338523E-04  3.974241423E-02 
        11  2.090000512E+00  6.999920786E-01  2.640018387E+00  2.880018773E+02  2.880018781E+02  2.054115406E-01  7.945884743E-01  2.105922727E-01  7.894077422E-01  8.540887884E-03  3.189843950E-02 
        12  1.930000944E+00  7.000071781E-01  4.849993220E+00  2.882476518E+02  2.882476519E+02  1.985827976E-01  8.014171931E-01  2.035471098E-01  7.964528809E-01  8.258193100E-03  3.214734630E-02 
        13  1.149999460E+00  7.000041210E-01  6.549999896E+00  2.888911715E+02  2.888911720E+02  1.781077361E-01  8.218922713E-01  1.827859912E-01  8.172140162E-01  7.389600464E-03  3.292495687E-02 
        14  2.599937070E-01  6.999245510E-01  4.770022657E+00  2.889227928E+02  2.889227933E+02  1.642316514E-01  8.357683420E-01  1.687143344E-01  8.312856591E-01  6.814193419E-03  3.349557164E-02 
        15  2.500057384E-01  7.000450448E-01  3.040068823E+00  2.876117346E+02  2.876117350E+02  2.620561728E-01  7.379438328E-01  2.680601747E-01  7.319398309E-01  1.089431978E-02  2.960077390E-02 
        16  1.179999658E+00  1.300002449E+00  4.500000716E-01  2.919963898E+02  2.919963899E+02  8.842857530E-04  9.991157141E-01  9.143282041E-04  9.990856717E-01  3.646757414E-05  3.984807942E-02 
        17  2.090000552E+00  1.299991228E+00  2.640042717E+00  2.920005076E+02  2.920005154E+02  5.590881353E-05  9.999440837E-01  5.780981467E-05  9.999421827E-01  2.305687739E-06  3.988167826E-02 
        18  1.930000128E+00  1.300009553E+00  4.849983633E+00  2.920007859E+02  2.920007861E+02  6.642100072E-05  9.999335939E-01  6.867947342E-05  9.999313354E-01  2.739208509E-06  3.988120851E-02 
