nodenumber     x-coordinate     y-coordinate     z-coordinate      temperature total-temperature               n2              air         molef-n2        molef-air concentration-n2 concentration-air 
         1  1.180011401E+00  7.000440735E-01  4.499552279E-01  2.888865462E+02  2.888865464E+02  1.759975157E-01  8.240024825E-01  1.804981748E-01  8.195018233E-01  7.307794836E-03  3.300805450E-02 
         2  1.150002942E+00  1.299996259E+00  6.549998111E+00  2.919766753E+02  2.919766762E+02  2.724851662E-03  9.972751334E-01  2.817209486E-03  9.971827756E-01  1.123721228E-04  3.977486677E-02 
         3  2.599979183E-01  1.299834635E+00  4.769962194E+00  2.919538070E+02  2.919538074E+02  5.099249162E-03  9.949007350E-01  5.271692293E-03  9.947282919E-01  2.102917972E-04  3.968007137E-02 
         4  2.499957813E-01  1.300216226E+00  3.040010943E+00  2.919888265E+02  2.919888269E+02  1.950335513E-03  9.980496645E-01  2.016521734E-03  9.979834783E-01  8.043019657E-05  3.980514992E-02 
         5  1.179989316E+00  1.700000987E+00  4.500025386E-01  2.919900033E+02  2.919900036E+02  1.875260189E-03  9.981247168E-01  1.938899566E-03  9.980610774E-01  7.733396241E-05  3.980808357E-02 
         6  2.090000749E+00  1.699988964E+00  2.640041275E+00  2.919987759E+02  2.919987773E+02  3.257787139E-04  9.996742250E-01  3.368527839E-04  9.996631509E-01  1.343511927E-05  3.987078625E-02 
         7  1.929998960E+00  1.700096390E+00  4.850038151E+00  2.920006677E+02  2.920006681E+02  1.125955846E-05  9.999887423E-01  1.164243004E-05  9.999883594E-01  4.643460743E-07  3.988349848E-02 
         8  1.149997690E+00  1.699993700E+00  6.550001821E+00  2.919651025E+02  2.919651037E+02  3.908617479E-03  9.960913732E-01  4.040912881E-03  9.959590778E-01  1.611900566E-04  3.972763036E-02 
         9  2.599530306E-01  1.699784014E+00  4.769789816E+00  2.919487993E+02  2.919488000E+02  6.106757364E-03  9.938932447E-01  6.313103692E-03  9.936868984E-01  2.518364957E-04  3.963921225E-02 
        10  2.500325889E-01  1.700141952E+00  3.039603904E+00  2.919796177E+02  2.919796182E+02  3.517454427E-03  9.964825474E-01  3.636624933E-03  9.963633769E-01  1.450536589E-04  3.974178457E-02 
        11  2.090000512E+00  6.999920786E-01  2.640018387E+00  2.874887417E+02  2.874887427E+02  2.767388529E-01  7.232611620E-01  2.828990120E-01  7.171010029E-01  1.150165790E-02  2.901066538E-02 
        12  1.930000944E+00  7.000071781E-01  4.849993220E+00  2.890641735E+02  2.890641737E+02  1.779139781E-01  8.220860125E-01  1.825838406E-01  8.174161501E-01  7.376052363E-03  3.291426252E-02 
        13  1.149999460E+00  7.000041210E-01  6.549999896E+00  2.890783761E+02  2.890783767E+02  1.800723060E-01  8.199277015E-01  1.847769909E-01  8.152230165E-01  7.464275685E-03  3.282401926E-02 
        14  2.599937070E-01  6.999245510E-01  4.770022657E+00  2.884768979E+02  2.884768983E+02  2.204696459E-01  7.795303476E-01  2.259948699E-01  7.740051236E-01  9.144730195E-03  3.122770676E-02 
        15  2.500057384E-01  7.000450448E-01  3.040068823E+00  2.887165497E+02  2.887165503E+02  1.915413951E-01  8.084586105E-01  1.964010666E-01  8.035989390E-01  7.948873986E-03  3.239029209E-02 
        16  1.179999658E+00  1.300002449E+00  4.500000716E-01  2.919908308E+02  2.919908310E+02  1.713116933E-03  9.982868830E-01  1.771267452E-03  9.982287324E-01  7.064757648E-05  3.981465875E-02 
        17  2.090000552E+00  1.299991228E+00  2.640042717E+00  2.920000726E+02  2.920000798E+02  1.293532537E-04  9.998706393E-01  1.337510293E-04  9.998662415E-01  5.334539775E-06  3.987870882E-02 
        18  1.930000128E+00  1.300009553E+00  4.849983633E+00  2.920009137E+02  2.920009139E+02  6.476831003E-05  9.999352466E-01  6.697055274E-05  9.999330443E-01  2.671049111E-06  3.988125922E-02 
