nodenumber     x-coordinate     y-coordinate     z-coordinate      temperature total-temperature               n2              air         molef-n2        molef-air concentration-n2 concentration-air 
         1  1.180011401E+00  7.000440735E-01  4.499552279E-01  2.883921163E+02  2.883921167E+02  1.704360287E-01  8.295639694E-01  1.749907442E-01  8.250092539E-01  7.088241773E-03  3.329643043E-02 
         2  1.150002942E+00  1.299996259E+00  6.549998111E+00  2.919997176E+02  2.919997180E+02  1.124623118E-04  9.998875228E-01  1.162858535E-04  9.998836992E-01  4.637968561E-06  3.987945329E-02 
         3  2.599979183E-01  1.299834635E+00  4.769962194E+00  2.919870629E+02  2.919870632E+02  1.815582748E-03  9.981844014E-01  1.877175042E-03  9.981228091E-01  7.487365229E-05  3.981094613E-02 
         4  2.499957813E-01  1.300216226E+00  3.040010943E+00  2.919753335E+02  2.919753337E+02  3.213694288E-03  9.967863057E-01  3.322586740E-03  9.966774133E-01  1.325304121E-04  3.975489296E-02 
         5  1.179989316E+00  1.700000987E+00  4.500025386E-01  2.919981613E+02  2.919981615E+02  5.578869574E-04  9.994420900E-01  5.768457904E-04  9.994231312E-01  2.300711937E-05  3.986129607E-02 
         6  2.090000749E+00  1.699988964E+00  2.640041275E+00  2.920003480E+02  2.920003496E+02  5.750687327E-05  9.999424969E-01  5.946226210E-05  9.999405415E-01  2.371593740E-06  3.988163504E-02 
         7  1.929998960E+00  1.700096390E+00  4.850038151E+00  2.920006247E+02  2.920006250E+02  2.894230653E-05  9.999710596E-01  2.992644552E-05  9.999700754E-01  1.193585398E-06  3.988277512E-02 
         8  1.149997690E+00  1.699993700E+00  6.550001821E+00  2.919993664E+02  2.919993670E+02  1.261273941E-04  9.998738633E-01  1.304153357E-04  9.998695754E-01  5.201522869E-06  3.987893816E-02 
         9  2.599530306E-01  1.699784014E+00  4.769789816E+00  2.919961581E+02  2.919961586E+02  6.715360280E-04  9.993284661E-01  6.943523032E-04  9.993056498E-01  2.769404708E-05  3.985688477E-02 
        10  2.500325889E-01  1.700141952E+00  3.039603904E+00  2.919697671E+02  2.919697675E+02  4.633709796E-03  9.953662921E-01  4.790479527E-03  9.952095223E-01  1.910849117E-04  3.969709906E-02 
        11  2.090000512E+00  6.999920786E-01  2.640018387E+00  2.879132727E+02  2.879132737E+02  1.986212416E-01  8.013787733E-01  2.036525047E-01  7.963475102E-01  8.264777584E-03  3.218720347E-02 
        12  1.930000944E+00  7.000071781E-01  4.849993220E+00  2.887255668E+02  2.887255670E+02  1.648700093E-01  8.351299814E-01  1.691856801E-01  8.308143106E-01  6.854146929E-03  3.348432771E-02 
        13  1.149999460E+00  7.000041210E-01  6.549999896E+00  2.890070897E+02  2.890070902E+02  1.673306591E-01  8.326693484E-01  1.717342788E-01  8.282657287E-01  6.944674051E-03  3.335395360E-02 
        14  2.599937070E-01  6.999245510E-01  4.770022657E+00  2.885589808E+02  2.885589813E+02  1.702911691E-01  8.297088243E-01  1.749644697E-01  8.250355238E-01  7.070960910E-03  3.328939966E-02 
        15  2.500057384E-01  7.000450448E-01  3.040068823E+00  2.879482046E+02  2.879482048E+02  2.426448410E-01  7.573551646E-01  2.484291417E-01  7.515708639E-01  1.008060723E-02  3.036679458E-02 
        16  1.179999658E+00  1.300002449E+00  4.500000716E-01  2.919968978E+02  2.919968979E+02  7.740547909E-04  9.992259451E-01  8.003552694E-04  9.991996446E-01  3.192176075E-05  3.985255583E-02 
        17  2.090000552E+00  1.299991228E+00  2.640042717E+00  2.920007116E+02  2.920007191E+02  2.751130633E-05  9.999724812E-01  2.844678755E-05  9.999715458E-01  1.134570869E-06  3.988282151E-02 
        18  1.930000128E+00  1.300009553E+00  4.849983633E+00  2.920007055E+02  2.920007056E+02  5.822749401E-05  9.999417874E-01  6.020738422E-05  9.999398075E-01  2.401309146E-06  3.988155740E-02 
