nodenumber     x-coordinate     y-coordinate     z-coordinate      temperature total-temperature               n2              air         molef-n2        molef-air concentration-n2 concentration-air 
         1  1.180011401E+00  7.000440735E-01  4.499552279E-01  2.887426394E+02  2.887426396E+02  1.720432079E-01  8.279567903E-01  1.765429586E-01  8.234570396E-01  7.147130461E-03  3.318863335E-02 
         2  1.150002942E+00  1.299996259E+00  6.549998111E+00  2.919890228E+02  2.919890236E+02  1.284881619E-03  9.987151035E-01  1.328502721E-03  9.986714824E-01  5.298855939E-05  3.983256356E-02 
         3  2.599979183E-01  1.299834635E+00  4.769962194E+00  2.919722330E+02  2.919722335E+02  3.557038694E-03  9.964429455E-01  3.677548671E-03  9.963224355E-01  1.466896305E-04  3.974115603E-02 
         4  2.499957813E-01  1.300216226E+00  3.040010943E+00  2.919839248E+02  2.919839251E+02  2.815355696E-03  9.971846443E-01  2.910807586E-03  9.970891924E-01  1.161013934E-04  3.977014830E-02 
         5  1.179989316E+00  1.700000987E+00  4.500025386E-01  2.919794929E+02  2.919794929E+02  3.558009330E-03  9.964419676E-01  3.678554220E-03  9.963214227E-01  1.467259762E-04  3.974012731E-02 
         6  2.090000749E+00  1.699988964E+00  2.640041275E+00  2.920001450E+02  2.920001467E+02  1.094525352E-04  9.998905512E-01  1.131740218E-04  9.998868297E-01  4.513837340E-06  3.987952053E-02 
         7  1.929998960E+00  1.700096390E+00  4.850038151E+00  2.920006516E+02  2.920006521E+02  1.180589490E-05  9.999881960E-01  1.220734332E-05  9.999877945E-01  4.868771269E-07  3.988347815E-02 
         8  1.149997690E+00  1.699993700E+00  6.550001821E+00  2.919919235E+02  2.919919247E+02  9.081771973E-04  9.990918135E-01  9.390175341E-04  9.990609732E-01  3.745336682E-05  3.984770297E-02 
         9  2.599530306E-01  1.699784014E+00  4.769789816E+00  2.919649038E+02  2.919649045E+02  4.743487475E-03  9.952565146E-01  4.903998399E-03  9.950960037E-01  1.956148900E-04  3.969323350E-02 
        10  2.500325889E-01  1.700141952E+00  3.039603904E+00  2.919753647E+02  2.919753650E+02  4.283346861E-03  9.957166550E-01  4.428349260E-03  9.955716526E-01  1.766356550E-04  3.971078358E-02 
        11  2.090000512E+00  6.999920786E-01  2.640018387E+00  2.874249891E+02  2.874249896E+02  2.504816538E-01  7.495183611E-01  2.563764663E-01  7.436235486E-01  1.042025022E-02  3.010064972E-02 
        12  1.930000944E+00  7.000071781E-01  4.849993220E+00  2.880612171E+02  2.880612173E+02  2.335981874E-01  7.664018033E-01  2.392172208E-01  7.607827699E-01  9.702757111E-03  3.072851792E-02 
        13  1.149999460E+00  7.000041210E-01  6.549999896E+00  2.890412439E+02  2.890412443E+02  1.754793789E-01  8.245206285E-01  1.801213902E-01  8.198786172E-01  7.275987326E-03  3.301744182E-02 
        14  2.599937070E-01  6.999245510E-01  4.770022657E+00  2.888047292E+02  2.888047297E+02  1.828163658E-01  8.171836277E-01  1.875726711E-01  8.124273224E-01  7.586807307E-03  3.273995061E-02 
        15  2.500057384E-01  7.000450448E-01  3.040068823E+00  2.884621760E+02  2.884621763E+02  2.420070408E-01  7.579929648E-01  2.477933943E-01  7.522066113E-01  1.003103651E-02  3.034362701E-02 
        16  1.179999658E+00  1.300002449E+00  4.500000716E-01  2.919830424E+02  2.919830424E+02  3.026113197E-03  9.969738867E-01  3.128694243E-03  9.968713056E-01  1.247922697E-04  3.976157796E-02 
        17  2.090000552E+00  1.299991228E+00  2.640042717E+00  2.920006330E+02  2.920006404E+02  4.809073327E-05  9.999519018E-01  4.972594432E-05  9.999502666E-01  1.983268747E-06  3.988198355E-02 
        18  1.930000128E+00  1.300009553E+00  4.849983633E+00  2.920007653E+02  2.920007655E+02  9.038889343E-05  9.999096260E-01  9.346213622E-05  9.999065528E-01  3.727641164E-06  3.988022289E-02 
