nodenumber     x-coordinate     y-coordinate     z-coordinate      temperature total-temperature               n2              air         molef-n2        molef-air concentration-n2 concentration-air 
         1  1.180011401E+00  7.000440735E-01  4.499552279E-01  2.882355279E+02  2.882355282E+02  1.745725570E-01  8.254274412E-01  1.792058787E-01  8.207941195E-01  7.264073666E-03  3.314270370E-02 
         2  1.150002942E+00  1.299996259E+00  6.549998111E+00  2.920000327E+02  2.920000331E+02  7.947145459E-05  9.999205136E-01  8.217349289E-05  9.999178116E-01  3.277419205E-06  3.988077080E-02 
         3  2.599979183E-01  1.299834635E+00  4.769962194E+00  2.919905123E+02  2.919905127E+02  1.363569435E-03  9.986364147E-01  1.409848973E-03  9.985901352E-01  5.623307223E-05  3.982911551E-02 
         4  2.499957813E-01  1.300216226E+00  3.040010943E+00  2.919679133E+02  2.919679135E+02  4.060269890E-03  9.959397301E-01  4.197709581E-03  9.958022904E-01  1.674419000E-04  3.972099521E-02 
         5  1.179989316E+00  1.700000987E+00  4.500025386E-01  2.919976929E+02  2.919976931E+02  6.668482919E-04  9.993331287E-01  6.895081184E-04  9.993104688E-01  2.750061317E-05  3.985686655E-02 
         6  2.090000749E+00  1.699988964E+00  2.640041275E+00  2.920004290E+02  2.920004306E+02  4.325843202E-05  9.999567453E-01  4.472935677E-05  9.999552744E-01  1.783985838E-06  3.988221159E-02 
         7  1.929998960E+00  1.700096390E+00  4.850038151E+00  2.920006276E+02  2.920006280E+02  1.984602820E-05  9.999801558E-01  2.052087048E-05  9.999794810E-01  8.184537173E-07  3.988314985E-02 
         8  1.149997690E+00  1.699993700E+00  6.550001821E+00  2.919986680E+02  2.919986687E+02  1.901627046E-04  9.998098280E-01  1.966269477E-04  9.998033637E-01  7.842356825E-06  3.987639272E-02 
         9  2.599530306E-01  1.699784014E+00  4.769789816E+00  2.919993577E+02  2.919993582E+02  1.911748943E-04  9.998088272E-01  1.976742405E-04  9.998023279E-01  7.884075880E-06  3.987625770E-02 
        10  2.500325889E-01  1.700141952E+00  3.039603904E+00  2.919647235E+02  2.919647240E+02  5.199958507E-03  9.948000434E-01  5.375765547E-03  9.946242363E-01  2.144353377E-04  3.967443772E-02 
        11  2.090000512E+00  6.999920786E-01  2.640018387E+00  2.874535344E+02  2.874535353E+02  2.213295106E-01  7.786705043E-01  2.268287327E-01  7.731712822E-01  9.214072540E-03  3.130237030E-02 
        12  1.930000944E+00  7.000071781E-01  4.849993220E+00  2.883574522E+02  2.883574527E+02  1.879997193E-01  8.120002714E-01  1.928755189E-01  8.071244718E-01  7.814213517E-03  3.257534287E-02 
        13  1.149999460E+00  7.000041210E-01  6.549999896E+00  2.890739665E+02  2.890739670E+02  1.638094711E-01  8.361905363E-01  1.681160087E-01  8.318839987E-01  6.799386891E-03  3.349010161E-02 
        14  2.599937070E-01  6.999245510E-01  4.770022657E+00  2.891779939E+02  2.891779941E+02  1.394494523E-01  8.605505412E-01  1.433741509E-01  8.566258425E-01  5.786419896E-03  3.448773968E-02 
        15  2.500057384E-01  7.000450448E-01  3.040068823E+00  2.881203215E+02  2.881203218E+02  2.068309423E-01  7.931690633E-01  2.120918770E-01  7.879081286E-01  8.598940505E-03  3.182411569E-02 
        16  1.179999658E+00  1.300002449E+00  4.500000716E-01  2.919963391E+02  2.919963392E+02  8.735048323E-04  9.991264951E-01  9.031814699E-04  9.990968184E-01  3.602299612E-05  3.984853091E-02 
        17  2.090000552E+00  1.299991228E+00  2.640042717E+00  2.920007394E+02  2.920007473E+02  2.314981939E-05  9.999768427E-01  2.393699922E-05  9.999760556E-01  9.547024600E-07  3.988299758E-02 
        18  1.930000128E+00  1.300009553E+00  4.849983633E+00  2.920007885E+02  2.920007886E+02  5.475410836E-05  9.999452608E-01  5.661589363E-05  9.999433990E-01  2.258065423E-06  3.988168930E-02 
