nodenumber     x-coordinate     y-coordinate     z-coordinate      temperature total-temperature               n2              air         molef-n2        molef-air concentration-n2 concentration-air 
         1  1.180011401E+00  7.000440735E-01  4.499552279E-01  2.884923765E+02  2.884923767E+02  2.093422427E-01  7.906577554E-01  2.145409125E-01  7.854590856E-01  8.690708699E-03  3.168011142E-02 
         2  1.150002942E+00  1.299996259E+00  6.549998111E+00  2.919751126E+02  2.919751134E+02  2.724859795E-03  9.972751253E-01  2.817211268E-03  9.971827738E-01  1.123731256E-04  3.977507926E-02 
         3  2.599979183E-01  1.299834635E+00  4.769962194E+00  2.919816244E+02  2.919816247E+02  2.714499020E-03  9.972854851E-01  2.806543875E-03  9.971934403E-01  1.119434935E-04  3.977461918E-02 
         4  2.499957813E-01  1.300216226E+00  3.040010943E+00  2.919821919E+02  2.919821921E+02  2.798228077E-03  9.972017719E-01  2.893100927E-03  9.971068991E-01  1.153958481E-04  3.977109058E-02 
         5  1.179989316E+00  1.700000987E+00  4.500025386E-01  2.919797655E+02  2.919797656E+02  3.437871810E-03  9.965621051E-01  3.554360545E-03  9.964456164E-01  1.417721676E-04  3.974504388E-02 
         6  2.090000749E+00  1.699988964E+00  2.640041275E+00  2.919983386E+02  2.919983400E+02  3.906590814E-04  9.996093446E-01  4.039376831E-04  9.995960660E-01  1.611077508E-05  3.986817033E-02 
         7  1.929998960E+00  1.700096390E+00  4.850038151E+00  2.919964963E+02  2.919964967E+02  8.396349431E-04  9.991603669E-01  8.681580588E-04  9.991318438E-01  3.462616454E-05  3.984990644E-02 
         8  1.149997690E+00  1.699993700E+00  6.550001821E+00  2.919696624E+02  2.919696636E+02  3.271888801E-03  9.967281019E-01  3.382685895E-03  9.966173048E-01  1.349324245E-04  3.975326503E-02 
         9  2.599530306E-01  1.699784014E+00  4.769789816E+00  2.919686550E+02  2.919686554E+02  4.524746127E-03  9.954752560E-01  4.677888328E-03  9.953221138E-01  1.865932695E-04  3.970174262E-02 
        10  2.500325889E-01  1.700141952E+00  3.039603904E+00  2.919748866E+02  2.919748869E+02  4.059906144E-03  9.959400957E-01  4.197376583E-03  9.958026253E-01  1.674230233E-04  3.972006153E-02 
        11  2.090000512E+00  6.999920786E-01  2.640018387E+00  2.874433603E+02  2.874433610E+02  2.841735363E-01  7.158264786E-01  2.905292552E-01  7.094707597E-01  1.180490660E-02  2.871329708E-02 
        12  1.930000944E+00  7.000071781E-01  4.849993220E+00  2.893634318E+02  2.893634321E+02  1.571638641E-01  8.428361266E-01  1.614247210E-01  8.385752697E-01  6.513131162E-03  3.373529407E-02 
        13  1.149999460E+00  7.000041210E-01  6.549999896E+00  2.887613074E+02  2.887613083E+02  2.021489407E-01  7.978510667E-01  2.073151702E-01  7.926848373E-01  8.381661285E-03  3.195091153E-02 
        14  2.599937070E-01  6.999245510E-01  4.770022657E+00  2.886978231E+02  2.886978237E+02  2.051908712E-01  7.948091223E-01  2.103930860E-01  7.896069075E-01  8.509678508E-03  3.183189033E-02 
        15  2.500057384E-01  7.000450448E-01  3.040068823E+00  2.890431105E+02  2.890431112E+02  1.904838277E-01  8.095161779E-01  1.953178142E-01  8.046821914E-01  7.894302652E-03  3.239905489E-02 
        16  1.179999658E+00  1.300002449E+00  4.500000716E-01  2.919831990E+02  2.919831991E+02  2.875182422E-03  9.971248175E-01  2.972662550E-03  9.970273373E-01  1.185686662E-04  3.976778017E-02 
        17  2.090000552E+00  1.299991228E+00  2.640042717E+00  2.919996790E+02  2.919996859E+02  1.933612074E-04  9.998066313E-01  1.999347132E-04  9.998000578E-01  7.974226946E-06  3.987612289E-02 
        18  1.930000128E+00  1.300009553E+00  4.849983633E+00  2.919970204E+02  2.919970206E+02  6.782370619E-04  9.993217778E-01  7.012810833E-04  9.992987338E-01  2.797030303E-05  3.985649175E-02 
