nodenumber     x-coordinate     y-coordinate     z-coordinate      temperature total-temperature               n2              air         molef-n2        molef-air concentration-n2 concentration-air 
         1  1.180011401E+00  7.000440735E-01  4.499552279E-01  2.885810982E+02  2.885810984E+02  1.839805562E-01  8.160194420E-01  1.887156516E-01  8.112843466E-01  7.644843266E-03  3.271370983E-02 
         2  1.150002942E+00  1.299996259E+00  6.549998111E+00  2.919914937E+02  2.919914945E+02  1.030170433E-03  9.989698147E-01  1.065155589E-03  9.989348295E-01  4.248427081E-05  3.984273032E-02 
         3  2.599979183E-01  1.299834635E+00  4.769962194E+00  2.919759532E+02  2.919759535E+02  3.196889498E-03  9.968030947E-01  3.305235755E-03  9.966947484E-01  1.318372490E-04  3.975550018E-02 
         4  2.499957813E-01  1.300216226E+00  3.040010943E+00  2.919887957E+02  2.919887961E+02  2.055493662E-03  9.979445063E-01  2.125241022E-03  9.978747590E-01  8.476652532E-05  3.980081780E-02 
         5  1.179989316E+00  1.700000987E+00  4.500025386E-01  2.919884455E+02  2.919884458E+02  2.220277038E-03  9.977796999E-01  2.295602237E-03  9.977043747E-01  9.156160050E-05  3.979406872E-02 
         6  2.090000749E+00  1.699988964E+00  2.640041275E+00  2.920003921E+02  2.920003937E+02  5.856043117E-05  9.999414433E-01  6.055163545E-05  9.999394521E-01  2.415042015E-06  3.988158557E-02 
         7  1.929998960E+00  1.700096390E+00  4.850038151E+00  2.920006495E+02  2.920006499E+02  1.934274677E-05  9.999806591E-01  2.000047011E-05  9.999800014E-01  7.976978988E-07  3.988316761E-02 
         8  1.149997690E+00  1.699993700E+00  6.550001821E+00  2.919938292E+02  2.919938302E+02  6.963412851E-04  9.993036494E-01  7.199956338E-04  9.992799951E-01  2.871725344E-05  3.985617877E-02 
         9  2.599530306E-01  1.699784014E+00  4.769789816E+00  2.919636411E+02  2.919636416E+02  5.152784631E-03  9.948472175E-01  5.327069859E-03  9.946729322E-01  2.124916824E-04  3.967652922E-02 
        10  2.500325889E-01  1.700141952E+00  3.039603904E+00  2.919785590E+02  2.919785595E+02  3.776768911E-03  9.962232330E-01  3.904692425E-03  9.960953094E-01  1.557465284E-04  3.973123632E-02 
        11  2.090000512E+00  6.999920786E-01  2.640018387E+00  2.879920996E+02  2.879921003E+02  2.157932172E-01  7.842067977E-01  2.212151243E-01  7.787848906E-01  8.967331495E-03  3.147314443E-02 
        12  1.930000944E+00  7.000071781E-01  4.849993220E+00  2.883688722E+02  2.883688727E+02  2.105710875E-01  7.894289032E-01  2.157335958E-01  7.842663949E-01  8.746442855E-03  3.164186393E-02 
        13  1.149999460E+00  7.000041210E-01  6.549999896E+00  2.892181328E+02  2.892181333E+02  1.727072048E-01  8.272928027E-01  1.772077360E-01  8.227922715E-01  7.160280351E-03  3.310887738E-02 
        14  2.599937070E-01  6.999245510E-01  4.770022657E+00  2.886769669E+02  2.886769673E+02  1.841020986E-01  8.158978949E-01  1.890527256E-01  8.109472679E-01  7.637443488E-03  3.270642259E-02 
        15  2.500057384E-01  7.000450448E-01  3.040068823E+00  2.872902121E+02  2.872902124E+02  3.020889634E-01  6.979110422E-01  3.088354534E-01  6.911645522E-01  1.254543647E-02  2.799400665E-02 
        16  1.179999658E+00  1.300002449E+00  4.500000716E-01  2.919911912E+02  2.919911914E+02  1.735298350E-03  9.982647015E-01  1.794200407E-03  9.982057995E-01  7.156217629E-05  3.981369492E-02 
        17  2.090000552E+00  1.299991228E+00  2.640042717E+00  2.920007013E+02  2.920007084E+02  3.371436044E-05  9.999662782E-01  3.486075170E-05  9.999651318E-01  1.390385369E-06  3.988256710E-02 
        18  1.930000128E+00  1.300009553E+00  4.849983633E+00  2.920009112E+02  2.920009114E+02  8.329953422E-05  9.999167154E-01  8.613184272E-05  9.999138831E-01  3.435276363E-06  3.988049533E-02 
