nodenumber     x-coordinate     y-coordinate     z-coordinate      temperature total-temperature               n2              air         molef-n2        molef-air concentration-n2 concentration-air 
         1  1.180011401E+00  7.000440735E-01  4.499552279E-01  2.913926190E+02  2.913926196E+02  9.609778110E-03  9.903902200E-01  9.933107997E-03  9.900668901E-01  3.970540711E-04  3.957014663E-02 
         2  1.150002942E+00  1.299996259E+00  6.549998111E+00  2.919992734E+02  2.919992737E+02  2.317596925E-05  9.999768091E-01  2.396404714E-05  9.999760211E-01  9.557874128E-07  3.988319615E-02 
         3  2.599979183E-01  1.299834635E+00  4.769962194E+00  2.919470230E+02  2.919470233E+02  1.317560097E-03  9.986824241E-01  1.362299049E-03  9.986376851E-01  5.434429290E-05  3.983694577E-02 
         4  2.499957813E-01  1.300216226E+00  3.040010943E+00  2.919642789E+02  2.919642790E+02  1.423171092E-03  9.985768289E-01  1.471493145E-03  9.985285069E-01  5.869639178E-05  3.983023721E-02 
         5  1.179989316E+00  1.700000987E+00  4.500025386E-01  2.920000152E+02  2.920000153E+02  8.106411045E-06  9.999918705E-01  8.382068459E-06  9.999915949E-01  3.343109233E-07  3.988371565E-02 
         6  2.090000749E+00  1.699988964E+00  2.640041275E+00  2.919954446E+02  2.919954457E+02  9.881713830E-05  9.999011866E-01  1.021768918E-04  9.998978268E-01  4.075329983E-06  3.988060107E-02 
         7  1.929998960E+00  1.700096390E+00  4.850038151E+00  2.919996166E+02  2.919996168E+02  1.820377047E-05  9.999817981E-01  1.882277837E-05  9.999811791E-01  7.507303671E-07  3.988335566E-02 
         8  1.149997690E+00  1.699993700E+00  6.550001821E+00  2.920004266E+02  2.920004272E+02  3.547976178E-06  9.999964427E-01  3.668623066E-06  9.999963221E-01  1.463198353E-07  3.988384855E-02 
         9  2.599530306E-01  1.699784014E+00  4.769789816E+00  2.919927711E+02  2.919927714E+02  1.571513255E-04  9.998428508E-01  1.624942536E-04  9.998375078E-01  6.481117975E-06  3.987856034E-02 
        10  2.500325889E-01  1.700141952E+00  3.039603904E+00  2.919908912E+02  2.919908914E+02  6.400718448E-04  9.993599300E-01  6.618221769E-04  9.993381797E-01  2.639704768E-05  3.985890118E-02 
        11  2.090000512E+00  6.999920786E-01  2.640018387E+00  2.910498994E+02  2.910498998E+02  1.340596098E-02  9.865940539E-01  1.385529489E-02  9.861447200E-01  5.544262167E-04  3.945982971E-02 
        12  1.930000944E+00  7.000071781E-01  4.849993220E+00  2.916048615E+02  2.916048626E+02  6.871700080E-03  9.931282906E-01  7.103590587E-03  9.928964001E-01  2.837295952E-04  3.965437275E-02 
        13  1.149999460E+00  7.000041210E-01  6.549999896E+00  2.915649457E+02  2.915649460E+02  8.722546563E-03  9.912774609E-01  9.014756461E-03  9.909852510E-01  3.604046233E-04  3.958321198E-02 
        14  2.599937070E-01  6.999245510E-01  4.770022657E+00  2.918218728E+02  2.918218733E+02  4.204019739E-03  9.957959737E-01  4.346249301E-03  9.956537442E-01  1.734732079E-04  3.973492877E-02 
        15  2.500057384E-01  7.000450448E-01  3.040068823E+00  2.915990442E+02  2.915990443E+02  1.001818098E-02  9.899818246E-01  1.035425282E-02  9.896457528E-01  4.137020226E-04  3.952521644E-02 
        16  1.179999658E+00  1.300002449E+00  4.500000716E-01  2.919922476E+02  2.919922477E+02  1.198536716E-04  9.998801462E-01  1.239287781E-04  9.998760711E-01  4.942922285E-06  3.988016986E-02 
        17  2.090000552E+00  1.299991228E+00  2.640042717E+00  2.919978836E+02  2.919978907E+02  4.992461407E-05  9.999500679E-01  5.162214752E-05  9.999483704E-01  2.058931342E-06  3.988228344E-02 
        18  1.930000128E+00  1.300009553E+00  4.849983633E+00  2.919958006E+02  2.919958006E+02  7.602500294E-05  9.999239899E-01  7.861002577E-05  9.999214049E-01  3.135336847E-06  3.988149334E-02 
