nodenumber     x-coordinate     y-coordinate     z-coordinate      temperature total-temperature               n2              air         molef-n2        molef-air concentration-n2 concentration-air 
         1  1.180011401E+00  7.000440735E-01  4.499552279E-01  2.886905910E+02  2.886905911E+02  1.935001491E-01  8.064998490E-01  1.983940604E-01  8.016059377E-01  8.032196029E-03  3.231082162E-02 
         2  1.150002942E+00  1.299996259E+00  6.549998111E+00  2.919580605E+02  2.919580613E+02  4.640418246E-03  9.953595669E-01  4.797423637E-03  9.952025615E-01  1.913694801E-04  3.969841255E-02 
         3  2.599979183E-01  1.299834635E+00  4.769962194E+00  2.919643547E+02  2.919643551E+02  4.391077252E-03  9.956089069E-01  4.539706284E-03  9.954602779E-01  1.810846357E-04  3.970783736E-02 
         4  2.499957813E-01  1.300216226E+00  3.040010943E+00  2.919849901E+02  2.919849904E+02  2.432058836E-03  9.975679412E-01  2.514551021E-03  9.974854490E-01  1.002957161E-04  3.978580846E-02 
         5  1.179989316E+00  1.700000987E+00  4.500025386E-01  2.919786549E+02  2.919786551E+02  3.415153851E-03  9.965848231E-01  3.530876057E-03  9.964691009E-01  1.408359607E-04  3.974613180E-02 
         6  2.090000749E+00  1.699988964E+00  2.640041275E+00  2.919990737E+02  2.919990753E+02  2.916572049E-04  9.997083465E-01  3.015715308E-04  9.996984322E-01  1.202794421E-05  3.987215275E-02 
         7  1.929998960E+00  1.700096390E+00  4.850038151E+00  2.919884690E+02  2.919884694E+02  2.013398790E-03  9.979866031E-01  2.081696368E-03  9.979183055E-01  8.303045046E-05  3.980259866E-02 
         8  1.149997690E+00  1.699993700E+00  6.550001821E+00  2.919434022E+02  2.919434032E+02  6.103235337E-03  9.938967553E-01  6.309417726E-03  9.936905730E-01  2.516957467E-04  3.964008959E-02 
         9  2.599530306E-01  1.699784014E+00  4.769789816E+00  2.919592461E+02  2.919592467E+02  5.331514387E-03  9.946684877E-01  5.511810331E-03  9.944881918E-01  2.198641865E-04  3.966975718E-02 
        10  2.500325889E-01  1.700141952E+00  3.039603904E+00  2.919810811E+02  2.919810816E+02  3.051004798E-03  9.969489971E-01  3.154426002E-03  9.968455759E-01  1.258194911E-04  3.976081882E-02 
        11  2.090000512E+00  6.999920786E-01  2.640018387E+00  2.876355350E+02  2.876355358E+02  2.724812868E-01  7.275187281E-01  2.785624814E-01  7.214375335E-01  1.131915657E-02  2.917231923E-02 
        12  1.930000944E+00  7.000071781E-01  4.849993220E+00  2.891892674E+02  2.891892678E+02  1.689047374E-01  8.310952532E-01  1.733498414E-01  8.266501493E-01  7.002828225E-03  3.327013950E-02 
        13  1.149999460E+00  7.000041210E-01  6.549999896E+00  2.889072258E+02  2.889072265E+02  1.924429952E-01  8.075570123E-01  1.974400447E-01  8.025599628E-01  7.977262463E-03  3.233481198E-02 
        14  2.599937070E-01  6.999245510E-01  4.770022657E+00  2.886321016E+02  2.886321023E+02  2.140390387E-01  7.859609548E-01  2.193667351E-01  7.806332584E-01  8.876368043E-03  3.147450305E-02 
        15  2.500057384E-01  7.000450448E-01  3.040068823E+00  2.887668387E+02  2.887668393E+02  2.107947261E-01  7.892052795E-01  2.159455562E-01  7.840544493E-01  8.739004715E-03  3.159314799E-02 
        16  1.179999658E+00  1.300002449E+00  4.500000716E-01  2.919846278E+02  2.919846281E+02  2.532167481E-03  9.974678324E-01  2.618047965E-03  9.973819519E-01  1.044238877E-04  3.978172977E-02 
        17  2.090000552E+00  1.299991228E+00  2.640042717E+00  2.919999800E+02  2.919999864E+02  1.502214997E-04  9.998497710E-01  1.553286234E-04  9.998446639E-01  6.195144868E-06  3.987786087E-02 
        18  1.930000128E+00  1.300009553E+00  4.849983633E+00  2.919937670E+02  2.919937672E+02  1.070214678E-03  9.989298002E-01  1.106553851E-03  9.988934610E-01  4.413517929E-05  3.984077127E-02 
