nodenumber     x-coordinate     y-coordinate     z-coordinate      temperature total-temperature               n2              air         molef-n2        molef-air concentration-n2 concentration-air 
         1  1.180011401E+00  7.000440735E-01  4.499552279E-01  2.881782134E+02  2.881782135E+02  2.267076179E-01  7.732923803E-01  2.322921970E-01  7.677078011E-01  9.412579362E-03  3.100192107E-02 
         2  1.150002942E+00  1.299996259E+00  6.549998111E+00  2.919606314E+02  2.919606324E+02  4.173450202E-03  9.958265349E-01  4.314705691E-03  9.956852794E-01  1.721130551E-04  3.971731774E-02 
         3  2.599979183E-01  1.299834635E+00  4.769962194E+00  2.919588991E+02  2.919588994E+02  4.948116060E-03  9.950518681E-01  5.115489983E-03  9.948844942E-01  2.040564657E-04  3.968561094E-02 
         4  2.499957813E-01  1.300216226E+00  3.040010943E+00  2.919861225E+02  2.919861228E+02  2.374975458E-03  9.976250245E-01  2.455537448E-03  9.975444626E-01  9.794147974E-05  3.978800800E-02 
         5  1.179989316E+00  1.700000987E+00  4.500025386E-01  2.919804904E+02  2.919804905E+02  3.212469488E-03  9.967875075E-01  3.321347017E-03  9.966786299E-01  1.324776398E-04  3.975423938E-02 
         6  2.090000749E+00  1.699988964E+00  2.640041275E+00  2.919990701E+02  2.919990714E+02  2.858334349E-04  9.997141703E-01  2.955499948E-04  9.997044537E-01  1.178777821E-05  3.987239341E-02 
         7  1.929998960E+00  1.700096390E+00  4.850038151E+00  2.919934136E+02  2.919934140E+02  1.403002239E-03  9.985969996E-01  1.450632925E-03  9.985493689E-01  5.785864439E-05  3.982709503E-02 
         8  1.149997690E+00  1.699993700E+00  6.550001821E+00  2.919468782E+02  2.919468794E+02  5.379627933E-03  9.946203628E-01  5.561454945E-03  9.944385357E-01  2.218571961E-04  3.966945323E-02 
         9  2.599530306E-01  1.699784014E+00  4.769789816E+00  2.919537311E+02  2.919537316E+02  6.081999531E-03  9.939180026E-01  6.287515993E-03  9.937124861E-01  2.508114367E-04  3.963956345E-02 
        10  2.500325889E-01  1.700141952E+00  3.039603904E+00  2.919807440E+02  2.919807444E+02  3.298436784E-03  9.967015651E-01  3.410215758E-03  9.965897861E-01  1.360222740E-04  3.975066208E-02 
        11  2.090000512E+00  6.999920786E-01  2.640018387E+00  2.876060887E+02  2.876060896E+02  2.733394725E-01  7.266605424E-01  2.793296334E-01  7.206703815E-01  1.135972559E-02  2.913641441E-02 
        12  1.930000944E+00  7.000071781E-01  4.849993220E+00  2.889766043E+02  2.889766047E+02  1.795872637E-01  8.204127269E-01  1.842819537E-01  8.157180369E-01  7.447806556E-03  3.285477991E-02 
        13  1.149999460E+00  7.000041210E-01  6.549999896E+00  2.884591985E+02  2.884591992E+02  2.216659962E-01  7.783340112E-01  2.272574891E-01  7.727425183E-01  9.191681867E-03  3.118288593E-02 
        14  2.599937070E-01  6.999245510E-01  4.770022657E+00  2.887651561E+02  2.887651565E+02  2.060601168E-01  7.939398767E-01  2.112830462E-01  7.887169473E-01  8.543488542E-03  3.178868044E-02 
        15  2.500057384E-01  7.000450448E-01  3.040068823E+00  2.892449882E+02  2.892449887E+02  1.654691316E-01  8.345308740E-01  1.698730166E-01  8.301269890E-01  6.858446835E-03  3.340655662E-02 
        16  1.179999658E+00  1.300002449E+00  4.500000716E-01  2.919838552E+02  2.919838553E+02  2.693903031E-03  9.973060969E-01  2.785254146E-03  9.972147457E-01  1.110933797E-04  3.977516582E-02 
        17  2.090000552E+00  1.299991228E+00  2.640042717E+00  2.920000688E+02  2.920000752E+02  1.309418353E-04  9.998690507E-01  1.353935892E-04  9.998645990E-01  5.400052395E-06  3.987864383E-02 
        18  1.930000128E+00  1.300009553E+00  4.849983633E+00  2.919942333E+02  2.919942335E+02  1.186145002E-03  9.988138699E-01  1.226426920E-03  9.987735880E-01  4.891593641E-05  3.983592682E-02 
