nodenumber     x-coordinate     y-coordinate     z-coordinate      temperature total-temperature               n2              air         molef-n2        molef-air concentration-n2 concentration-air 
         1  1.180011401E+00  7.000440735E-01  4.499552279E-01  2.894444685E+02  2.894444687E+02  1.105523022E-01  8.894476959E-01  1.136602120E-01  8.863397862E-01  4.596099998E-03  3.564197582E-02 
         2  1.150002942E+00  1.299996259E+00  6.549998111E+00  2.919997542E+02  2.919997546E+02  1.083159087E-04  9.998916692E-01  1.119985211E-04  9.998879866E-01  4.466970129E-06  3.987961930E-02 
         3  2.599979183E-01  1.299834635E+00  4.769962194E+00  2.919827242E+02  2.919827245E+02  2.051800156E-03  9.979481840E-01  2.121405031E-03  9.978785791E-01  8.461596346E-05  3.980179650E-02 
         4  2.499957813E-01  1.300216226E+00  3.040010943E+00  2.919739449E+02  2.919739451E+02  3.212445437E-03  9.967875546E-01  3.321289017E-03  9.966787110E-01  1.324795497E-04  3.975513354E-02 
         5  1.179989316E+00  1.700000987E+00  4.500025386E-01  2.919944828E+02  2.919944829E+02  1.246490382E-03  9.987534866E-01  1.288822846E-03  9.987111541E-01  5.140445103E-05  3.983340119E-02 
         6  2.090000749E+00  1.699988964E+00  2.640041275E+00  2.920004493E+02  2.920004510E+02  3.389892508E-05  9.999661048E-01  3.505159688E-05  9.999649521E-01  1.397998196E-06  3.988259481E-02 
         7  1.929998960E+00  1.700096390E+00  4.850038151E+00  2.920005938E+02  2.920005941E+02  1.835677339E-05  9.999816451E-01  1.898097841E-05  9.999810209E-01  7.570368673E-07  3.988321588E-02 
         8  1.149997690E+00  1.699993700E+00  6.550001821E+00  2.919986079E+02  2.919986085E+02  1.982707420E-04  9.998017199E-01  2.050106357E-04  9.997949801E-01  8.176733373E-06  3.987606655E-02 
         9  2.599530306E-01  1.699784014E+00  4.769789816E+00  2.920001352E+02  2.920001356E+02  7.316969663E-05  9.999268324E-01  7.565755684E-05  9.999243445E-01  3.017531516E-06  3.988101804E-02 
        10  2.500325889E-01  1.700141952E+00  3.039603904E+00  2.919667416E+02  2.919667420E+02  5.020745892E-03  9.949792560E-01  5.190550621E-03  9.948094512E-01  2.070450581E-04  3.968155226E-02 
        11  2.090000512E+00  6.999920786E-01  2.640018387E+00  2.877698601E+02  2.877698609E+02  1.984758824E-01  8.015241325E-01  2.035308394E-01  7.964691755E-01  8.261776317E-03  3.221022781E-02 
        12  1.930000944E+00  7.000071781E-01  4.849993220E+00  2.887205733E+02  2.887205735E+02  1.698986162E-01  8.301013745E-01  1.742754197E-01  8.257245709E-01  7.062573892E-03  3.327672848E-02 
        13  1.149999460E+00  7.000041210E-01  6.549999896E+00  2.895240467E+02  2.895240473E+02  1.371042868E-01  8.628957207E-01  1.409014376E-01  8.590985699E-01  5.684564129E-03  3.454166841E-02 
        14  2.599937070E-01  6.999245510E-01  4.770022657E+00  2.885239434E+02  2.885239438E+02  1.624266840E-01  8.375733095E-01  1.668728907E-01  8.331271028E-01  6.750487004E-03  3.361520448E-02 
        15  2.500057384E-01  7.000450448E-01  3.040068823E+00  2.875006371E+02  2.875006373E+02  2.474316106E-01  7.525683950E-01  2.534205239E-01  7.465794817E-01  1.029151513E-02  3.021860341E-02 
        16  1.179999658E+00  1.300002449E+00  4.500000716E-01  2.919955103E+02  2.919955104E+02  1.088897023E-03  9.989111029E-01  1.125883314E-03  9.988741166E-01  4.490548424E-05  3.983976164E-02 
        17  2.090000552E+00  1.299991228E+00  2.640042717E+00  2.920007265E+02  2.920007345E+02  2.312777373E-05  9.999768648E-01  2.391420395E-05  9.999760783E-01  9.537933833E-07  3.988300026E-02 
        18  1.930000128E+00  1.300009553E+00  4.849983633E+00  2.920007370E+02  2.920007371E+02  4.732618763E-05  9.999526887E-01  4.893542880E-05  9.999510795E-01  1.951738487E-06  3.988200267E-02 
