nodenumber     x-coordinate     y-coordinate     z-coordinate      temperature total-temperature               n2              air         molef-n2        molef-air concentration-n2 concentration-air 
         1  1.180011401E+00  7.000440735E-01  4.499552279E-01  2.880139949E+02  2.880139950E+02  2.241725374E-01  7.758274608E-01  2.297170982E-01  7.702828999E-01  9.315042169E-03  3.112267652E-02 
         2  1.150002942E+00  1.299996259E+00  6.549998111E+00  2.919758217E+02  2.919758224E+02  2.996250712E-03  9.970037344E-01  3.097793202E-03  9.969021919E-01  1.235637833E-04  3.976379170E-02 
         3  2.599979183E-01  1.299834635E+00  4.769962194E+00  2.919525408E+02  2.919525411E+02  5.432641912E-03  9.945673423E-01  5.616300658E-03  9.943836835E-01  2.240390525E-04  3.966649710E-02 
         4  2.499957813E-01  1.300216226E+00  3.040010943E+00  2.919888469E+02  2.919888472E+02  1.961779403E-03  9.980382206E-01  2.028352777E-03  9.979716472E-01  8.090209402E-05  3.980467524E-02 
         5  1.179989316E+00  1.700000987E+00  4.500025386E-01  2.919890026E+02  2.919890028E+02  2.109743026E-03  9.978902339E-01  2.181326725E-03  9.978186502E-01  8.700348196E-05  3.979855074E-02 
         6  2.090000749E+00  1.699988964E+00  2.640041275E+00  2.919977061E+02  2.919977074E+02  4.962258925E-04  9.995037778E-01  5.130910622E-04  9.994869127E-01  2.046432287E-05  3.986390317E-02 
         7  1.929998960E+00  1.700096390E+00  4.850038151E+00  2.920006221E+02  2.920006225E+02  1.090891696E-05  9.999890929E-01  1.127986550E-05  9.999887220E-01  4.498857598E-07  3.988351916E-02 
         8  1.149997690E+00  1.699993700E+00  6.550001821E+00  2.919623943E+02  2.919623952E+02  4.659776838E-03  9.953402138E-01  4.817428181E-03  9.951825625E-01  1.921646858E-04  3.969702568E-02 
         9  2.599530306E-01  1.699784014E+00  4.769789816E+00  2.919487857E+02  2.919487864E+02  6.143025042E-03  9.938569771E-01  6.350584821E-03  9.936494173E-01  2.533318166E-04  3.963771879E-02 
        10  2.500325889E-01  1.700141952E+00  3.039603904E+00  2.919817026E+02  2.919817032E+02  3.175767551E-03  9.968242343E-01  3.283400833E-03  9.967166010E-01  1.309636854E-04  3.975558973E-02 
        11  2.090000512E+00  6.999920786E-01  2.640018387E+00  2.880379171E+02  2.880379180E+02  2.461308582E-01  7.538691567E-01  2.518794024E-01  7.481206125E-01  1.021928467E-02  3.021538716E-02 
        12  1.930000944E+00  7.000071781E-01  4.849993220E+00  2.890082784E+02  2.890082788E+02  1.774208996E-01  8.225790910E-01  1.820602421E-01  8.179397485E-01  7.358029090E-03  3.294016727E-02 
        13  1.149999460E+00  7.000041210E-01  6.549999896E+00  2.890768101E+02  2.890768106E+02  1.758922879E-01  8.241077196E-01  1.804692615E-01  8.195307460E-01  7.293632786E-03  3.299505325E-02 
        14  2.599937070E-01  6.999245510E-01  4.770022657E+00  2.885194520E+02  2.885194522E+02  2.158533225E-01  7.841466710E-01  2.212475850E-01  7.787524085E-01  8.954949132E-03  3.141171701E-02 
        15  2.500057384E-01  7.000450448E-01  3.040068823E+00  2.892260849E+02  2.892260856E+02  1.629881835E-01  8.370118220E-01  1.672873268E-01  8.327126788E-01  6.758696660E-03  3.350918937E-02 
        16  1.179999658E+00  1.300002449E+00  4.500000716E-01  2.919892301E+02  2.919892302E+02  1.979957242E-03  9.980200426E-01  2.047147752E-03  9.979528521E-01  8.165157700E-05  3.980387339E-02 
        17  2.090000552E+00  1.299991228E+00  2.640042717E+00  2.919993402E+02  2.919993475E+02  2.389962829E-04  9.997609963E-01  2.471207941E-04  9.997528718E-01  9.856216731E-06  3.987428718E-02 
        18  1.930000128E+00  1.300009553E+00  4.849983633E+00  2.920007760E+02  2.920007761E+02  5.724450008E-05  9.999427704E-01  5.919097093E-05  9.999408239E-01  2.360769731E-06  3.988158831E-02 
