nodenumber     x-coordinate     y-coordinate     z-coordinate      temperature total-temperature               n2              air         molef-n2        molef-air concentration-n2 concentration-air 
         1  1.180011401E+00  7.000440735E-01  4.499552279E-01  2.901941569E+02  2.901941571E+02  5.573749123E-02  9.442625069E-01  5.744628478E-02  9.425537134E-01  2.315575523E-03  3.781775559E-02 
         2  1.150002942E+00  1.299996259E+00  6.549998111E+00  2.920007204E+02  2.920007207E+02  9.972018039E-06  9.999900131E-01  1.031111236E-05  9.999896740E-01  4.112480816E-07  3.988354304E-02 
         3  2.599979183E-01  1.299834635E+00  4.769962194E+00  2.919981283E+02  2.919981284E+02  2.342247557E-04  9.997657594E-01  2.421871789E-04  9.997577970E-01  9.659490396E-06  3.987464878E-02 
         4  2.499957813E-01  1.300216226E+00  3.040010943E+00  2.919983327E+02  2.919983329E+02  7.466286428E-04  9.992533714E-01  7.719979334E-04  9.992280021E-01  3.079058944E-05  3.985349103E-02 
         5  1.179989316E+00  1.700000987E+00  4.500025386E-01  2.920002456E+02  2.920002459E+02  1.346477333E-04  9.998653292E-01  1.392257547E-04  9.998607512E-01  5.552883389E-06  3.987846560E-02 
         6  2.090000749E+00  1.699988964E+00  2.640041275E+00  2.920005055E+02  2.920005069E+02  1.566885262E-05  9.999843349E-01  1.620166478E-05  9.999838021E-01  6.461870051E-07  3.988333894E-02 
         7  1.929998960E+00  1.700096390E+00  4.850038151E+00  2.920006250E+02  2.920006252E+02  6.088125006E-07  9.999993931E-01  6.295152391E-07  9.999993723E-01  2.510756409E-08  3.988394355E-02 
         8  1.149997690E+00  1.699993700E+00  6.550001821E+00  2.920003785E+02  2.920003790E+02  1.904291320E-05  9.999809478E-01  1.969044557E-05  9.999803002E-01  7.853344191E-07  3.988321610E-02 
         9  2.599530306E-01  1.699784014E+00  4.769789816E+00  2.920005865E+02  2.920005868E+02  3.730048054E-06  9.999962720E-01  3.856888333E-06  9.999961452E-01  1.538280335E-07  3.988382011E-02 
        10  2.500325889E-01  1.700141952E+00  3.039603904E+00  2.919993154E+02  2.919993157E+02  4.946071526E-04  9.995053947E-01  5.114151377E-04  9.994885867E-01  2.039737899E-05  3.986375015E-02 
        11  2.090000512E+00  6.999920786E-01  2.640018387E+00  2.896732537E+02  2.896732546E+02  7.686527288E-02  9.231347420E-01  7.920639087E-02  9.207936240E-01  3.192031072E-03  3.701316363E-02 
        12  1.930000944E+00  7.000071781E-01  4.849993220E+00  2.900978907E+02  2.900978911E+02  6.652645440E-02  9.334735363E-01  6.853658330E-02  9.314634074E-01  2.762834644E-03  3.738383856E-02 
        13  1.149999460E+00  7.000041210E-01  6.549999896E+00  2.905950760E+02  2.905950767E+02  5.117424552E-02  9.488257619E-01  5.276273488E-02  9.472372726E-01  2.120952918E-03  3.795648348E-02 
        14  2.599937070E-01  6.999245510E-01  4.770022657E+00  2.904863520E+02  2.904863524E+02  5.117298797E-02  9.488270055E-01  5.278756399E-02  9.472124295E-01  2.120838803E-03  3.797152669E-02 
        15  2.500057384E-01  7.000450448E-01  3.040068823E+00  2.898969405E+02  2.898969408E+02  9.313820550E-02  9.068618001E-01  9.586624721E-02  9.041337584E-01  3.864136893E-03  3.631027323E-02 
        16  1.179999658E+00  1.300002449E+00  4.500000716E-01  2.920002151E+02  2.920002152E+02  1.980311114E-04  9.998019688E-01  2.047637680E-04  9.997952361E-01  8.166803915E-06  3.987585768E-02 
        17  2.090000552E+00  1.299991228E+00  2.640042717E+00  2.920008099E+02  2.920008174E+02  6.187534827E-06  9.999938050E-01  6.397940747E-06  9.999935946E-01  2.551751439E-07  3.988368748E-02 
        18  1.930000128E+00  1.300009553E+00  4.849983633E+00  2.920007610E+02  2.920007611E+02  1.277910462E-05  9.999872358E-01  1.321365294E-05  9.999868012E-01  5.270127244E-07  3.988342410E-02 
