nodenumber     x-coordinate     y-coordinate     z-coordinate      temperature total-temperature               n2              air         molef-n2        molef-air concentration-n2 concentration-air 
         1  1.180011401E+00  7.000440735E-01  4.499552279E-01  2.882755053E+02  2.882755055E+02  2.106460266E-01  7.893539715E-01  2.159063595E-01  7.840936387E-01  8.750718942E-03  3.165043495E-02 
         2  1.150002942E+00  1.299996259E+00  6.549998111E+00  2.919788553E+02  2.919788560E+02  2.564326196E-03  9.974356589E-01  2.651263016E-03  9.973487221E-01  1.057518839E-04  3.978118919E-02 
         3  2.599979183E-01  1.299834635E+00  4.769962194E+00  2.919615977E+02  2.919615982E+02  4.392200679E-03  9.956077835E-01  4.540866318E-03  9.954591178E-01  1.811326628E-04  3.970816601E-02 
         4  2.499957813E-01  1.300216226E+00  3.040010943E+00  2.919877887E+02  2.919877891E+02  2.090282751E-03  9.979097172E-01  2.161206759E-03  9.978387932E-01  8.620140185E-05  3.979952048E-02 
         5  1.179989316E+00  1.700000987E+00  4.500025386E-01  2.919886667E+02  2.919886669E+02  2.138862214E-03  9.978611147E-01  2.211431702E-03  9.977885452E-01  8.820433652E-05  3.979739577E-02 
         6  2.090000749E+00  1.699988964E+00  2.640041275E+00  2.919995278E+02  2.919995293E+02  2.261133263E-04  9.997738904E-01  2.338002323E-04  9.997662035E-01  9.324922865E-06  3.987479374E-02 
         7  1.929998960E+00  1.700096390E+00  4.850038151E+00  2.920005983E+02  2.920005987E+02  1.079914403E-05  9.999892027E-01  1.116636191E-05  9.999888355E-01  4.453588920E-07  3.988352694E-02 
         8  1.149997690E+00  1.699993700E+00  6.550001821E+00  2.919647648E+02  2.919647657E+02  4.294161492E-03  9.957058292E-01  4.439487783E-03  9.955605029E-01  1.770877808E-04  3.971177873E-02 
         9  2.599530306E-01  1.699784014E+00  4.769789816E+00  2.919515570E+02  2.919515578E+02  5.718172958E-03  9.942818291E-01  5.911459818E-03  9.940885423E-01  2.358125360E-04  3.965485941E-02 
        10  2.500325889E-01  1.700141952E+00  3.039603904E+00  2.919873056E+02  2.919873062E+02  2.482016819E-03  9.975179850E-01  2.566201134E-03  9.974338007E-01  1.023549677E-04  3.978343305E-02 
        11  2.090000512E+00  6.999920786E-01  2.640018387E+00  2.872740333E+02  2.872740342E+02  2.912873759E-01  7.087126390E-01  2.976680809E-01  7.023319340E-01  1.210836639E-02  2.843423153E-02 
        12  1.930000944E+00  7.000071781E-01  4.849993220E+00  2.883406871E+02  2.883406876E+02  2.152878792E-01  7.847121114E-01  2.207680121E-01  7.792319785E-01  8.933892802E-03  3.145736680E-02 
        13  1.149999460E+00  7.000041210E-01  6.549999896E+00  2.892043874E+02  2.892043879E+02  1.698865597E-01  8.301134478E-01  1.743840413E-01  8.256159662E-01  7.041788137E-03  3.322892958E-02 
        14  2.599937070E-01  6.999245510E-01  4.770022657E+00  2.887373291E+02  2.887373295E+02  1.987944996E-01  8.012054939E-01  2.039561959E-01  7.960437976E-01  8.244327619E-03  3.209157107E-02 
        15  2.500057384E-01  7.000450448E-01  3.040068823E+00  2.891559333E+02  2.891559340E+02  1.634432806E-01  8.365567250E-01  1.678211189E-01  8.321788867E-01  6.777820853E-03  3.349966025E-02 
        16  1.179999658E+00  1.300002449E+00  4.500000716E-01  2.919876751E+02  2.919876752E+02  2.184503669E-03  9.978154962E-01  2.258619750E-03  9.977413801E-01  9.008673124E-05  3.979565066E-02 
        17  2.090000552E+00  1.299991228E+00  2.640042717E+00  2.920001794E+02  2.920001869E+02  1.195308097E-04  9.998804617E-01  1.235946984E-04  9.998763979E-01  4.929461085E-06  3.987909931E-02 
        18  1.930000128E+00  1.300009553E+00  4.849983633E+00  2.920006743E+02  2.920006744E+02  6.977094509E-05  9.999302440E-01  7.214331253E-05  9.999278716E-01  2.877361528E-06  3.988108560E-02 
