nodenumber     x-coordinate     y-coordinate     z-coordinate      temperature total-temperature               n2              air         molef-n2        molef-air concentration-n2 concentration-air 
         1  1.180011401E+00  7.000440735E-01  4.499552279E-01  2.904096058E+02  2.904096061E+02  4.192274514E-02  9.580772530E-01  4.325273182E-02  9.567472663E-01  1.739944474E-03  3.836322922E-02 
         2  1.150002942E+00  1.299996259E+00  6.549998111E+00  2.920007194E+02  2.920007198E+02  7.699429316E-06  9.999922857E-01  7.961246322E-06  9.999920239E-01  3.175260974E-07  3.988363689E-02 
         3  2.599979183E-01  1.299834635E+00  4.769962194E+00  2.919987987E+02  2.919987988E+02  1.294264720E-04  9.998705577E-01  1.338269287E-04  9.998661572E-01  5.337589949E-06  3.987887911E-02 
         4  2.499957813E-01  1.300216226E+00  3.040010943E+00  2.919954104E+02  2.919954107E+02  1.148156071E-03  9.988518439E-01  1.187150772E-03  9.988128492E-01  4.734918115E-05  3.983733159E-02 
         5  1.179989316E+00  1.700000987E+00  4.500025386E-01  2.920004153E+02  2.920004155E+02  5.873039602E-05  9.999412466E-01  6.072737092E-05  9.999392496E-01  2.422050779E-06  3.988157326E-02 
         6  2.090000749E+00  1.699988964E+00  2.640041275E+00  2.920003202E+02  2.920003216E+02  1.524685914E-05  9.999847569E-01  1.576532116E-05  9.999842384E-01  6.287844061E-07  3.988338165E-02 
         7  1.929998960E+00  1.700096390E+00  4.850038151E+00  2.920006255E+02  2.920006257E+02  1.981939464E-08  9.999999820E-01  2.049335682E-08  9.999999814E-01  8.173563101E-10  3.988396777E-02 
         8  1.149997690E+00  1.699993700E+00  6.550001821E+00  2.920004105E+02  2.920004110E+02  1.254144915E-05  9.999874492E-01  1.296791208E-05  9.999870228E-01  5.172125686E-07  3.988347985E-02 
         9  2.599530306E-01  1.699784014E+00  4.769789816E+00  2.920005886E+02  2.920005889E+02  2.747503182E-06  9.999972546E-01  2.840932177E-06  9.999971612E-01  1.133076634E-07  3.988386034E-02 
        10  2.500325889E-01  1.700141952E+00  3.039603904E+00  2.919990878E+02  2.919990880E+02  3.043815838E-04  9.996956203E-01  3.147258715E-04  9.996852760E-01  1.255264533E-05  3.987162598E-02 
        11  2.090000512E+00  6.999920786E-01  2.640018387E+00  2.900729466E+02  2.900729474E+02  5.827499887E-02  9.417250160E-01  6.009045196E-02  9.399095629E-01  2.417535401E-03  3.773198688E-02 
        12  1.930000944E+00  7.000071781E-01  4.849993220E+00  2.908755260E+02  2.908755267E+02  3.156247474E-02  9.684375160E-01  3.256020054E-02  9.674397901E-01  1.309466532E-03  3.872945006E-02 
        13  1.149999460E+00  7.000041210E-01  6.549999896E+00  2.909365006E+02  2.909365011E+02  3.756733270E-02  9.624326748E-01  3.875202706E-02  9.612479804E-01  1.556087639E-03  3.847420499E-02 
        14  2.599937070E-01  6.999245510E-01  4.770022657E+00  2.910898663E+02  2.910898666E+02  2.663709860E-02  9.733628949E-01  2.750577300E-02  9.724942205E-01  1.102380294E-03  3.890661994E-02 
        15  2.500057384E-01  7.000450448E-01  3.040068823E+00  2.902418202E+02  2.902418203E+02  6.998919551E-02  9.300108101E-01  7.214693979E-02  9.278530658E-01  2.901109471E-03  3.722517657E-02 
        16  1.179999658E+00  1.300002449E+00  4.500000716E-01  2.920001337E+02  2.920001338E+02  1.605762312E-04  9.998394237E-01  1.660356962E-04  9.998339642E-01  6.622174643E-06  3.987741344E-02 
        17  2.090000552E+00  1.299991228E+00  2.640042717E+00  2.920007488E+02  2.920007561E+02  5.165220466E-06  9.999948273E-01  5.340862948E-06  9.999946517E-01  2.130147963E-07  3.988373798E-02 
        18  1.930000128E+00  1.300009553E+00  4.849983633E+00  2.920007178E+02  2.920007179E+02  8.827474216E-06  9.999911874E-01  9.127649795E-06  9.999908873E-01  3.640468678E-07  3.988359298E-02 
