nodenumber     x-coordinate     y-coordinate     z-coordinate      temperature total-temperature               n2              air         molef-n2        molef-air concentration-n2 concentration-air 
         1  1.180011401E+00  7.000440735E-01  4.499552279E-01  2.883563654E+02  2.883563654E+02  1.978684013E-01  8.021315968E-01  2.028372176E-01  7.971627806E-01  8.223597258E-03  3.216643370E-02 
         2  1.150002942E+00  1.299996259E+00  6.549998111E+00  2.919858584E+02  2.919858593E+02  1.556022965E-03  9.984439621E-01  1.608826115E-03  9.983911590E-01  6.417055099E-05  3.982181384E-02 
         3  2.599979183E-01  1.299834635E+00  4.769962194E+00  2.919543302E+02  2.919543308E+02  4.891137376E-03  9.951088468E-01  5.056556151E-03  9.949434280E-01  2.017104737E-04  3.968858123E-02 
         4  2.499957813E-01  1.300216226E+00  3.040010943E+00  2.919835457E+02  2.919835460E+02  2.603467734E-03  9.973965323E-01  2.691756104E-03  9.973082439E-01  1.073643772E-04  3.977893712E-02 
         5  1.179989316E+00  1.700000987E+00  4.500025386E-01  2.919853423E+02  2.919853427E+02  2.604091567E-03  9.973958854E-01  2.692402855E-03  9.973075741E-01  1.073894046E-04  3.977866482E-02 
         6  2.090000749E+00  1.699988964E+00  2.640041275E+00  2.920002656E+02  2.920002670E+02  1.530353583E-04  9.998469684E-01  1.582384696E-04  9.998417653E-01  6.311186592E-06  3.987770671E-02 
         7  1.929998960E+00  1.700096390E+00  4.850038151E+00  2.919990799E+02  2.919990803E+02  3.433373183E-04  9.996566645E-01  3.550074665E-04  9.996449944E-01  1.415919903E-05  3.987002051E-02 
         8  1.149997690E+00  1.699993700E+00  6.550001821E+00  2.919816675E+02  2.919816688E+02  1.972143577E-03  9.980278471E-01  2.039022247E-03  9.979609684E-01  8.133138369E-05  3.980522598E-02 
         9  2.599530306E-01  1.699784014E+00  4.769789816E+00  2.919523692E+02  2.919523699E+02  5.248859454E-03  9.947511426E-01  5.426364328E-03  9.945736378E-01  2.164613777E-04  3.967409961E-02 
        10  2.500325889E-01  1.700141952E+00  3.039603904E+00  2.919824379E+02  2.919824384E+02  3.050314791E-03  9.969496871E-01  3.153712787E-03  9.968462891E-01  1.257904620E-04  3.976066250E-02 
        11  2.090000512E+00  6.999920786E-01  2.640018387E+00  2.880799915E+02  2.880799923E+02  2.299820909E-01  7.700179240E-01  2.353828118E-01  7.646172031E-01  9.556101465E-03  3.087301599E-02 
        12  1.930000944E+00  7.000071781E-01  4.849993220E+00  2.892309522E+02  2.892309527E+02  1.674818857E-01  8.325181050E-01  1.718574244E-01  8.281425663E-01  6.944261933E-03  3.332303533E-02 
        13  1.149999460E+00  7.000041210E-01  6.549999896E+00  2.887138270E+02  2.887138276E+02  2.021499167E-01  7.978500907E-01  2.073527368E-01  7.926472706E-01  8.382171102E-03  3.195690896E-02 
        14  2.599937070E-01  6.999245510E-01  4.770022657E+00  2.888897524E+02  2.888897530E+02  1.961678092E-01  8.038321843E-01  2.012929968E-01  7.987069967E-01  8.130319339E-03  3.218409181E-02 
        15  2.500057384E-01  7.000450448E-01  3.040068823E+00  2.884328949E+02  2.884328955E+02  2.297175501E-01  7.702824555E-01  2.351844893E-01  7.648155163E-01  9.529417398E-03  3.084967262E-02 
        16  1.179999658E+00  1.300002449E+00  4.500000716E-01  2.919863275E+02  2.919863278E+02  2.438469670E-03  9.975615302E-01  2.521180829E-03  9.974788191E-01  1.005596320E-04  3.978536184E-02 
        17  2.090000552E+00  1.299991228E+00  2.640042717E+00  2.920007036E+02  2.920007103E+02  6.036170698E-05  9.999396308E-01  6.241413176E-05  9.999375784E-01  2.489323271E-06  3.988146786E-02 
        18  1.930000128E+00  1.300009553E+00  4.849983633E+00  2.919987412E+02  2.919987414E+02  4.150673203E-04  9.995849476E-01  4.291751048E-04  9.995708398E-01  1.711732905E-05  3.986710967E-02 
