nodenumber     x-coordinate     y-coordinate     z-coordinate      temperature total-temperature               n2              air         molef-n2        molef-air concentration-n2 concentration-air 
         1  1.180011401E+00  7.000440735E-01  4.499552279E-01  2.885648036E+02  2.885648038E+02  1.588507054E-01  8.411492927E-01  1.630715135E-01  8.369284846E-01  6.609842224E-03  3.375117776E-02 
         2  1.150002942E+00  1.299996259E+00  6.549998111E+00  2.919998313E+02  2.919998317E+02  1.050884763E-04  9.998948966E-01  1.086613431E-04  9.998913238E-01  4.333869021E-06  3.987974186E-02 
         3  2.599979183E-01  1.299834635E+00  4.769962194E+00  2.919738099E+02  2.919738101E+02  3.512288490E-03  9.964876957E-01  3.631283321E-03  9.963687008E-01  1.448435472E-04  3.974278668E-02 
         4  2.499957813E-01  1.300216226E+00  3.040010943E+00  2.919821037E+02  2.919821039E+02  2.400212964E-03  9.975997870E-01  2.481620181E-03  9.975183798E-01  9.898348043E-05  3.978751500E-02 
         5  1.179989316E+00  1.700000987E+00  4.500025386E-01  2.919950777E+02  2.919950779E+02  1.050118685E-03  9.989498583E-01  1.085788934E-03  9.989141880E-01  4.330640333E-05  3.984141797E-02 
         6  2.090000749E+00  1.699988964E+00  2.640041275E+00  2.920002576E+02  2.920002591E+02  7.818041553E-05  9.999218233E-01  8.083869352E-05  9.999191650E-01  3.224172809E-06  3.988079482E-02 
         7  1.929998960E+00  1.700096390E+00  4.850038151E+00  2.920006192E+02  2.920006196E+02  1.151144967E-05  9.999884904E-01  1.190288919E-05  9.999880990E-01  4.747344490E-07  3.988349472E-02 
         8  1.149997690E+00  1.699993700E+00  6.550001821E+00  2.919977800E+02  2.919977807E+02  2.886108726E-04  9.997113798E-01  2.984202055E-04  9.997015705E-01  1.190237683E-05  3.987245398E-02 
         9  2.599530306E-01  1.699784014E+00  4.769789816E+00  2.919726755E+02  2.919726761E+02  4.042684909E-03  9.959573172E-01  4.179490073E-03  9.958205120E-01  1.667134138E-04  3.972107328E-02 
        10  2.500325889E-01  1.700141952E+00  3.039603904E+00  2.919764753E+02  2.919764757E+02  3.707829142E-03  9.962921727E-01  3.833417078E-03  9.961665848E-01  1.529049339E-04  3.973436259E-02 
        11  2.090000512E+00  6.999920786E-01  2.640018387E+00  2.880614290E+02  2.880614298E+02  1.942588946E-01  8.057411203E-01  1.992887897E-01  8.007112252E-01  8.077464577E-03  3.235328362E-02 
        12  1.930000944E+00  7.000071781E-01  4.849993220E+00  2.884187957E+02  2.884187960E+02  1.921561426E-01  8.078438480E-01  1.969225453E-01  8.030774454E-01  7.990558536E-03  3.239127927E-02 
        13  1.149999460E+00  7.000041210E-01  6.549999896E+00  2.891237623E+02  2.891237629E+02  1.664640121E-01  8.335359954E-01  1.708894425E-01  8.291105650E-01  6.904440269E-03  3.337770109E-02 
        14  2.599937070E-01  6.999245510E-01  4.770022657E+00  2.890252424E+02  2.890252428E+02  1.516176266E-01  8.483823669E-01  1.558003106E-01  8.441996829E-01  6.292823005E-03  3.400278947E-02 
        15  2.500057384E-01  7.000450448E-01  3.040068823E+00  2.878237817E+02  2.878237820E+02  2.315959173E-01  7.684040883E-01  2.372565140E-01  7.627434916E-01  9.629183107E-03  3.083556928E-02 
        16  1.179999658E+00  1.300002449E+00  4.500000716E-01  2.919972802E+02  2.919972804E+02  6.704835133E-04  9.993295164E-01  6.932672541E-04  9.993067326E-01  2.765057445E-05  3.985677479E-02 
        17  2.090000552E+00  1.299991228E+00  2.640042717E+00  2.920006665E+02  2.920006739E+02  3.701937548E-05  9.999629732E-01  3.827814776E-05  9.999617144E-01  1.526684799E-06  3.988243556E-02 
        18  1.930000128E+00  1.300009553E+00  4.849983633E+00  2.920008018E+02  2.920008020E+02  4.419767541E-05  9.999558172E-01  4.570053745E-05  9.999543144E-01  1.822717774E-06  3.988212282E-02 
