nodenumber     x-coordinate     y-coordinate     z-coordinate      temperature total-temperature               n2              air         molef-n2        molef-air concentration-n2 concentration-air 
         1  1.180011401E+00  7.000440735E-01  4.499552279E-01  2.877708157E+02  2.877708159E+02  2.368911359E-01  7.631088622E-01  2.425989501E-01  7.574010480E-01  9.849989139E-03  3.062232697E-02 
         2  1.150002942E+00  1.299996259E+00  6.549998111E+00  2.919960345E+02  2.919960351E+02  4.874728872E-04  9.995125122E-01  5.040373004E-04  9.994959478E-01  2.010347435E-05  3.986449087E-02 
         3  2.599979183E-01  1.299834635E+00  4.769962194E+00  2.919742177E+02  2.919742179E+02  3.672163524E-03  9.963278206E-01  3.796558842E-03  9.962034253E-01  1.514356717E-04  3.973613885E-02 
         4  2.499957813E-01  1.300216226E+00  3.040010943E+00  2.919789888E+02  2.919789891E+02  2.987656225E-03  9.970123438E-01  3.088922570E-03  9.969110774E-01  1.232081627E-04  3.976371584E-02 
         5  1.179989316E+00  1.700000987E+00  4.500025386E-01  2.919892525E+02  2.919892527E+02  2.028483469E-03  9.979714935E-01  2.097317257E-03  9.979026597E-01  8.365260369E-05  3.980186748E-02 
         6  2.090000749E+00  1.699988964E+00  2.640041275E+00  2.919999140E+02  2.919999156E+02  1.431265563E-04  9.998568772E-01  1.479927334E-04  9.998520110E-01  5.902554551E-06  3.987816336E-02 
         7  1.929998960E+00  1.700096390E+00  4.850038151E+00  2.920006188E+02  2.920006192E+02  1.679125589E-05  9.999832106E-01  1.736221754E-05  9.999826396E-01  6.924741349E-07  3.988327703E-02 
         8  1.149997690E+00  1.699993700E+00  6.550001821E+00  2.919939447E+02  2.919939456E+02  6.716525580E-04  9.993283381E-01  6.944685338E-04  9.993055222E-01  2.769910029E-05  3.985718115E-02 
         9  2.599530306E-01  1.699784014E+00  4.769789816E+00  2.919698849E+02  2.919698853E+02  4.649851211E-03  9.953501509E-01  4.807209487E-03  9.951927926E-01  1.917507922E-04  3.969641707E-02 
        10  2.500325889E-01  1.700141952E+00  3.039603904E+00  2.919722351E+02  2.919722355E+02  4.397758098E-03  9.956022438E-01  4.546588699E-03  9.954534132E-01  1.813546789E-04  3.970649212E-02 
        11  2.090000512E+00  6.999920786E-01  2.640018387E+00  2.877006983E+02  2.877006996E+02  2.273267446E-01  7.726732703E-01  2.328167548E-01  7.671832601E-01  9.456472855E-03  3.102556748E-02 
        12  1.930000944E+00  7.000071781E-01  4.849993220E+00  2.883964453E+02  2.883964459E+02  1.952746408E-01  8.047253499E-01  2.002258892E-01  7.997741015E-01  8.114530614E-03  3.226975530E-02 
        13  1.149999460E+00  7.000041210E-01  6.549999896E+00  2.894474281E+02  2.894474286E+02  1.573715030E-01  8.426285044E-01  1.616545613E-01  8.383454461E-01  6.519430469E-03  3.371727021E-02 
        14  2.599937070E-01  6.999245510E-01  4.770022657E+00  2.893726284E+02  2.893726287E+02  1.463967565E-01  8.536032370E-01  1.504393319E-01  8.495606615E-01  6.069502757E-03  3.417764892E-02 
        15  2.500057384E-01  7.000450448E-01  3.040068823E+00  2.879661441E+02  2.879661443E+02  2.451302027E-01  7.548698029E-01  2.510157089E-01  7.489842967E-01  1.018066792E-02  3.026398417E-02 
        16  1.179999658E+00  1.300002449E+00  4.500000716E-01  2.919930423E+02  2.919930425E+02  1.434375180E-03  9.985656247E-01  1.483078696E-03  9.985169212E-01  5.915260879E-05  3.982585163E-02 
        17  2.090000552E+00  1.299991228E+00  2.640042717E+00  2.920004531E+02  2.920004608E+02  6.942325865E-05  9.999305693E-01  7.178374285E-05  9.999282088E-01  2.863024413E-06  3.988112837E-02 
        18  1.930000128E+00  1.300009553E+00  4.849983633E+00  2.920007804E+02  2.920007806E+02  7.970867948E-05  9.999203062E-01  8.241891469E-05  9.999175960E-01  3.287191869E-06  3.988066128E-02 
