nodenumber     x-coordinate     y-coordinate     z-coordinate      temperature total-temperature               n2              air         molef-n2        molef-air concentration-n2 concentration-air 
         1  1.180011401E+00  7.000440735E-01  4.499552279E-01  2.878403966E+02  2.878403968E+02  2.172268495E-01  7.827731486E-01  2.226211708E-01  7.773788274E-01  9.036859145E-03  3.142556549E-02 
         2  1.150002942E+00  1.299996259E+00  6.549998111E+00  2.919888283E+02  2.919888291E+02  1.256020385E-03  9.987439647E-01  1.298660925E-03  9.987013242E-01  5.179841772E-05  3.983378028E-02 
         3  2.599979183E-01  1.299834635E+00  4.769962194E+00  2.919704846E+02  2.919704850E+02  3.749414682E-03  9.962505695E-01  3.876413542E-03  9.961235706E-01  1.546230389E-04  3.973346149E-02 
         4  2.499957813E-01  1.300216226E+00  3.040010943E+00  2.919831769E+02  2.919831773E+02  2.919998593E-03  9.970800014E-01  3.018988146E-03  9.969810119E-01  1.204166081E-04  3.976593526E-02 
         5  1.179989316E+00  1.700000987E+00  4.500025386E-01  2.919795773E+02  2.919795773E+02  3.553588468E-03  9.964463885E-01  3.673984131E-03  9.963259928E-01  1.465436467E-04  3.974029811E-02 
         6  2.090000749E+00  1.699988964E+00  2.640041275E+00  2.920002672E+02  2.920002689E+02  8.730247716E-05  9.999127012E-01  9.027089276E-05  9.999097328E-01  3.600366767E-06  3.988041731E-02 
         7  1.929998960E+00  1.700096390E+00  4.850038151E+00  2.920006340E+02  2.920006344E+02  1.215412588E-05  9.999878477E-01  1.256741609E-05  9.999874344E-01  5.012383422E-07  3.988346619E-02 
         8  1.149997690E+00  1.699993700E+00  6.550001821E+00  2.919879608E+02  2.919879619E+02  1.373565240E-03  9.986264254E-01  1.420185999E-03  9.985798047E-01  5.664588308E-05  3.982905176E-02 
         9  2.599530306E-01  1.699784014E+00  4.769789816E+00  2.919634785E+02  2.919634792E+02  4.988777981E-03  9.950112241E-01  5.157543527E-03  9.948424586E-01  2.057296194E-04  3.968331350E-02 
        10  2.500325889E-01  1.700141952E+00  3.039603904E+00  2.919741703E+02  2.919741706E+02  4.408659330E-03  9.955913425E-01  4.557887180E-03  9.954421147E-01  1.818032758E-04  3.970577913E-02 
        11  2.090000512E+00  6.999920786E-01  2.640018387E+00  2.879239849E+02  2.879239856E+02  2.270118813E-01  7.729881336E-01  2.324849329E-01  7.675150820E-01  9.435279206E-03  3.101528258E-02 
        12  1.930000944E+00  7.000071781E-01  4.849993220E+00  2.888925968E+02  2.888925970E+02  1.862482252E-01  8.137517655E-01  1.908634374E-01  8.091365533E-01  7.730343577E-03  3.258478356E-02 
        13  1.149999460E+00  7.000041210E-01  6.549999896E+00  2.885314756E+02  2.885314761E+02  2.046116813E-01  7.953883261E-01  2.097718051E-01  7.902282024E-01  8.492166316E-03  3.187284359E-02 
        14  2.599937070E-01  6.999245510E-01  4.770022657E+00  2.889616421E+02  2.889616425E+02  1.715887553E-01  8.284112382E-01  1.761961516E-01  8.238038418E-01  7.117098120E-03  3.318733506E-02 
        15  2.500057384E-01  7.000450448E-01  3.040068823E+00  2.878813461E+02  2.878813464E+02  2.820545436E-01  7.179454620E-01  2.883375597E-01  7.116624459E-01  1.170088671E-02  2.875575684E-02 
        16  1.179999658E+00  1.300002449E+00  4.500000716E-01  2.919838642E+02  2.919838643E+02  2.917826314E-03  9.970821736E-01  3.016747598E-03  9.969832523E-01  1.203267878E-04  3.976593118E-02 
        17  2.090000552E+00  1.299991228E+00  2.640042717E+00  2.920006397E+02  2.920006472E+02  4.703223146E-05  9.999529603E-01  4.863144733E-05  9.999513611E-01  1.939615906E-06  3.988202629E-02 
        18  1.930000128E+00  1.300009553E+00  4.849983633E+00  2.920008459E+02  2.920008461E+02  6.994977814E-05  9.999300651E-01  7.232821947E-05  9.999276867E-01  2.884734291E-06  3.988105479E-02 
