nodenumber     x-coordinate     y-coordinate     z-coordinate      temperature total-temperature               n2              air         molef-n2        molef-air concentration-n2 concentration-air 
         1  1.180011401E+00  7.000440735E-01  4.499552279E-01  2.882207841E+02  2.882207843E+02  2.150659742E-01  7.849340239E-01  2.203228774E-01  7.796771207E-01  8.936560187E-03  3.147255112E-02 
         2  1.150002942E+00  1.299996259E+00  6.549998111E+00  2.919506977E+02  2.919506983E+02  5.618027015E-03  9.943819581E-01  5.807940508E-03  9.941920446E-01  2.316839791E-04  3.965910403E-02 
         3  2.599979183E-01  1.299834635E+00  4.769962194E+00  2.919617028E+02  2.919617031E+02  4.689677148E-03  9.953103070E-01  4.848363763E-03  9.951516204E-01  1.933983731E-04  3.969588594E-02 
         4  2.499957813E-01  1.300216226E+00  3.040010943E+00  2.919862621E+02  2.919862624E+02  2.343617770E-03  9.976563822E-01  2.423118459E-03  9.975768815E-01  9.664838238E-05  3.978928203E-02 
         5  1.179989316E+00  1.700000987E+00  4.500025386E-01  2.919810327E+02  2.919810329E+02  3.082790980E-03  9.969171860E-01  3.187287209E-03  9.968126897E-01  1.271302041E-04  3.975951273E-02 
         6  2.090000749E+00  1.699988964E+00  2.640041275E+00  2.919984936E+02  2.919984950E+02  3.891798713E-04  9.996108239E-01  4.024078401E-04  9.995975959E-01  1.604975728E-05  3.986821018E-02 
         7  1.929998960E+00  1.700096390E+00  4.850038151E+00  2.919883574E+02  2.919883577E+02  2.321996083E-03  9.976780058E-01  2.400763665E-03  9.975992382E-01  9.575606564E-05  3.978988828E-02 
         8  1.149997690E+00  1.699993700E+00  6.550001821E+00  2.919417167E+02  2.919417177E+02  6.427261634E-03  9.935727291E-01  6.644324014E-03  9.933556667E-01  2.650570444E-04  3.962695859E-02 
         9  2.599530306E-01  1.699784014E+00  4.769789816E+00  2.919464609E+02  2.919464615E+02  7.026597526E-03  9.929734046E-01  7.263781155E-03  9.927362209E-01  2.897628828E-04  3.960160539E-02 
        10  2.500325889E-01  1.700141952E+00  3.039603904E+00  2.919817938E+02  2.919817942E+02  3.202108395E-03  9.967978935E-01  3.310634831E-03  9.966893670E-01  1.320498075E-04  3.975449114E-02 
        11  2.090000512E+00  6.999920786E-01  2.640018387E+00  2.875390961E+02  2.875390968E+02  2.772525352E-01  7.227474797E-01  2.834348768E-01  7.165651381E-01  1.151859858E-02  2.898637451E-02 
        12  1.930000944E+00  7.000071781E-01  4.849993220E+00  2.886298585E+02  2.886298588E+02  2.084985046E-01  7.915014861E-01  2.137724094E-01  7.862275813E-01  8.646949716E-03  3.170405263E-02 
        13  1.149999460E+00  7.000041210E-01  6.549999896E+00  2.891341809E+02  2.891341813E+02  1.770203768E-01  8.229796307E-01  1.815914295E-01  8.184085779E-01  7.339139136E-03  3.294163125E-02 
        14  2.599937070E-01  6.999245510E-01  4.770022657E+00  2.883592982E+02  2.883592989E+02  2.357619946E-01  7.642379989E-01  2.415944347E-01  7.584055588E-01  9.775278860E-03  3.061337279E-02 
        15  2.500057384E-01  7.000450448E-01  3.040068823E+00  2.891197134E+02  2.891197140E+02  1.681309707E-01  8.318690349E-01  1.725994437E-01  8.274005619E-01  6.971765331E-03  3.331076643E-02 
        16  1.179999658E+00  1.300002449E+00  4.500000716E-01  2.919851510E+02  2.919851512E+02  2.496758199E-03  9.975032417E-01  2.581441236E-03  9.974185586E-01  1.029635917E-04  3.978311860E-02 
        17  2.090000552E+00  1.299991228E+00  2.640042717E+00  2.919997057E+02  2.919997124E+02  1.852478932E-04  9.998147447E-01  1.915455355E-04  9.998084470E-01  7.639633714E-06  3.987645385E-02 
        18  1.930000128E+00  1.300009553E+00  4.849983633E+00  2.919952918E+02  2.919952919E+02  1.061603146E-03  9.989384118E-01  1.097661047E-03  9.989023539E-01  4.377993431E-05  3.984091824E-02 
