nodenumber     x-coordinate     y-coordinate     z-coordinate      temperature total-temperature               n2              air         molef-n2        molef-air concentration-n2 concentration-air 
         1  1.180011401E+00  7.000440735E-01  4.499552279E-01  2.884819800E+02  2.884819802E+02  2.004640676E-01  7.995359305E-01  2.054225084E-01  7.945774898E-01  8.328564495E-03  3.204410142E-02 
         2  1.150002942E+00  1.299996259E+00  6.549998111E+00  2.919525846E+02  2.919525854E+02  5.210034754E-03  9.947899503E-01  5.386226681E-03  9.946137584E-01  2.148602408E-04  3.967566996E-02 
         3  2.599979183E-01  1.299834635E+00  4.769962194E+00  2.919598623E+02  2.919598626E+02  4.833844903E-03  9.951661393E-01  4.997383721E-03  9.950026004E-01  1.993439326E-04  3.969019184E-02 
         4  2.499957813E-01  1.300216226E+00  3.040010943E+00  2.919908171E+02  2.919908174E+02  1.784478813E-03  9.982155212E-01  1.845047881E-03  9.981549521E-01  7.359031758E-05  3.981171788E-02 
         5  1.179989316E+00  1.700000987E+00  4.500025386E-01  2.919798847E+02  2.919798850E+02  3.288663375E-03  9.967113136E-01  3.400112678E-03  9.965998643E-01  1.356196676E-04  3.975118009E-02 
         6  2.090000749E+00  1.699988964E+00  2.640041275E+00  2.919996663E+02  2.919996681E+02  1.781407744E-04  9.998218630E-01  1.841968178E-04  9.998158069E-01  7.346536045E-06  3.987675321E-02 
         7  1.929998960E+00  1.700096390E+00  4.850038151E+00  2.919935330E+02  2.919935334E+02  1.227779632E-03  9.987722222E-01  1.269463571E-03  9.987305383E-01  5.063281493E-05  3.983430456E-02 
         8  1.149997690E+00  1.699993700E+00  6.550001821E+00  2.919415259E+02  2.919415270E+02  6.057619880E-03  9.939423708E-01  6.262254855E-03  9.937377358E-01  2.498165756E-04  3.964222517E-02 
         9  2.599530306E-01  1.699784014E+00  4.769789816E+00  2.919503284E+02  2.919503290E+02  6.176133447E-03  9.938238686E-01  6.384811544E-03  9.936151906E-01  2.546955365E-04  3.963614427E-02 
        10  2.500325889E-01  1.700141952E+00  3.039603904E+00  2.919847269E+02  2.919847273E+02  2.864210612E-03  9.971357913E-01  2.961318843E-03  9.970386830E-01  1.181156141E-04  3.976802466E-02 
        11  2.090000512E+00  6.999920786E-01  2.640018387E+00  2.873699986E+02  2.873699995E+02  2.868449336E-01  7.131550813E-01  2.929970162E-01  7.070029987E-01  1.192458443E-02  2.860487389E-02 
        12  1.930000944E+00  7.000071781E-01  4.849993220E+00  2.888350111E+02  2.888350115E+02  1.845011472E-01  8.154988435E-01  1.893404421E-01  8.106595486E-01  7.653252745E-03  3.266900312E-02 
        13  1.149999460E+00  7.000041210E-01  6.549999896E+00  2.889234369E+02  2.889234375E+02  1.880418062E-01  8.119582013E-01  1.929242862E-01  8.070757212E-01  7.796489720E-03  3.251342338E-02 
        14  2.599937070E-01  6.999245510E-01  4.770022657E+00  2.885623004E+02  2.885623007E+02  2.214996266E-01  7.785003669E-01  2.270778192E-01  7.729221743E-01  9.182462392E-03  3.117778530E-02 
        15  2.500057384E-01  7.000450448E-01  3.040068823E+00  2.891156256E+02  2.891156262E+02  1.679437288E-01  8.320562768E-01  1.723713759E-01  8.276286297E-01  6.965239804E-03  3.331800954E-02 
        16  1.179999658E+00  1.300002449E+00  4.500000716E-01  2.919861271E+02  2.919861273E+02  2.339920914E-03  9.976600790E-01  2.419295971E-03  9.975807039E-01  9.649596285E-05  3.978945289E-02 
        17  2.090000552E+00  1.299991228E+00  2.640042717E+00  2.919998266E+02  2.919998339E+02  1.641524191E-04  9.998358401E-01  1.697330789E-04  9.998302595E-01  6.769658093E-06  3.987730731E-02 
        18  1.930000128E+00  1.300009553E+00  4.849983633E+00  2.919958724E+02  2.919958726E+02  8.144086630E-04  9.991856062E-01  8.420735759E-04  9.991579413E-01  3.358594219E-05  3.985103292E-02 
