nodenumber     x-coordinate     y-coordinate     z-coordinate      temperature total-temperature               n2              air         molef-n2        molef-air concentration-n2 concentration-air 
         1  1.180011401E+00  7.000440735E-01  4.499552279E-01  2.883939624E+02  2.883939625E+02  2.084379552E-01  7.915620430E-01  2.135430878E-01  7.864569103E-01  8.659683868E-03  3.172532713E-02 
         2  1.150002942E+00  1.299996259E+00  6.549998111E+00  2.919661412E+02  2.919661420E+02  3.545882236E-03  9.964541029E-01  3.665941150E-03  9.963340439E-01  1.462325418E-04  3.974244553E-02 
         3  2.599979183E-01  1.299834635E+00  4.769962194E+00  2.919655409E+02  2.919655412E+02  4.315739271E-03  9.956842449E-01  4.461833995E-03  9.955381502E-01  1.779774159E-04  3.971078252E-02 
         4  2.499957813E-01  1.300216226E+00  3.040010943E+00  2.919823597E+02  2.919823600E+02  2.571651975E-03  9.974283480E-01  2.658862241E-03  9.973411378E-01  1.060528765E-04  3.978041063E-02 
         5  1.179989316E+00  1.700000987E+00  4.500025386E-01  2.919828282E+02  2.919828283E+02  2.982056491E-03  9.970179205E-01  3.083147663E-03  9.969168293E-01  1.229757045E-04  3.976342196E-02 
         6  2.090000749E+00  1.699988964E+00  2.640041275E+00  2.919998799E+02  2.919998817E+02  1.437566880E-04  9.998562470E-01  1.486440410E-04  9.998513597E-01  5.928536944E-06  3.987814203E-02 
         7  1.929998960E+00  1.700096390E+00  4.850038151E+00  2.919942262E+02  2.919942266E+02  1.159096711E-03  9.988409052E-01  1.198457285E-03  9.988015446E-01  4.780045062E-05  3.983704223E-02 
         8  1.149997690E+00  1.699993700E+00  6.550001821E+00  2.919551138E+02  2.919551150E+02  4.785140207E-03  9.952148505E-01  4.946933439E-03  9.950530572E-01  1.973386509E-04  3.969284655E-02 
         9  2.599530306E-01  1.699784014E+00  4.769789816E+00  2.919600230E+02  2.919600235E+02  5.393998384E-03  9.946060037E-01  5.576397514E-03  9.944236046E-01  2.224398374E-04  3.966707539E-02 
        10  2.500325889E-01  1.700141952E+00  3.039603904E+00  2.919812846E+02  2.919812851E+02  3.016724681E-03  9.969832772E-01  3.118987378E-03  9.968810145E-01  1.244058809E-04  3.976220463E-02 
        11  2.090000512E+00  6.999920786E-01  2.640018387E+00  2.876455315E+02  2.876455323E+02  2.726338044E-01  7.273662105E-01  2.786404546E-01  7.213595603E-01  1.132686155E-02  2.916346576E-02 
        12  1.930000944E+00  7.000071781E-01  4.849993220E+00  2.891992571E+02  2.891992575E+02  1.661816110E-01  8.338183797E-01  1.706183981E-01  8.293815926E-01  6.889187012E-03  3.338221595E-02 
        13  1.149999460E+00  7.000041210E-01  6.549999896E+00  2.890782174E+02  2.890782180E+02  1.817384327E-01  8.182615748E-01  1.865161044E-01  8.134839031E-01  7.531593697E-03  3.275656152E-02 
        14  2.599937070E-01  6.999245510E-01  4.770022657E+00  2.888565884E+02  2.888565889E+02  2.002283321E-01  7.997716613E-01  2.052602098E-01  7.947397836E-01  8.302481214E-03  3.201713088E-02 
        15  2.500057384E-01  7.000450448E-01  3.040068823E+00  2.886999886E+02  2.886999892E+02  1.969297468E-01  8.030702588E-01  2.019805257E-01  7.980194799E-01  8.169385182E-03  3.217184100E-02 
        16  1.179999658E+00  1.300002449E+00  4.500000716E-01  2.919861449E+02  2.919861450E+02  2.430757536E-03  9.975692423E-01  2.513207591E-03  9.974867923E-01  1.002416802E-04  3.978570474E-02 
        17  2.090000552E+00  1.299991228E+00  2.640042717E+00  2.920001538E+02  2.920001605E+02  1.177398554E-04  9.998822527E-01  1.217427992E-04  9.998782498E-01  4.855601760E-06  3.987917667E-02 
        18  1.930000128E+00  1.300009553E+00  4.849983633E+00  2.919959203E+02  2.919959205E+02  8.598370964E-04  9.991401778E-01  8.890460424E-04  9.991109689E-01  3.545935548E-05  3.984915297E-02 
