nodenumber     x-coordinate     y-coordinate     z-coordinate      temperature total-temperature               n2              air         molef-n2        molef-air concentration-n2 concentration-air 
         1  1.180011401E+00  7.000440735E-01  4.499552279E-01  2.890462873E+02  2.890462876E+02  1.627718334E-01  8.372281647E-01  1.670577762E-01  8.329422220E-01  6.756779632E-03  3.353649329E-02 
         2  1.150002942E+00  1.299996259E+00  6.549998111E+00  2.919919492E+02  2.919919500E+02  8.978090055E-04  9.991021761E-01  9.282931816E-04  9.990716919E-01  3.702581069E-05  3.984812658E-02 
         3  2.599979183E-01  1.299834635E+00  4.769962194E+00  2.919596321E+02  2.919596326E+02  4.403056485E-03  9.955969277E-01  4.552072758E-03  9.954479114E-01  1.815816750E-04  3.970798559E-02 
         4  2.499957813E-01  1.300216226E+00  3.040010943E+00  2.919878503E+02  2.919878507E+02  2.159101439E-03  9.978408986E-01  2.232357552E-03  9.977676424E-01  8.903919173E-05  3.979667427E-02 
         5  1.179989316E+00  1.700000987E+00  4.500025386E-01  2.919883777E+02  2.919883781E+02  2.162728089E-03  9.978372489E-01  2.236103313E-03  9.977638736E-01  8.918851951E-05  3.979645106E-02 
         6  2.090000749E+00  1.699988964E+00  2.640041275E+00  2.920004600E+02  2.920004618E+02  5.468803694E-05  9.999453157E-01  5.654757170E-05  9.999434562E-01  2.255343309E-06  3.988173600E-02 
         7  1.929998960E+00  1.700096390E+00  4.850038151E+00  2.919966973E+02  2.919966978E+02  7.078124946E-04  9.992921894E-01  7.318600720E-04  9.992681418E-01  2.918996910E-05  3.985531518E-02 
         8  1.149997690E+00  1.699993700E+00  6.550001821E+00  2.919915645E+02  2.919915657E+02  9.162753776E-04  9.990837153E-01  9.473767043E-04  9.990526140E-01  3.778738583E-05  3.984741801E-02 
         9  2.599530306E-01  1.699784014E+00  4.769789816E+00  2.919610712E+02  2.919610719E+02  4.540602653E-03  9.954593994E-01  4.694276481E-03  9.953057256E-01  1.872519829E-04  3.970212004E-02 
        10  2.500325889E-01  1.700141952E+00  3.039603904E+00  2.919838112E+02  2.919838117E+02  3.038703567E-03  9.969612983E-01  3.141709911E-03  9.968582920E-01  1.253110934E-04  3.976095427E-02 
        11  2.090000512E+00  6.999920786E-01  2.640018387E+00  2.879620820E+02  2.879620827E+02  2.322742363E-01  7.677257786E-01  2.378620086E-01  7.621380063E-01  9.650972697E-03  3.079420943E-02 
        12  1.930000944E+00  7.000071781E-01  4.849993220E+00  2.887059149E+02  2.887059153E+02  1.981774892E-01  8.018225015E-01  2.032224239E-01  7.967775668E-01  8.221563441E-03  3.211897074E-02 
        13  1.149999460E+00  7.000041210E-01  6.549999896E+00  2.888891080E+02  2.888891087E+02  1.955587125E-01  8.044412950E-01  2.005749991E-01  7.994250083E-01  8.107588911E-03  3.220722721E-02 
        14  2.599937070E-01  6.999245510E-01  4.770022657E+00  2.887109019E+02  2.887109022E+02  2.078816914E-01  7.921183020E-01  2.132524401E-01  7.867475533E-01  8.616819903E-03  3.172250264E-02 
        15  2.500057384E-01  7.000450448E-01  3.040068823E+00  2.892586040E+02  2.892586048E+02  1.649321238E-01  8.350678818E-01  1.692842644E-01  8.307157412E-01  6.836999744E-03  3.342625106E-02 
        16  1.179999658E+00  1.300002449E+00  4.500000716E-01  2.919887625E+02  2.919887627E+02  2.051063785E-03  9.979489361E-01  2.120661059E-03  9.978793388E-01  8.458386161E-05  3.980100499E-02 
        17  2.090000552E+00  1.299991228E+00  2.640042717E+00  2.920007322E+02  2.920007391E+02  3.387654868E-05  9.999661160E-01  3.502845224E-05  9.999649641E-01  1.397073695E-06  3.988255619E-02 
        18  1.930000128E+00  1.300009553E+00  4.849983633E+00  2.919978010E+02  2.919978012E+02  5.597088413E-04  9.994403061E-01  5.787293059E-04  9.994212856E-01  2.308227970E-05  3.986127314E-02 
