nodenumber     x-coordinate     y-coordinate     z-coordinate      temperature total-temperature               n2              air         molef-n2        molef-air concentration-n2 concentration-air 
         1  1.180011401E+00  7.000440735E-01  4.499552279E-01  2.883464849E+02  2.883464851E+02  2.025317257E-01  7.974682724E-01  2.075470949E-01  7.924529033E-01  8.417468182E-03  3.197413892E-02 
         2  1.150002942E+00  1.299996259E+00  6.549998111E+00  2.919766611E+02  2.919766619E+02  2.548999061E-03  9.974509860E-01  2.635413778E-03  9.973645713E-01  1.051207397E-04  3.978212008E-02 
         3  2.599979183E-01  1.299834635E+00  4.769962194E+00  2.919513511E+02  2.919513516E+02  5.393089735E-03  9.946068944E-01  5.575404084E-03  9.944245801E-01  2.224091827E-04  3.966828955E-02 
         4  2.499957813E-01  1.300216226E+00  3.040010943E+00  2.919870695E+02  2.919870698E+02  2.318722669E-03  9.976812773E-01  2.397378614E-03  9.976026214E-01  9.562152871E-05  3.979019860E-02 
         5  1.179989316E+00  1.700000987E+00  4.500025386E-01  2.919846936E+02  2.919846938E+02  2.669304265E-03  9.973306727E-01  2.759822714E-03  9.972401542E-01  1.100787170E-04  3.977606412E-02 
         6  2.090000749E+00  1.699988964E+00  2.640041275E+00  2.920001938E+02  2.920001953E+02  1.220153689E-04  9.998779884E-01  1.261638738E-04  9.998738399E-01  5.031925243E-06  3.987899578E-02 
         7  1.929998960E+00  1.700096390E+00  4.850038151E+00  2.920005038E+02  2.920005043E+02  4.868833243E-05  9.999513135E-01  5.034386034E-05  9.999496580E-01  2.007914098E-06  3.988197730E-02 
         8  1.149997690E+00  1.699993700E+00  6.550001821E+00  2.919717154E+02  2.919717165E+02  3.107495430E-03  9.968924953E-01  3.212763591E-03  9.967872271E-01  1.281527599E-04  3.975976419E-02 
         9  2.599530306E-01  1.699784014E+00  4.769789816E+00  2.919482522E+02  2.919482530E+02  5.918611595E-03  9.940813905E-01  6.118612248E-03  9.938813898E-01  2.440795060E-04  3.964704403E-02 
        10  2.500325889E-01  1.700141952E+00  3.039603904E+00  2.919817159E+02  2.919817165E+02  3.288578742E-03  9.967114231E-01  3.400020909E-03  9.965999810E-01  1.356152963E-04  3.975093630E-02 
        11  2.090000512E+00  6.999920786E-01  2.640018387E+00  2.874202419E+02  2.874202426E+02  2.787238380E-01  7.212761769E-01  2.849754158E-01  7.150245991E-01  1.158443154E-02  2.893734052E-02 
        12  1.930000944E+00  7.000071781E-01  4.849993220E+00  2.886952100E+02  2.886952103E+02  1.997551978E-01  8.002447929E-01  2.048928205E-01  7.951071702E-01  8.284591335E-03  3.205714737E-02 
        13  1.149999460E+00  7.000041210E-01  6.549999896E+00  2.894723441E+02  2.894723446E+02  1.604314318E-01  8.395685757E-01  1.647487182E-01  8.352512893E-01  6.645037581E-03  3.358824350E-02 
        14  2.599937070E-01  6.999245510E-01  4.770022657E+00  2.889485930E+02  2.889485936E+02  1.879093251E-01  8.120906684E-01  1.928503230E-01  8.071496705E-01  7.789907085E-03  3.251641922E-02 
        15  2.500057384E-01  7.000450448E-01  3.040068823E+00  2.889804292E+02  2.889804299E+02  1.810258087E-01  8.189741969E-01  1.856883520E-01  8.143116536E-01  7.507284542E-03  3.279485079E-02 
        16  1.179999658E+00  1.300002449E+00  4.500000716E-01  2.919855244E+02  2.919855245E+02  2.517800606E-03  9.974821993E-01  2.603195754E-03  9.973968041E-01  1.038311537E-04  3.978220002E-02 
        17  2.090000552E+00  1.299991228E+00  2.640042717E+00  2.920006606E+02  2.920006676E+02  4.846179802E-05  9.999515308E-01  5.010960346E-05  9.999498829E-01  1.998570665E-06  3.988196449E-02 
        18  1.930000128E+00  1.300009553E+00  4.849983633E+00  2.920003518E+02  2.920003520E+02  1.385455858E-04  9.998614693E-01  1.432561067E-04  9.998567588E-01  5.713628703E-06  3.987829339E-02 
