nodenumber     x-coordinate     y-coordinate     z-coordinate      temperature total-temperature               n2              air         molef-n2        molef-air concentration-n2 concentration-air 
         1  1.180011401E+00  7.000440735E-01  4.499552279E-01  2.885647508E+02  2.885647510E+02  2.064120180E-01  7.935879802E-01  2.115197038E-01  7.884802944E-01  8.568153899E-03  3.179258287E-02 
         2  1.150002942E+00  1.299996259E+00  6.549998111E+00  2.919587900E+02  2.919587908E+02  4.450255455E-03  9.955497296E-01  4.600837627E-03  9.953991475E-01  1.835279281E-04  3.970615446E-02 
         3  2.599979183E-01  1.299834635E+00  4.769962194E+00  2.919751256E+02  2.919751260E+02  3.271199816E-03  9.967287844E-01  3.382057783E-03  9.966179264E-01  1.349018320E-04  3.975254865E-02 
         4  2.499957813E-01  1.300216226E+00  3.040010943E+00  2.919821566E+02  2.919821568E+02  2.900841399E-03  9.970991586E-01  2.999187241E-03  9.970008128E-01  1.196271229E-04  3.976686412E-02 
         5  1.179989316E+00  1.700000987E+00  4.500025386E-01  2.919768617E+02  2.919768619E+02  3.699375489E-03  9.963006015E-01  3.824691257E-03  9.961752857E-01  1.525563030E-04  3.973465643E-02 
         6  2.090000749E+00  1.699988964E+00  2.640041275E+00  2.919987767E+02  2.919987782E+02  3.247741510E-04  9.996752296E-01  3.358140908E-04  9.996641896E-01  1.339369169E-05  3.987082757E-02 
         7  1.929998960E+00  1.700096390E+00  4.850038151E+00  2.919938963E+02  2.919938967E+02  1.324958750E-03  9.986750431E-01  1.369945922E-03  9.986300559E-01  5.464028533E-05  3.983024746E-02 
         8  1.149997690E+00  1.699993700E+00  6.550001821E+00  2.919489325E+02  2.919489335E+02  5.642412398E-03  9.943575783E-01  5.833099243E-03  9.941668914E-01  2.326906816E-04  3.965833901E-02 
         9  2.599530306E-01  1.699784014E+00  4.769789816E+00  2.919638067E+02  2.919638071E+02  4.681105623E-03  9.953188965E-01  4.839514915E-03  9.951604872E-01  1.930434829E-04  3.969595479E-02 
        10  2.500325889E-01  1.700141952E+00  3.039603904E+00  2.919773459E+02  2.919773462E+02  3.831263804E-03  9.961687381E-01  3.961027952E-03  9.960389739E-01  1.579941676E-04  3.972915441E-02 
        11  2.090000512E+00  6.999920786E-01  2.640018387E+00  2.880480564E+02  2.880480572E+02  2.458354663E-01  7.541645486E-01  2.516257851E-01  7.483742298E-01  1.020534589E-02  3.022770949E-02 
        12  1.930000944E+00  7.000071781E-01  4.849993220E+00  2.890125714E+02  2.890125717E+02  1.773379684E-01  8.226620223E-01  1.820040245E-01  8.179959662E-01  7.353744062E-03  3.294375114E-02 
        13  1.149999460E+00  7.000041210E-01  6.549999896E+00  2.891720499E+02  2.891720505E+02  1.768496734E-01  8.231503341E-01  1.815130337E-01  8.184869737E-01  7.328304193E-03  3.294681479E-02 
        14  2.599937070E-01  6.999245510E-01  4.770022657E+00  2.887476987E+02  2.887476989E+02  2.103780924E-01  7.896219010E-01  2.157678825E-01  7.842321110E-01  8.718892199E-03  3.161536431E-02 
        15  2.500057384E-01  7.000450448E-01  3.040068823E+00  2.889201187E+02  2.889201193E+02  1.887858399E-01  8.112141657E-01  1.936893729E-01  8.063106327E-01  7.826453893E-03  3.248383662E-02 
        16  1.179999658E+00  1.300002449E+00  4.500000716E-01  2.919817071E+02  2.919817073E+02  2.994585886E-03  9.970054140E-01  3.096101575E-03  9.969038983E-01  1.234928312E-04  3.976305980E-02 
        17  2.090000552E+00  1.299991228E+00  2.640042717E+00  2.919997921E+02  2.919997982E+02  1.705649001E-04  9.998294276E-01  1.763635512E-04  9.998236290E-01  7.034108802E-06  3.987704757E-02 
        18  1.930000128E+00  1.300009553E+00  4.849983633E+00  2.919951716E+02  2.919951718E+02  1.017031117E-03  9.989829838E-01  1.051575788E-03  9.989484391E-01  4.194188007E-05  3.984277270E-02 
