nodenumber     x-coordinate     y-coordinate     z-coordinate      temperature total-temperature               n2              air         molef-n2        molef-air concentration-n2 concentration-air 
         1  1.180011401E+00  7.000440735E-01  4.499552279E-01  2.886613536E+02  2.886613537E+02  1.457098249E-01  8.542901732E-01  1.497406506E-01  8.502593476E-01  6.059937347E-03  3.428695181E-02 
         2  1.150002942E+00  1.299996259E+00  6.549998111E+00  2.920004243E+02  2.920004246E+02  4.237991266E-05  9.999576052E-01  4.382093588E-05  9.999561642E-01  1.747756085E-06  3.988224698E-02 
         3  2.599979183E-01  1.299834635E+00  4.769962194E+00  2.919940973E+02  2.919940976E+02  9.389093953E-04  9.990610748E-01  9.707996537E-04  9.990291845E-01  3.872040011E-05  3.984613847E-02 
         4  2.499957813E-01  1.300216226E+00  3.040010943E+00  2.919796957E+02  2.919796959E+02  2.600568477E-03  9.973994315E-01  2.688751117E-03  9.973112489E-01  1.072462360E-04  3.977958120E-02 
         5  1.179989316E+00  1.700000987E+00  4.500025386E-01  2.919975352E+02  2.919975354E+02  7.387091715E-04  9.992612678E-01  7.638095439E-04  9.992361674E-01  3.046408455E-05  3.985392462E-02 
         6  2.090000749E+00  1.699988964E+00  2.640041275E+00  2.920004302E+02  2.920004317E+02  4.971157037E-05  9.999502922E-01  5.140191529E-05  9.999486018E-01  2.050114072E-06  3.988194530E-02 
         7  1.929998960E+00  1.700096390E+00  4.850038151E+00  2.920006211E+02  2.920006214E+02  7.626459019E-06  9.999923754E-01  7.885794081E-06  9.999921161E-01  3.145167565E-07  3.988365467E-02 
         8  1.149997690E+00  1.699993700E+00  6.550001821E+00  2.919994088E+02  2.919994094E+02  1.167581166E-04  9.998832326E-01  1.207276065E-04  9.998792631E-01  4.815133315E-06  3.987931875E-02 
         9  2.599530306E-01  1.699784014E+00  4.769789816E+00  2.919992767E+02  2.919992772E+02  1.965386881E-04  9.998034634E-01  2.032202809E-04  9.997967818E-01  8.105279256E-06  3.987604756E-02 
        10  2.500325889E-01  1.700141952E+00  3.039603904E+00  2.919772543E+02  2.919772548E+02  3.821936639E-03  9.961780652E-01  3.951380423E-03  9.960486214E-01  1.576095652E-04  3.972955152E-02 
        11  2.090000512E+00  6.999920786E-01  2.640018387E+00  2.886350234E+02  2.886350244E+02  1.510701676E-01  8.489298473E-01  1.551258102E-01  8.448742047E-01  6.282427444E-03  3.406825042E-02 
        12  1.930000944E+00  7.000071781E-01  4.849993220E+00  2.883495727E+02  2.883495728E+02  1.750701645E-01  8.249298262E-01  1.796733739E-01  8.203266168E-01  7.282710353E-03  3.310821276E-02 
        13  1.149999460E+00  7.000041210E-01  6.549999896E+00  2.893612807E+02  2.893612815E+02  1.351786754E-01  8.648213321E-01  1.390113292E-01  8.609886783E-01  5.605777511E-03  3.464275014E-02 
        14  2.599937070E-01  6.999245510E-01  4.770022657E+00  2.890979877E+02  2.890979886E+02  1.272661682E-01  8.727338253E-01  1.309091064E-01  8.690908871E-01  5.285556039E-03  3.499984222E-02 
        15  2.500057384E-01  7.000450448E-01  3.040068823E+00  2.885612160E+02  2.885612165E+02  1.752646935E-01  8.247353121E-01  1.799079161E-01  8.200920895E-01  7.283885850E-03  3.307724698E-02 
        16  1.179999658E+00  1.300002449E+00  4.500000716E-01  2.919983799E+02  2.919983800E+02  5.903766643E-04  9.994096232E-01  6.104401835E-04  9.993895597E-01  2.434696635E-05  3.985992819E-02 
        17  2.090000552E+00  1.299991228E+00  2.640042717E+00  2.920007623E+02  2.920007698E+02  2.345619142E-05  9.999765364E-01  2.425379520E-05  9.999757388E-01  9.673373231E-07  3.988298182E-02 
        18  1.930000128E+00  1.300009553E+00  4.849983633E+00  2.920008147E+02  2.920008148E+02  2.905731703E-05  9.999709576E-01  3.004537873E-05  9.999699695E-01  1.198328183E-06  3.988274546E-02 
