nodenumber     x-coordinate     y-coordinate     z-coordinate      temperature total-temperature               n2              air         molef-n2        molef-air concentration-n2 concentration-air 
         1  1.180011401E+00  7.000440735E-01  4.499552279E-01  2.904859659E+02  2.904859661E+02  4.148148360E-02  9.585185145E-01  4.280684200E-02  9.571931561E-01  1.720167433E-03  3.837227896E-02 
         2  1.150002942E+00  1.299996259E+00  6.549998111E+00  2.920007428E+02  2.920007431E+02  7.410633902E-06  9.999925745E-01  7.662630456E-06  9.999923225E-01  3.056160824E-07  3.988364562E-02 
         3  2.599979183E-01  1.299834635E+00  4.769962194E+00  2.919983769E+02  2.919983770E+02  1.800176021E-04  9.998199666E-01  1.861377445E-04  9.998138464E-01  7.423982217E-06  3.987685033E-02 
         4  2.499957813E-01  1.300216226E+00  3.040010943E+00  2.919959667E+02  2.919959670E+02  1.118942365E-03  9.988810576E-01  1.156943550E-03  9.988430565E-01  4.614435243E-05  3.983846043E-02 
         5  1.179989316E+00  1.700000987E+00  4.500025386E-01  2.920002999E+02  2.920003001E+02  9.830050617E-05  9.999016764E-01  1.016428096E-04  9.998983341E-01  4.053924115E-06  3.987995715E-02 
         6  2.090000749E+00  1.699988964E+00  2.640041275E+00  2.920004779E+02  2.920004793E+02  9.832370655E-06  9.999901714E-01  1.016671773E-05  9.999898370E-01  4.054893243E-07  3.988358341E-02 
         7  1.929998960E+00  1.700096390E+00  4.850038151E+00  2.920006250E+02  2.920006252E+02  2.772585829E-07  9.999997246E-01  2.866868026E-07  9.999997152E-01  1.143420644E-08  3.988395723E-02 
         8  1.149997690E+00  1.699993700E+00  6.550001821E+00  2.920003521E+02  2.920003526E+02  1.862785730E-05  9.999813628E-01  1.926127705E-05  9.999807294E-01  7.682175660E-07  3.988323682E-02 
         9  2.599530306E-01  1.699784014E+00  4.769789816E+00  2.920005726E+02  2.920005729E+02  4.562455297E-06  9.999954396E-01  4.717601498E-06  9.999952845E-01  1.881567054E-07  3.988378767E-02 
        10  2.500325889E-01  1.700141952E+00  3.039603904E+00  2.919992335E+02  2.919992337E+02  3.406668139E-04  9.996593350E-01  3.522441194E-04  9.996477577E-01  1.404901162E-05  3.987010971E-02 
        11  2.090000512E+00  6.999920786E-01  2.640018387E+00  2.897480330E+02  2.897480339E+02  7.715821063E-02  9.228418043E-01  7.949007926E-02  9.205099356E-01  3.202641479E-03  3.699211645E-02 
        12  1.930000944E+00  7.000071781E-01  4.849993220E+00  2.904976723E+02  2.904976728E+02  4.306913556E-02  9.569308551E-01  4.442669707E-02  9.555732936E-01  1.787085124E-03  3.830393746E-02 
        13  1.149999460E+00  7.000041210E-01  6.549999896E+00  2.908243927E+02  2.908243932E+02  4.612450987E-02  9.538754976E-01  4.756375755E-02  9.524362499E-01  1.910546379E-03  3.813524434E-02 
        14  2.599937070E-01  6.999245510E-01  4.770022657E+00  2.906297488E+02  2.906297493E+02  4.447291597E-02  9.555270775E-01  4.589704976E-02  9.541029437E-01  1.841761731E-03  3.823063253E-02 
        15  2.500057384E-01  7.000450448E-01  3.040068823E+00  2.901165308E+02  2.901165310E+02  7.997768358E-02  9.200223220E-01  8.237961257E-02  9.176203930E-01  3.316947709E-03  3.682691581E-02 
        16  1.179999658E+00  1.300002449E+00  4.500000716E-01  2.920001689E+02  2.920001690E+02  1.782949872E-04  9.998217049E-01  1.843567600E-04  9.998156431E-01  7.352891772E-06  3.987667790E-02 
        17  2.090000552E+00  1.299991228E+00  2.640042717E+00  2.920007960E+02  2.920008035E+02  3.940110298E-06  9.999960524E-01  4.074093345E-06  9.999959185E-01  1.624909537E-07  3.988378207E-02 
        18  1.930000128E+00  1.300009553E+00  4.849983633E+00  2.920006521E+02  2.920006522E+02  1.343061301E-05  9.999865843E-01  1.388731467E-05  9.999861276E-01  5.538813464E-07  3.988341211E-02 
