nodenumber     x-coordinate     y-coordinate     z-coordinate      temperature total-temperature               n2              air         molef-n2        molef-air concentration-n2 concentration-air 
         1  1.180011401E+00  7.000440735E-01  4.499552279E-01  2.883216945E+02  2.883216947E+02  2.031614230E-01  7.968385752E-01  2.082239110E-01  7.917760871E-01  8.444842852E-03  3.195036288E-02 
         2  1.150002942E+00  1.299996259E+00  6.549998111E+00  2.919984603E+02  2.919984608E+02  2.569288584E-04  9.997430562E-01  2.656621873E-04  9.997343229E-01  1.059578831E-05  3.987366721E-02 
         3  2.599979183E-01  1.299834635E+00  4.769962194E+00  2.919767155E+02  2.919767157E+02  3.487474636E-03  9.965125095E-01  3.605635421E-03  9.963943487E-01  1.438189107E-04  3.974341437E-02 
         4  2.499957813E-01  1.300216226E+00  3.040010943E+00  2.919814045E+02  2.919814048E+02  2.424505639E-03  9.975754944E-01  2.506734732E-03  9.974932653E-01  9.998546754E-05  3.978660852E-02 
         5  1.179989316E+00  1.700000987E+00  4.500025386E-01  2.919920605E+02  2.919920606E+02  1.655867143E-03  9.983441098E-01  1.712078437E-03  9.982878985E-01  6.828649359E-05  3.981685003E-02 
         6  2.090000749E+00  1.699988964E+00  2.640041275E+00  2.920001215E+02  2.920001231E+02  9.702429595E-05  9.999029794E-01  1.003231805E-04  9.998996805E-01  4.001295850E-06  3.988003628E-02 
         7  1.929998960E+00  1.700096390E+00  4.850038151E+00  2.920006286E+02  2.920006290E+02  8.973647843E-06  9.999910282E-01  9.278789864E-06  9.999907231E-01  3.700749118E-07  3.988359809E-02 
         8  1.149997690E+00  1.699993700E+00  6.550001821E+00  2.919984058E+02  2.919984066E+02  2.287396951E-04  9.997712510E-01  2.365147739E-04  9.997634759E-01  9.433274448E-06  3.987483761E-02 
         9  2.599530306E-01  1.699784014E+00  4.769789816E+00  2.919647716E+02  2.919647719E+02  5.327272680E-03  9.946727294E-01  5.507427533E-03  9.944925746E-01  2.196850959E-04  3.966918136E-02 
        10  2.500325889E-01  1.700141952E+00  3.039603904E+00  2.919764242E+02  2.919764247E+02  3.604122191E-03  9.963958797E-01  3.726217772E-03  9.962737841E-01  1.486288608E-04  3.973864563E-02 
        11  2.090000512E+00  6.999920786E-01  2.640018387E+00  2.881539598E+02  2.881539606E+02  2.024242513E-01  7.975757636E-01  2.075491057E-01  7.924509092E-01  8.411713865E-03  3.200610248E-02 
        12  1.930000944E+00  7.000071781E-01  4.849993220E+00  2.886186558E+02  2.886186560E+02  1.846609220E-01  8.153390687E-01  1.893580144E-01  8.106419763E-01  7.672117108E-03  3.268120944E-02 
        13  1.149999460E+00  7.000041210E-01  6.549999896E+00  2.894492092E+02  2.894492096E+02  1.570395358E-01  8.429604717E-01  1.611884251E-01  8.388115824E-01  6.509774533E-03  3.372721717E-02 
        14  2.599937070E-01  6.999245510E-01  4.770022657E+00  2.887699381E+02  2.887699390E+02  1.715174052E-01  8.284825883E-01  1.761769606E-01  8.238230329E-01  7.117643317E-03  3.321338825E-02 
        15  2.500057384E-01  7.000450448E-01  3.040068823E+00  2.873087777E+02  2.873087781E+02  2.975717184E-01  7.024282872E-01  3.041980457E-01  6.958019599E-01  1.236100534E-02  2.817608013E-02 
        16  1.179999658E+00  1.300002449E+00  4.500000716E-01  2.919942210E+02  2.919942211E+02  1.279770369E-03  9.987202295E-01  1.323231410E-03  9.986767685E-01  5.277688218E-05  3.983206635E-02 
        17  2.090000552E+00  1.299991228E+00  2.640042717E+00  2.920005404E+02  2.920005478E+02  5.377754897E-05  9.999462150E-01  5.560609758E-05  9.999443865E-01  2.217794032E-06  3.988176167E-02 
        18  1.930000128E+00  1.300009553E+00  4.849983633E+00  2.920008381E+02  2.920008383E+02  5.684914265E-05  9.999431658E-01  5.878216410E-05  9.999412327E-01  2.344464346E-06  3.988159612E-02 
