nodenumber     x-coordinate     y-coordinate     z-coordinate      temperature total-temperature               n2              air         molef-n2        molef-air concentration-n2 concentration-air 
         1  1.180011401E+00  7.000440735E-01  4.499552279E-01  2.884655378E+02  2.884655380E+02  1.496818544E-01  8.503181437E-01  1.537679974E-01  8.462320007E-01  6.231444911E-03  3.414327964E-02 
         2  1.150002942E+00  1.299996259E+00  6.549998111E+00  2.919999312E+02  2.919999316E+02  9.091298483E-05  9.999090721E-01  9.400401151E-05  9.999059811E-01  3.749269900E-06  3.988031281E-02 
         3  2.599979183E-01  1.299834635E+00  4.769962194E+00  2.919774010E+02  2.919774012E+02  2.599730611E-03  9.974002536E-01  2.687878645E-03  9.973121055E-01  1.072125629E-04  3.977992709E-02 
         4  2.499957813E-01  1.300216226E+00  3.040010943E+00  2.919783954E+02  2.919783956E+02  2.823001442E-03  9.971769986E-01  2.918701825E-03  9.970812982E-01  1.164188131E-04  3.977058626E-02 
         5  1.179989316E+00  1.700000987E+00  4.500025386E-01  2.919941328E+02  2.919941328E+02  1.333172291E-03  9.986668047E-01  1.378444489E-03  9.986215325E-01  5.497905916E-05  3.982987440E-02 
         6  2.090000749E+00  1.699988964E+00  2.640041275E+00  2.920003917E+02  2.920003933E+02  4.510309865E-05  9.999549006E-01  4.663674783E-05  9.999533670E-01  1.860060434E-06  3.988214061E-02 
         7  1.929998960E+00  1.700096390E+00  4.850038151E+00  2.920006113E+02  2.920006116E+02  1.842345639E-05  9.999815784E-01  1.904992721E-05  9.999809519E-01  7.597867533E-07  3.988321074E-02 
         8  1.149997690E+00  1.699993700E+00  6.550001821E+00  2.919988472E+02  2.919988478E+02  1.721833824E-04  9.998278073E-01  1.780367874E-04  9.998219539E-01  7.100884888E-06  3.987710971E-02 
         9  2.599530306E-01  1.699784014E+00  4.769789816E+00  2.919996446E+02  2.919996450E+02  1.450365519E-04  9.998549655E-01  1.499675225E-04  9.998500346E-01  5.981328462E-06  3.987812125E-02 
        10  2.500325889E-01  1.700141952E+00  3.039603904E+00  2.919760938E+02  2.919760943E+02  3.728169177E-03  9.962718327E-01  3.854448806E-03  9.961455531E-01  1.537438629E-04  3.973357577E-02 
        11  2.090000512E+00  6.999920786E-01  2.640018387E+00  2.882133428E+02  2.882133434E+02  1.738315423E-01  8.261684726E-01  1.784190787E-01  8.215809362E-01  7.231241715E-03  3.317834323E-02 
        12  1.930000944E+00  7.000071781E-01  4.849993220E+00  2.886509578E+02  2.886509580E+02  1.612962541E-01  8.387037366E-01  1.655491821E-01  8.344508086E-01  6.708573115E-03  3.364037462E-02 
        13  1.149999460E+00  7.000041210E-01  6.549999896E+00  2.889741124E+02  2.889741131E+02  1.612193193E-01  8.387806881E-01  1.656299776E-01  8.343700299E-01  6.689023362E-03  3.361360929E-02 
        14  2.599937070E-01  6.999245510E-01  4.770022657E+00  2.885860230E+02  2.885860237E+02  1.587591604E-01  8.412408331E-01  1.631327615E-01  8.368672320E-01  6.597337623E-03  3.375963142E-02 
        15  2.500057384E-01  7.000450448E-01  3.040068823E+00  2.880247544E+02  2.880247546E+02  2.272211841E-01  7.727788214E-01  2.327435321E-01  7.672564735E-01  9.443236865E-03  3.099340633E-02 
        16  1.179999658E+00  1.300002449E+00  4.500000716E-01  2.919964900E+02  2.919964901E+02  9.109918317E-04  9.990890081E-01  9.419408318E-04  9.990580591E-01  3.756887537E-05  3.984696443E-02 
        17  2.090000552E+00  1.299991228E+00  2.640042717E+00  2.920007160E+02  2.920007231E+02  2.550141518E-05  9.999744911E-01  2.636855830E-05  9.999736240E-01  1.051682761E-06  3.988290380E-02 
        18  1.930000128E+00  1.300009553E+00  4.849983633E+00  2.920007080E+02  2.920007082E+02  5.119657167E-05  9.999488183E-01  5.293740545E-05  9.999470775E-01  2.111353456E-06  3.988184700E-02 
