nodenumber     x-coordinate     y-coordinate     z-coordinate      temperature total-temperature               n2              air         molef-n2        molef-air concentration-n2 concentration-air 
         1  1.180011401E+00  7.000440735E-01  4.499552279E-01  2.896820943E+02  2.896820949E+02  7.394162166E-02  9.260583765E-01  7.618506840E-02  9.238149297E-01  3.073882428E-03  3.713053780E-02 
         2  1.150002942E+00  1.299996259E+00  6.549998111E+00  2.920005402E+02  2.920005406E+02  2.584101092E-05  9.999741441E-01  2.671969787E-05  9.999732654E-01  1.065688795E-06  3.988291321E-02 
         3  2.599979183E-01  1.299834635E+00  4.769962194E+00  2.919948132E+02  2.919948133E+02  7.998288322E-04  9.992001553E-01  8.270003754E-04  9.991729838E-01  3.298485344E-05  3.985177624E-02 
         4  2.499957813E-01  1.300216226E+00  3.040010943E+00  2.919879235E+02  2.919879237E+02  2.073579213E-03  9.979264208E-01  2.143938017E-03  9.978560620E-01  8.551256147E-05  3.980019091E-02 
         5  1.179989316E+00  1.700000987E+00  4.500025386E-01  2.920000986E+02  2.920000987E+02  2.642143974E-04  9.997357626E-01  2.731965592E-04  9.997267804E-01  1.089618267E-05  3.987314239E-02 
         6  2.090000749E+00  1.699988964E+00  2.640041275E+00  2.920005572E+02  2.920005586E+02  1.935826265E-05  9.999806455E-01  2.001652667E-05  9.999799872E-01  7.983387870E-07  3.988317973E-02 
         7  1.929998960E+00  1.700096390E+00  4.850038151E+00  2.920006254E+02  2.920006257E+02  4.692376071E-07  9.999995326E-01  4.851940853E-07  9.999995167E-01  1.935146374E-08  3.988394924E-02 
         8  1.149997690E+00  1.699993700E+00  6.550001821E+00  2.919997254E+02  2.919997260E+02  7.461486052E-05  9.999253758E-01  7.715183946E-05  9.999228388E-01  3.077136631E-06  3.988101350E-02 
         9  2.599530306E-01  1.699784014E+00  4.769789816E+00  2.920005752E+02  2.920005755E+02  7.415895993E-06  9.999925862E-01  7.668070816E-06  9.999923340E-01  3.058331730E-07  3.988366965E-02 
        10  2.500325889E-01  1.700141952E+00  3.039603904E+00  2.919832005E+02  2.919832010E+02  3.156083663E-03  9.968439182E-01  3.263031064E-03  9.967369708E-01  1.301510337E-04  3.975619777E-02 
        11  2.090000512E+00  6.999920786E-01  2.640018387E+00  2.892135647E+02  2.892135659E+02  1.014323583E-01  8.985676566E-01  1.044119004E-01  8.955881145E-01  4.215728681E-03  3.605361014E-02 
        12  1.930000944E+00  7.000071781E-01  4.849993220E+00  2.894531683E+02  2.894531685E+02  1.002131719E-01  8.997868188E-01  1.031504344E-01  8.968495563E-01  4.163372863E-03  3.607282635E-02 
        13  1.149999460E+00  7.000041210E-01  6.549999896E+00  2.904009850E+02  2.904009858E+02  5.875137836E-02  9.412486291E-01  6.055449919E-02  9.394455083E-01  2.436321399E-03  3.766802851E-02 
        14  2.599937070E-01  6.999245510E-01  4.770022657E+00  2.901566701E+02  2.901566706E+02  6.827269548E-02  9.317272980E-01  7.039746579E-02  9.296025277E-01  2.829697715E-03  3.730814944E-02 
        15  2.500057384E-01  7.000450448E-01  3.040068823E+00  2.891647539E+02  2.891647542E+02  1.409274013E-01  8.590726043E-01  1.448136316E-01  8.551863740E-01  5.851211393E-03  3.442530841E-02 
        16  1.179999658E+00  1.300002449E+00  4.500000716E-01  2.920001546E+02  2.920001547E+02  2.525875840E-04  9.997474123E-01  2.611746159E-04  9.997388253E-01  1.041669716E-05  3.987361605E-02 
        17  2.090000552E+00  1.299991228E+00  2.640042717E+00  2.920008284E+02  2.920008363E+02  7.745540281E-06  9.999922470E-01  8.008924691E-06  9.999919836E-01  3.194275122E-07  3.988362070E-02 
        18  1.930000128E+00  1.300009553E+00  4.849983633E+00  2.920008047E+02  2.920008048E+02  1.459974516E-05  9.999854152E-01  1.509620134E-05  9.999849187E-01  6.020960789E-07  3.988334306E-02 
