nodenumber     x-coordinate     y-coordinate     z-coordinate      temperature total-temperature               n2              air         molef-n2        molef-air concentration-n2 concentration-air 
         1  1.180011401E+00  7.000440735E-01  4.499552279E-01  2.880504316E+02  2.880504317E+02  2.112172928E-01  7.887827054E-01  2.164625696E-01  7.835374285E-01  8.782682617E-03  3.165024002E-02 
         2  1.150002942E+00  1.299996259E+00  6.549998111E+00  2.919795041E+02  2.919795050E+02  2.150597731E-03  9.978493874E-01  2.223522328E-03  9.977764628E-01  8.869106154E-05  3.979816140E-02 
         3  2.599979183E-01  1.299834635E+00  4.769962194E+00  2.919654839E+02  2.919654845E+02  3.937764153E-03  9.960622200E-01  4.071105355E-03  9.959288788E-01  1.623922728E-04  3.972637546E-02 
         4  2.499957813E-01  1.300216226E+00  3.040010943E+00  2.919895852E+02  2.919895855E+02  2.041320694E-03  9.979586793E-01  2.110589203E-03  9.978894108E-01  8.418186791E-05  3.980129461E-02 
         5  1.179989316E+00  1.700000987E+00  4.500025386E-01  2.919829454E+02  2.919829455E+02  3.073790255E-03  9.969261867E-01  3.177982652E-03  9.968219943E-01  1.267582410E-04  3.975962340E-02 
         6  2.090000749E+00  1.699988964E+00  2.640041275E+00  2.919993776E+02  2.919993791E+02  2.415338310E-04  9.997584699E-01  2.497450566E-04  9.997502587E-01  9.960869394E-06  3.987417831E-02 
         7  1.929998960E+00  1.700096390E+00  4.850038151E+00  2.919971240E+02  2.919971246E+02  6.139587116E-04  9.993860432E-01  6.348182594E-04  9.993651836E-01  2.531948944E-05  3.985912737E-02 
         8  1.149997690E+00  1.699993700E+00  6.550001821E+00  2.919818863E+02  2.919818875E+02  1.841175600E-03  9.981588151E-01  1.903616289E-03  9.980963744E-01  7.593065691E-05  3.981059683E-02 
         9  2.599530306E-01  1.699784014E+00  4.769789816E+00  2.919622047E+02  2.919622056E+02  4.681480741E-03  9.953185214E-01  4.839893569E-03  9.951601085E-01  1.930599794E-04  3.969615718E-02 
        10  2.500325889E-01  1.700141952E+00  3.039603904E+00  2.919829661E+02  2.919829665E+02  3.141777943E-03  9.968582239E-01  3.248265951E-03  9.967517359E-01  1.295616198E-04  3.975681920E-02 
        11  2.090000512E+00  6.999920786E-01  2.640018387E+00  2.873388973E+02  2.873388979E+02  2.562244747E-01  7.437755402E-01  2.622110316E-01  7.377889833E-01  1.066281073E-02  2.987050626E-02 
        12  1.930000944E+00  7.000071781E-01  4.849993220E+00  2.886015414E+02  2.886015416E+02  2.165452015E-01  7.834547891E-01  2.217396291E-01  7.782603616E-01  8.984933732E-03  3.137085058E-02 
        13  1.149999460E+00  7.000041210E-01  6.549999896E+00  2.885167201E+02  2.885167208E+02  2.134395680E-01  7.865604395E-01  2.186762031E-01  7.813238043E-01  8.859338373E-03  3.150818319E-02 
        14  2.599937070E-01  6.999245510E-01  4.770022657E+00  2.883110667E+02  2.883110673E+02  2.225029930E-01  7.774970005E-01  2.281261812E-01  7.718738123E-01  9.231486589E-03  3.116388931E-02 
        15  2.500057384E-01  7.000450448E-01  3.040068823E+00  2.892616591E+02  2.892616595E+02  1.707149789E-01  8.292850267E-01  1.752150890E-01  8.247849165E-01  7.074097231E-03  3.318862086E-02 
        16  1.179999658E+00  1.300002449E+00  4.500000716E-01  2.919826248E+02  2.919826248E+02  3.033047095E-03  9.969669528E-01  3.135862971E-03  9.968641369E-01  1.250783708E-04  3.976134891E-02 
        17  2.090000552E+00  1.299991228E+00  2.640042717E+00  2.920000714E+02  2.920000785E+02  1.222559663E-04  9.998777366E-01  1.264126179E-04  9.998735799E-01  5.041850452E-06  3.987900167E-02 
        18  1.930000128E+00  1.300009553E+00  4.849983633E+00  2.919969185E+02  2.919969187E+02  6.825617160E-04  9.993174532E-01  7.057522995E-04  9.992942626E-01  2.814865122E-05  3.985632732E-02 
