nodenumber     x-coordinate     y-coordinate     z-coordinate      temperature total-temperature               n2              air         molef-n2        molef-air concentration-n2 concentration-air 
         1  1.180011401E+00  7.000440735E-01  4.499552279E-01  2.882936254E+02  2.882936255E+02  2.171147309E-01  7.828852673E-01  2.225137184E-01  7.774862797E-01  9.015085111E-03  3.138335661E-02 
         2  1.150002942E+00  1.299996259E+00  6.549998111E+00  2.919529757E+02  2.919529766E+02  4.881904043E-03  9.951180811E-01  5.047013872E-03  9.949529712E-01  2.013301650E-04  3.968914664E-02 
         3  2.599979183E-01  1.299834635E+00  4.769962194E+00  2.919710158E+02  2.919710162E+02  3.658207008E-03  9.963417772E-01  3.782126977E-03  9.962178572E-01  1.508619181E-04  3.973715003E-02 
         4  2.499957813E-01  1.300216226E+00  3.040010943E+00  2.919840122E+02  2.919840125E+02  2.594434519E-03  9.974055655E-01  2.682418989E-03  9.973175810E-01  1.069917125E-04  3.977924605E-02 
         5  1.179989316E+00  1.700000987E+00  4.500025386E-01  2.919767545E+02  2.919767546E+02  3.816084990E-03  9.961838920E-01  3.945339466E-03  9.960546375E-01  1.573686632E-04  3.972985872E-02 
         6  2.090000749E+00  1.699988964E+00  2.640041275E+00  2.919979815E+02  2.919979830E+02  4.634991905E-04  9.995365045E-01  4.792526346E-04  9.995207511E-01  1.911467843E-05  3.986521520E-02 
         7  1.929998960E+00  1.700096390E+00  4.850038151E+00  2.919815172E+02  2.919815174E+02  3.337199613E-03  9.966628022E-01  3.450279843E-03  9.965497220E-01  1.376201028E-04  3.974895865E-02 
         8  1.149997690E+00  1.699993700E+00  6.550001821E+00  2.919449664E+02  2.919449676E+02  5.800497612E-03  9.941994931E-01  5.996451664E-03  9.940035390E-01  2.392119808E-04  3.965235970E-02 
         9  2.599530306E-01  1.699784014E+00  4.769789816E+00  2.919595985E+02  2.919595990E+02  5.200349996E-03  9.947996521E-01  5.376231465E-03  9.946237706E-01  2.144558182E-04  3.967511741E-02 
        10  2.500325889E-01  1.700141952E+00  3.039603904E+00  2.919776263E+02  2.919776268E+02  3.628047843E-03  9.963719540E-01  3.750950795E-03  9.962490511E-01  1.496147935E-04  3.973749548E-02 
        11  2.090000512E+00  6.999920786E-01  2.640018387E+00  2.877354481E+02  2.877354489E+02  2.666442493E-01  7.333557656E-01  2.726654345E-01  7.273345804E-01  1.107434442E-02  2.940294344E-02 
        12  1.930000944E+00  7.000071781E-01  4.849993220E+00  2.892493966E+02  2.892493969E+02  1.626613744E-01  8.373386163E-01  1.670059112E-01  8.329940795E-01  6.743254252E-03  3.352119172E-02 
        13  1.149999460E+00  7.000041210E-01  6.549999896E+00  2.885806998E+02  2.885807004E+02  2.116543519E-01  7.883456556E-01  2.169456800E-01  7.830543275E-01  8.779455507E-03  3.157855627E-02 
        14  2.599937070E-01  6.999245510E-01  4.770022657E+00  2.885927051E+02  2.885927057E+02  2.199629079E-01  7.800370856E-01  2.253059315E-01  7.746940620E-01  9.123966399E-03  3.123278636E-02 
        15  2.500057384E-01  7.000450448E-01  3.040068823E+00  2.893039783E+02  2.893039790E+02  1.624755050E-01  8.375245006E-01  1.667964741E-01  8.332035315E-01  6.734611769E-03  3.352228516E-02 
        16  1.179999658E+00  1.300002449E+00  4.500000716E-01  2.919794256E+02  2.919794258E+02  3.398017829E-03  9.966019821E-01  3.513161719E-03  9.964868382E-01  1.401290146E-04  3.974673529E-02 
        17  2.090000552E+00  1.299991228E+00  2.640042717E+00  2.919995996E+02  2.919996061E+02  2.028758038E-04  9.997971167E-01  2.097727105E-04  9.997902198E-01  8.366609373E-06  3.987574136E-02 
        18  1.930000128E+00  1.300009553E+00  4.849983633E+00  2.919945573E+02  2.919945575E+02  1.107680425E-03  9.988923345E-01  1.145300798E-03  9.988547141E-01  4.568016976E-05  3.983911832E-02 
