nodenumber     x-coordinate     y-coordinate     z-coordinate      temperature total-temperature               n2              air         molef-n2        molef-air concentration-n2 concentration-air 
         1  1.180011401E+00  7.000440735E-01  4.499552279E-01  2.882935640E+02  2.882935641E+02  2.158037381E-01  7.841962600E-01  2.211259397E-01  7.788740585E-01  8.963272195E-03  3.143545303E-02 
         2  1.150002942E+00  1.299996259E+00  6.549998111E+00  2.919689081E+02  2.919689090E+02  3.179092563E-03  9.968208925E-01  3.286754636E-03  9.967132305E-01  1.311065659E-04  3.975719351E-02 
         3  2.599979183E-01  1.299834635E+00  4.769962194E+00  2.919629406E+02  2.919629409E+02  4.667276665E-03  9.953327075E-01  4.825210297E-03  9.951747739E-01  1.924739127E-04  3.969664128E-02 
         4  2.499957813E-01  1.300216226E+00  3.040010943E+00  2.919815973E+02  2.919815976E+02  2.722016155E-03  9.972779838E-01  2.814312043E-03  9.971856880E-01  1.122534872E-04  3.977431416E-02 
         5  1.179989316E+00  1.700000987E+00  4.500025386E-01  2.919836647E+02  2.919836648E+02  2.849113851E-03  9.971508631E-01  2.945711394E-03  9.970542656E-01  1.174935332E-04  3.976878986E-02 
         6  2.090000749E+00  1.699988964E+00  2.640041275E+00  2.919995539E+02  2.919995555E+02  2.019450349E-04  9.997980587E-01  2.088101658E-04  9.997911936E-01  8.328221649E-06  3.987578689E-02 
         7  1.929998960E+00  1.700096390E+00  4.850038151E+00  2.919928878E+02  2.919928883E+02  1.485977749E-03  9.985140241E-01  1.536424012E-03  9.984635779E-01  6.128046804E-05  3.982374503E-02 
         8  1.149997690E+00  1.699993700E+00  6.550001821E+00  2.919531666E+02  2.919531678E+02  4.764343776E-03  9.952356469E-01  4.925414648E-03  9.950745760E-01  1.964826192E-04  3.969396867E-02 
         9  2.599530306E-01  1.699784014E+00  4.769789816E+00  2.919577476E+02  2.919577481E+02  5.632918019E-03  9.943670841E-01  5.823349563E-03  9.941766525E-01  2.322924390E-04  3.965753367E-02 
        10  2.500325889E-01  1.700141952E+00  3.039603904E+00  2.919674230E+02  2.919674234E+02  5.036954792E-03  9.949630471E-01  5.207289320E-03  9.947927125E-01  2.077126442E-04  3.968079159E-02 
        11  2.090000512E+00  6.999920786E-01  2.640018387E+00  2.877101766E+02  2.877101773E+02  2.641773451E-01  7.358226698E-01  2.701718792E-01  7.298281357E-01  1.097418064E-02  2.950667364E-02 
        12  1.930000944E+00  7.000071781E-01  4.849993220E+00  2.886786833E+02  2.886786838E+02  1.955249526E-01  8.044750381E-01  2.005954122E-01  7.994045785E-01  8.110851761E-03  3.223317728E-02 
        13  1.149999460E+00  7.000041210E-01  6.549999896E+00  2.887893064E+02  2.887893069E+02  2.033692904E-01  7.966307171E-01  2.084882430E-01  7.915117645E-01  8.432472547E-03  3.189639210E-02 
        14  2.599937070E-01  6.999245510E-01  4.770022657E+00  2.884821411E+02  2.884821416E+02  2.241507779E-01  7.758492155E-01  2.297949434E-01  7.702050501E-01  9.293155331E-03  3.107819970E-02 
        15  2.500057384E-01  7.000450448E-01  3.040068823E+00  2.890495184E+02  2.890495190E+02  1.822438793E-01  8.177561262E-01  1.869307647E-01  8.130692409E-01  7.556987790E-03  3.273565974E-02 
        16  1.179999658E+00  1.300002449E+00  4.500000716E-01  2.919853247E+02  2.919853248E+02  2.519555291E-03  9.974804446E-01  2.605009575E-03  9.973949903E-01  1.039035783E-04  3.978215488E-02 
        17  2.090000552E+00  1.299991228E+00  2.640042717E+00  2.920002194E+02  2.920002260E+02  1.092442341E-04  9.998907483E-01  1.129583719E-04  9.998870342E-01  4.505241830E-06  3.987951807E-02 
        18  1.930000128E+00  1.300009553E+00  4.849983633E+00  2.919962389E+02  2.919962391E+02  8.168632592E-04  9.991831516E-01  8.446141308E-04  9.991554008E-01  3.368714943E-05  3.985088165E-02 
