nodenumber     x-coordinate     y-coordinate     z-coordinate      temperature total-temperature               n2              air         molef-n2        molef-air concentration-n2 concentration-air 
         1  1.180011401E+00  7.000440735E-01  4.499552279E-01  2.886047794E+02  2.886047795E+02  1.525784822E-01  8.474215159E-01  1.567493470E-01  8.432506511E-01  6.345331822E-03  3.400950274E-02 
         2  1.150002942E+00  1.299996259E+00  6.549998111E+00  2.919999737E+02  2.919999741E+02  8.452916937E-05  9.999154559E-01  8.740315663E-05  9.999125819E-01  3.486000518E-06  3.988057028E-02 
         3  2.599979183E-01  1.299834635E+00  4.769962194E+00  2.919948329E+02  2.919948331E+02  7.887071560E-04  9.992112770E-01  8.155000397E-04  9.991844841E-01  3.252619779E-05  3.985223220E-02 
         4  2.499957813E-01  1.300216226E+00  3.040010943E+00  2.919724296E+02  2.919724298E+02  3.443790882E-03  9.965562091E-01  3.560460228E-03  9.964395398E-01  1.420197918E-04  3.974580029E-02 
         5  1.179989316E+00  1.700000987E+00  4.500025386E-01  2.919959751E+02  2.919959752E+02  9.581203711E-04  9.990418566E-01  9.906686795E-04  9.990093083E-01  3.951243701E-05  3.984508937E-02 
         6  2.090000749E+00  1.699988964E+00  2.640041275E+00  2.920004422E+02  2.920004438E+02  3.784376520E-05  9.999621600E-01  3.913058097E-05  9.999608731E-01  1.560684170E-06  3.988243309E-02 
         7  1.929998960E+00  1.700096390E+00  4.850038151E+00  2.920006257E+02  2.920006261E+02  1.041539497E-05  9.999895865E-01  1.076956530E-05  9.999892323E-01  4.295329844E-07  3.988353902E-02 
         8  1.149997690E+00  1.699993700E+00  6.550001821E+00  2.919994566E+02  2.919994572E+02  1.081726627E-04  9.998918180E-01  1.118502414E-04  9.998881404E-01  4.461068391E-06  3.987966629E-02 
         9  2.599530306E-01  1.699784014E+00  4.769789816E+00  2.920003605E+02  2.920003610E+02  4.444895004E-05  9.999555531E-01  4.596035290E-05  9.999540417E-01  1.833083417E-06  3.988217172E-02 
        10  2.500325889E-01  1.700141952E+00  3.039603904E+00  2.919664960E+02  2.919664965E+02  4.860774311E-03  9.951392276E-01  5.025218299E-03  9.949747836E-01  2.004496246E-04  3.968818123E-02 
        11  2.090000512E+00  6.999920786E-01  2.640018387E+00  2.875145560E+02  2.875145569E+02  2.085888652E-01  7.914111497E-01  2.139173299E-01  7.860826850E-01  8.685568997E-03  3.182217696E-02 
        12  1.930000944E+00  7.000071781E-01  4.849993220E+00  2.884693465E+02  2.884693466E+02  1.861818433E-01  8.138181474E-01  1.909365844E-01  8.090634063E-01  7.739547007E-03  3.263479303E-02 
        13  1.149999460E+00  7.000041210E-01  6.549999896E+00  2.898773242E+02  2.898773248E+02  1.195183672E-01  8.804816402E-01  1.228759765E-01  8.771240309E-01  4.953125486E-03  3.522404902E-02 
        14  2.599937070E-01  6.999245510E-01  4.770022657E+00  2.887074537E+02  2.887074548E+02  1.584958845E-01  8.415041089E-01  1.628635135E-01  8.371364800E-01  6.583269266E-03  3.375666790E-02 
        15  2.500057384E-01  7.000450448E-01  3.040068823E+00  2.880728744E+02  2.880728746E+02  2.075807597E-01  7.924192459E-01  2.128129768E-01  7.871870288E-01  8.632324114E-03  3.179752943E-02 
        16  1.179999658E+00  1.300002449E+00  4.500000716E-01  2.919953354E+02  2.919953355E+02  1.078653976E-03  9.989213459E-01  1.115292870E-03  9.988847070E-01  4.448311232E-05  3.984020789E-02 
        17  2.090000552E+00  1.299991228E+00  2.640042717E+00  2.920007560E+02  2.920007641E+02  1.903879131E-05  9.999809538E-01  1.968618464E-05  9.999803064E-01  7.851630564E-07  3.988316485E-02 
        18  1.930000128E+00  1.300009553E+00  4.849983633E+00  2.920007512E+02  2.920007514E+02  4.566707582E-05  9.999543478E-01  4.721989424E-05  9.999527950E-01  1.883316186E-06  3.988206914E-02 
