nodenumber     x-coordinate     y-coordinate     z-coordinate      temperature total-temperature               n2              air         molef-n2        molef-air concentration-n2 concentration-air 
         1  1.180011401E+00  7.000440735E-01  4.499552279E-01  2.884023959E+02  2.884023961E+02  2.057720478E-01  7.942279503E-01  2.109276141E-01  7.890723840E-01  8.545733485E-03  3.183759271E-02 
         2  1.150002942E+00  1.299996259E+00  6.549998111E+00  2.919621021E+02  2.919621028E+02  4.359712282E-03  9.956402728E-01  4.507272514E-03  9.954927126E-01  1.797924925E-04  3.970943734E-02 
         3  2.599979183E-01  1.299834635E+00  4.769962194E+00  2.919634184E+02  2.919634187E+02  4.388814306E-03  9.956111699E-01  4.537370104E-03  9.954626141E-01  1.809917661E-04  3.970805815E-02 
         4  2.499957813E-01  1.300216226E+00  3.040010943E+00  2.919900852E+02  2.919900855E+02  1.876731062E-03  9.981232689E-01  1.940424708E-03  9.980595753E-01  7.739466493E-05  3.980801352E-02 
         5  1.179989316E+00  1.700000987E+00  4.500025386E-01  2.919802344E+02  2.919802347E+02  3.233401454E-03  9.967665755E-01  3.342983644E-03  9.966569933E-01  1.333408290E-04  3.975341116E-02 
         6  2.090000749E+00  1.699988964E+00  2.640041275E+00  2.919984423E+02  2.919984439E+02  3.889167537E-04  9.996110870E-01  4.021358232E-04  9.995978679E-01  1.603891017E-05  3.986822803E-02 
         7  1.929998960E+00  1.700096390E+00  4.850038151E+00  2.919957722E+02  2.919957726E+02  9.578076283E-04  9.990421942E-01  9.903355168E-04  9.990096663E-01  3.949939163E-05  3.984513212E-02 
         8  1.149997690E+00  1.699993700E+00  6.550001821E+00  2.919459110E+02  2.919459119E+02  5.981454662E-03  9.940185360E-01  6.183560713E-03  9.938164300E-01  2.466724817E-04  3.964477004E-02 
         9  2.599530306E-01  1.699784014E+00  4.769789816E+00  2.919490073E+02  2.919490078E+02  6.349106816E-03  9.936508953E-01  6.563589322E-03  9.934364128E-01  2.618283718E-04  3.962919195E-02 
        10  2.500325889E-01  1.700141952E+00  3.039603904E+00  2.919835786E+02  2.919835790E+02  3.037388143E-03  9.969626137E-01  3.140348606E-03  9.968596533E-01  1.252569342E-04  3.976104021E-02 
        11  2.090000512E+00  6.999920786E-01  2.640018387E+00  2.871948806E+02  2.871948814E+02  2.947262409E-01  7.052737740E-01  3.011566451E-01  6.988433698E-01  1.225152781E-02  2.830206239E-02 
        12  1.930000944E+00  7.000071781E-01  4.849993220E+00  2.890318581E+02  2.890318585E+02  1.777630713E-01  8.222369194E-01  1.824824103E-01  8.175175804E-01  7.369317762E-03  3.292530711E-02 
        13  1.149999460E+00  7.000041210E-01  6.549999896E+00  2.892357008E+02  2.892357014E+02  1.673155702E-01  8.326844372E-01  1.717290956E-01  8.282709119E-01  6.936076648E-03  3.333039649E-02 
        14  2.599937070E-01  6.999245510E-01  4.770022657E+00  2.889093838E+02  2.889093844E+02  2.001710377E-01  7.998289558E-01  2.052940125E-01  7.947059810E-01  8.296138941E-03  3.201577383E-02 
        15  2.500057384E-01  7.000450448E-01  3.040068823E+00  2.885371941E+02  2.885371951E+02  1.983123963E-01  8.016876093E-01  2.032923026E-01  7.967077030E-01  8.234194545E-03  3.213022099E-02 
        16  1.179999658E+00  1.300002449E+00  4.500000716E-01  2.919864137E+02  2.919864140E+02  2.301905288E-03  9.976980946E-01  2.379993707E-03  9.976200062E-01  9.492826456E-05  3.979098143E-02 
        17  2.090000552E+00  1.299991228E+00  2.640042717E+00  2.919994303E+02  2.919994375E+02  2.200390931E-04  9.997799535E-01  2.275193022E-04  9.997724732E-01  9.074424420E-06  3.987505667E-02 
        18  1.930000128E+00  1.300009553E+00  4.849983633E+00  2.919963970E+02  2.919963971E+02  7.362544532E-04  9.992637604E-01  7.612659555E-04  9.992387489E-01  3.036290881E-05  3.985418430E-02 
