nodenumber     x-coordinate     y-coordinate     z-coordinate      temperature total-temperature               n2              air         molef-n2        molef-air concentration-n2 concentration-air 
         1  1.180011401E+00  7.000440735E-01  4.499552279E-01  2.880919903E+02  2.880919904E+02  2.265702483E-01  7.734297498E-01  2.320456304E-01  7.679543677E-01  9.414206041E-03  3.101295972E-02 
         2  1.150002942E+00  1.299996259E+00  6.549998111E+00  2.919525935E+02  2.919525943E+02  5.098839093E-03  9.949011460E-01  5.271279935E-03  9.947287052E-01  2.102753311E-04  3.968025366E-02 
         3  2.599979183E-01  1.299834635E+00  4.769962194E+00  2.919639211E+02  2.919639215E+02  4.467234565E-03  9.955327496E-01  4.618421882E-03  9.953815623E-01  1.842250812E-04  3.970475617E-02 
         4  2.499957813E-01  1.300216226E+00  3.040010943E+00  2.919844186E+02  2.919844189E+02  2.533390279E-03  9.974666097E-01  2.619310899E-03  9.973806891E-01  1.044743841E-04  3.978170786E-02 
         5  1.179989316E+00  1.700000987E+00  4.500025386E-01  2.919770743E+02  2.919770745E+02  3.696083811E-03  9.963038931E-01  3.821288870E-03  9.961786881E-01  1.524204712E-04  3.973476322E-02 
         6  2.090000749E+00  1.699988964E+00  2.640041275E+00  2.919995343E+02  2.919995359E+02  2.190667259E-04  9.997809370E-01  2.265139006E-04  9.997734898E-01  9.034317689E-06  3.987508347E-02 
         7  1.929998960E+00  1.700096390E+00  4.850038151E+00  2.919859007E+02  2.919859010E+02  2.469319105E-03  9.975306828E-01  2.553057718E-03  9.974469441E-01  1.018316342E-04  3.978414831E-02 
         8  1.149997690E+00  1.699993700E+00  6.550001821E+00  2.919562272E+02  2.919562284E+02  4.591683321E-03  9.954083074E-01  4.747003308E-03  9.952529874E-01  1.893610982E-04  3.970067192E-02 
         9  2.599530306E-01  1.699784014E+00  4.769789816E+00  2.919562296E+02  2.919562302E+02  5.651471197E-03  9.943485309E-01  5.842490020E-03  9.941575121E-01  2.330584653E-04  3.965697508E-02 
        10  2.500325889E-01  1.700141952E+00  3.039603904E+00  2.919786798E+02  2.919786803E+02  3.627284107E-03  9.963727178E-01  3.750160440E-03  9.962498414E-01  1.495827050E-04  3.973738365E-02 
        11  2.090000512E+00  6.999920786E-01  2.640018387E+00  2.875311163E+02  2.875311171E+02  2.763938972E-01  7.236061177E-01  2.824555588E-01  7.175444561E-01  1.148699572E-02  2.901955131E-02 
        12  1.930000944E+00  7.000071781E-01  4.849993220E+00  2.891479069E+02  2.891479073E+02  1.710359938E-01  8.289639969E-01  1.755705075E-01  8.244294832E-01  7.090278067E-03  3.318827896E-02 
        13  1.149999460E+00  7.000041210E-01  6.549999896E+00  2.883295459E+02  2.883295463E+02  2.316158204E-01  7.683841870E-01  2.372264595E-01  7.627735480E-01  9.609271799E-03  3.078402636E-02 
        14  2.599937070E-01  6.999245510E-01  4.770022657E+00  2.884924109E+02  2.884924112E+02  2.247391632E-01  7.752608303E-01  2.303764793E-01  7.696235142E-01  9.317657937E-03  3.105234310E-02 
        15  2.500057384E-01  7.000450448E-01  3.040068823E+00  2.888630124E+02  2.888630130E+02  2.005080171E-01  7.994919884E-01  2.054869703E-01  7.945130353E-01  8.313648497E-03  3.200509904E-02 
        16  1.179999658E+00  1.300002449E+00  4.500000716E-01  2.919839413E+02  2.919839415E+02  2.651258168E-03  9.973487417E-01  2.741166751E-03  9.972588331E-01  1.093348772E-04  3.977691256E-02 
        17  2.090000552E+00  1.299991228E+00  2.640042717E+00  2.920000198E+02  2.920000265E+02  1.427159879E-04  9.998572766E-01  1.475679891E-04  9.998524246E-01  5.885617878E-06  3.987816496E-02 
        18  1.930000128E+00  1.300009553E+00  4.849983633E+00  2.919945733E+02  2.919945735E+02  9.817039657E-04  9.990183109E-01  1.015045379E-03  9.989849695E-01  4.048508703E-05  3.984431122E-02 
