nodenumber     x-coordinate     y-coordinate     z-coordinate      temperature total-temperature               n2              air         molef-n2        molef-air concentration-n2 concentration-air 
         1  1.180011401E+00  7.000440735E-01  4.499552279E-01  2.903314990E+02  2.903314992E+02  5.390471816E-02  9.460952800E-01  5.556954745E-02  9.444304507E-01  2.237601180E-03  3.787656121E-02 
         2  1.150002942E+00  1.299996259E+00  6.549998111E+00  2.920007174E+02  2.920007177E+02  1.098720419E-05  9.999889979E-01  1.136081871E-05  9.999886243E-01  4.531145528E-07  3.988350158E-02 
         3  2.599979183E-01  1.299834635E+00  4.769962194E+00  2.919980537E+02  2.919980538E+02  2.607041379E-04  9.997392800E-01  2.695663534E-04  9.997304178E-01  1.075149802E-05  3.987356697E-02 
         4  2.499957813E-01  1.300216226E+00  3.040010943E+00  2.919914737E+02  2.919914740E+02  1.714481463E-03  9.982855185E-01  1.772669180E-03  9.982273308E-01  7.070356673E-05  3.981451495E-02 
         5  1.179989316E+00  1.700000987E+00  4.500025386E-01  2.920001098E+02  2.920001100E+02  2.013979036E-04  9.997985790E-01  2.082449853E-04  9.997917320E-01  8.305651651E-06  3.987573138E-02 
         6  2.090000749E+00  1.699988964E+00  2.640041275E+00  2.920004706E+02  2.920004719E+02  1.961256095E-05  9.999803912E-01  2.027947407E-05  9.999797243E-01  8.088264040E-07  3.988318107E-02 
         7  1.929998960E+00  1.700096390E+00  4.850038151E+00  2.920006245E+02  2.920006247E+02  8.161247083E-07  9.999991857E-01  8.438771118E-07  9.999991580E-01  3.365716597E-08  3.988393507E-02 
         8  1.149997690E+00  1.699993700E+00  6.550001821E+00  2.920003187E+02  2.920003192E+02  2.352370208E-05  9.999764670E-01  2.432359120E-05  9.999756671E-01  9.701233601E-07  3.988303948E-02 
         9  2.599530306E-01  1.699784014E+00  4.769789816E+00  2.920005936E+02  2.920005939E+02  3.033290754E-06  9.999969688E-01  3.136437873E-06  9.999968657E-01  1.250936021E-07  3.988384787E-02 
        10  2.500325889E-01  1.700141952E+00  3.039603904E+00  2.919993138E+02  2.919993141E+02  4.104203641E-04  9.995895815E-01  4.243681356E-04  9.995756337E-01  1.692560700E-05  3.986722215E-02 
        11  2.090000512E+00  6.999920786E-01  2.640018387E+00  2.896326017E+02  2.896326025E+02  8.016578788E-02  9.198342270E-01  8.258585791E-02  9.174141570E-01  3.329325738E-03  3.688153732E-02 
        12  1.930000944E+00  7.000071781E-01  4.849993220E+00  2.898355641E+02  2.898355645E+02  8.520973341E-02  9.147902573E-01  8.772061249E-02  9.122793782E-01  3.539146880E-03  3.664406172E-02 
        13  1.149999460E+00  7.000041210E-01  6.549999896E+00  2.905695525E+02  2.905695532E+02  5.345520265E-02  9.465448048E-01  5.510639999E-02  9.448936075E-01  2.215700346E-03  3.786530531E-02 
        14  2.599937070E-01  6.999245510E-01  4.770022657E+00  2.902896218E+02  2.902896222E+02  5.823266697E-02  9.417673265E-01  6.006984433E-02  9.399301491E-01  2.413163913E-03  3.770623504E-02 
        15  2.500057384E-01  7.000450448E-01  3.040068823E+00  2.896259242E+02  2.896259244E+02  1.058796363E-01  8.941203693E-01  1.089759228E-01  8.910240828E-01  4.394064869E-03  3.581800551E-02 
        16  1.179999658E+00  1.300002449E+00  4.500000716E-01  2.920002187E+02  2.920002187E+02  2.001805824E-04  9.997998193E-01  2.069863183E-04  9.997930136E-01  8.255447816E-06  3.987576855E-02 
        17  2.090000552E+00  1.299991228E+00  2.640042717E+00  2.920007964E+02  2.920008037E+02  7.641586314E-06  9.999923510E-01  7.901436244E-06  9.999920911E-01  3.151405059E-07  3.988362936E-02 
        18  1.930000128E+00  1.300009553E+00  4.849983633E+00  2.920007969E+02  2.920007970E+02  1.129805954E-05  9.999887168E-01  1.168224642E-05  9.999883327E-01  4.659340986E-07  3.988348029E-02 
