nodenumber     x-coordinate     y-coordinate     z-coordinate      temperature total-temperature               n2              air         molef-n2        molef-air concentration-n2 concentration-air 
         1  1.180011401E+00  7.000440735E-01  4.499552279E-01  2.888275264E+02  2.888275271E+02  1.493628906E-01  8.506371075E-01  1.533575761E-01  8.466424221E-01  6.213104624E-03  3.411131585E-02 
         2  1.150002942E+00  1.299996259E+00  6.549998111E+00  2.920000239E+02  2.920000243E+02  8.345693657E-05  9.999165282E-01  8.629447916E-05  9.999136906E-01  3.441780609E-06  3.988060765E-02 
         3  2.599979183E-01  1.299834635E+00  4.769962194E+00  2.919851778E+02  2.919851781E+02  2.084363618E-03  9.979156205E-01  2.155062013E-03  9.978449222E-01  8.595785257E-05  3.980011944E-02 
         4  2.499957813E-01  1.300216226E+00  3.040010943E+00  2.919777634E+02  2.919777636E+02  3.020212087E-03  9.969797879E-01  3.122572126E-03  9.968774279E-01  1.245510474E-04  3.976254036E-02 
         5  1.179989316E+00  1.700000987E+00  4.500025386E-01  2.919984268E+02  2.919984271E+02  4.974224584E-04  9.995025545E-01  5.143272567E-04  9.994856497E-01  2.051359618E-05  3.986375332E-02 
         6  2.090000749E+00  1.699988964E+00  2.640041275E+00  2.920003473E+02  2.920003489E+02  5.658175130E-05  9.999434220E-01  5.850568240E-05  9.999414980E-01  2.333441580E-06  3.988167330E-02 
         7  1.929998960E+00  1.700096390E+00  4.850038151E+00  2.920006201E+02  2.920006205E+02  2.728933351E-05  9.999727125E-01  2.821727113E-05  9.999717846E-01  1.125416765E-06  3.988284390E-02 
         8  1.149997690E+00  1.699993700E+00  6.550001821E+00  2.919995009E+02  2.919995015E+02  1.118663890E-04  9.998881243E-01  1.156695323E-04  9.998843212E-01  4.613396068E-06  3.987950791E-02 
         9  2.599530306E-01  1.699784014E+00  4.769789816E+00  2.919939687E+02  2.919939693E+02  9.953832088E-04  9.990046189E-01  1.029191347E-03  9.989708107E-01  4.104931327E-05  3.984382856E-02 
        10  2.500325889E-01  1.700141952E+00  3.039603904E+00  2.919763972E+02  2.919763977E+02  3.789713188E-03  9.962102887E-01  3.918055038E-03  9.960819468E-01  1.562812430E-04  3.973099694E-02 
        11  2.090000512E+00  6.999920786E-01  2.640018387E+00  2.876966680E+02  2.876966689E+02  2.046707400E-01  7.953292749E-01  2.098440210E-01  7.901559939E-01  8.521481631E-03  3.196101611E-02 
        12  1.930000944E+00  7.000071781E-01  4.849993220E+00  2.884125650E+02  2.884125653E+02  1.789906855E-01  8.210093052E-01  1.836609080E-01  8.163390827E-01  7.442584765E-03  3.293944046E-02 
        13  1.149999460E+00  7.000041210E-01  6.549999896E+00  2.887820511E+02  2.887820516E+02  1.801250360E-01  8.198749714E-01  1.848355697E-01  8.151644378E-01  7.476190690E-03  3.285369287E-02 
        14  2.599937070E-01  6.999245510E-01  4.770022657E+00  2.887965405E+02  2.887965409E+02  1.580726910E-01  8.419273025E-01  1.624331559E-01  8.375668376E-01  6.563075948E-03  3.376431420E-02 
        15  2.500057384E-01  7.000450448E-01  3.040068823E+00  2.876830016E+02  2.876830021E+02  2.584243889E-01  7.415756167E-01  2.644856657E-01  7.355143399E-01  1.073818037E-02  2.974633228E-02 
        16  1.179999658E+00  1.300002449E+00  4.500000716E-01  2.919970486E+02  2.919970487E+02  7.429103854E-04  9.992570895E-01  7.681533769E-04  9.992318465E-01  3.063739109E-05  3.985381961E-02 
        17  2.090000552E+00  1.299991228E+00  2.640042717E+00  2.920006931E+02  2.920007007E+02  2.981284841E-05  9.999701797E-01  3.082658507E-05  9.999691660E-01  1.229486796E-06  3.988272912E-02 
        18  1.930000128E+00  1.300009553E+00  4.849983633E+00  2.920007272E+02  2.920007273E+02  5.911714323E-05  9.999408978E-01  6.112728223E-05  9.999388876E-01  2.437998038E-06  3.988151774E-02 
