nodenumber     x-coordinate     y-coordinate     z-coordinate      temperature total-temperature               n2              air         molef-n2        molef-air concentration-n2 concentration-air 
         1  1.180011401E+00  7.000440735E-01  4.499552279E-01  2.882607927E+02  2.882607928E+02  2.121557325E-01  7.878442657E-01  2.174552310E-01  7.825447671E-01  8.812302613E-03  3.159078257E-02 
         2  1.150002942E+00  1.299996259E+00  6.549998111E+00  2.919530623E+02  2.919530629E+02  5.433443290E-03  9.945665418E-01  5.617148254E-03  9.943828368E-01  2.240714329E-04  3.966639350E-02 
         3  2.599979183E-01  1.299834635E+00  4.769962194E+00  2.919588970E+02  2.919588973E+02  5.023091483E-03  9.949768927E-01  5.192981880E-03  9.948070023E-01  2.071477259E-04  3.968251996E-02 
         4  2.499957813E-01  1.300216226E+00  3.040010943E+00  2.919866210E+02  2.919866213E+02  2.273100057E-03  9.977268999E-01  2.350214888E-03  9.976497851E-01  9.374041763E-05  3.979214096E-02 
         5  1.179989316E+00  1.700000987E+00  4.500025386E-01  2.919816183E+02  2.919816186E+02  2.999835139E-03  9.970001418E-01  3.101527846E-03  9.968984491E-01  1.237093119E-04  3.976285362E-02 
         6  2.090000749E+00  1.699988964E+00  2.640041275E+00  2.919984006E+02  2.919984020E+02  3.890542484E-04  9.996109495E-01  4.022782143E-04  9.995977255E-01  1.604458669E-05  3.986822804E-02 
         7  1.929998960E+00  1.700096390E+00  4.850038151E+00  2.919898895E+02  2.919898898E+02  2.077023136E-03  9.979229787E-01  2.147497163E-03  9.978525047E-01  8.565394610E-05  3.979978111E-02 
         8  1.149997690E+00  1.699993700E+00  6.550001821E+00  2.919435340E+02  2.919435349E+02  6.462098509E-03  9.935378922E-01  6.680339136E-03  9.933196516E-01  2.664917527E-04  3.962527556E-02 
         9  2.599530306E-01  1.699784014E+00  4.769789816E+00  2.919533380E+02  2.919533386E+02  6.157147626E-03  9.938428545E-01  6.365186627E-03  9.936348155E-01  2.539100969E-04  3.963651850E-02 
        10  2.500325889E-01  1.700141952E+00  3.039603904E+00  2.919807958E+02  2.919807961E+02  3.312170461E-03  9.966878314E-01  3.424414061E-03  9.965755878E-01  1.365885466E-04  3.975008874E-02 
        11  2.090000512E+00  6.999920786E-01  2.640018387E+00  2.880887315E+02  2.880887324E+02  2.445318589E-01  7.554681560E-01  2.501402738E-01  7.498597411E-01  1.015394727E-02  3.027392062E-02 
        12  1.930000944E+00  7.000071781E-01  4.849993220E+00  2.884982154E+02  2.884982163E+02  2.066062245E-01  7.933937661E-01  2.118256212E-01  7.881743695E-01  8.574597961E-03  3.179498136E-02 
        13  1.149999460E+00  7.000041210E-01  6.549999896E+00  2.888781397E+02  2.888781403E+02  1.933110876E-01  8.066889199E-01  1.982575818E-01  8.017424257E-01  8.014861943E-03  3.230143989E-02 
        14  2.599937070E-01  6.999245510E-01  4.770022657E+00  2.885947780E+02  2.885947784E+02  2.185083620E-01  7.814916314E-01  2.239136473E-01  7.760863462E-01  9.062029489E-03  3.129414845E-02 
        15  2.500057384E-01  7.000450448E-01  3.040068823E+00  2.887640716E+02  2.887640723E+02  1.961968020E-01  8.038032036E-01  2.011571795E-01  7.988428261E-01  8.138747342E-03  3.219372693E-02 
        16  1.179999658E+00  1.300002449E+00  4.500000716E-01  2.919853644E+02  2.919853646E+02  2.456231228E-03  9.975437687E-01  2.539543184E-03  9.974604567E-01  1.012923686E-04  3.978476067E-02 
        17  2.090000552E+00  1.299991228E+00  2.640042717E+00  2.919998166E+02  2.919998233E+02  1.661273778E-04  9.998338652E-01  1.717751222E-04  9.998282174E-01  6.851104553E-06  3.987722723E-02 
        18  1.930000128E+00  1.300009553E+00  4.849983633E+00  2.919951897E+02  2.919951899E+02  1.055855942E-03  9.989441590E-01  1.091718817E-03  9.989082961E-01  4.354294706E-05  3.984116916E-02 
