nodenumber     x-coordinate     y-coordinate     z-coordinate      temperature total-temperature               n2              air         molef-n2        molef-air concentration-n2 concentration-air 
         1  1.180011401E+00  7.000440735E-01  4.499552279E-01  2.883463373E+02  2.883463374E+02  1.957288998E-01  8.042710983E-01  2.006981614E-01  7.993018368E-01  8.135548320E-03  3.225587619E-02 
         2  1.150002942E+00  1.299996259E+00  6.549998111E+00  2.919944873E+02  2.919944880E+02  6.695871445E-04  9.993303980E-01  6.923344933E-04  9.993076506E-01  2.761386554E-05  3.985719181E-02 
         3  2.599979183E-01  1.299834635E+00  4.769962194E+00  2.919739787E+02  2.919739791E+02  3.409322144E-03  9.965906620E-01  3.524840751E-03  9.964751434E-01  1.405977657E-04  3.974700940E-02 
         4  2.499957813E-01  1.300216226E+00  3.040010943E+00  2.919831555E+02  2.919831559E+02  2.769173448E-03  9.972308266E-01  2.863053702E-03  9.971369463E-01  1.141973230E-04  3.977215748E-02 
         5  1.179989316E+00  1.700000987E+00  4.500025386E-01  2.919874013E+02  2.919874015E+02  2.415096392E-03  9.975848806E-01  2.497014729E-03  9.975029622E-01  9.959542536E-05  3.978617754E-02 
         6  2.090000749E+00  1.699988964E+00  2.640041275E+00  2.920003255E+02  2.920003273E+02  7.555529801E-05  9.999244484E-01  7.812431928E-05  9.999218794E-01  3.115911882E-06  3.988089379E-02 
         7  1.929998960E+00  1.700096390E+00  4.850038151E+00  2.920006502E+02  2.920006507E+02  1.666628838E-05  9.999833356E-01  1.723300286E-05  9.999827689E-01  6.873203326E-07  3.988327789E-02 
         8  1.149997690E+00  1.699993700E+00  6.550001821E+00  2.919931938E+02  2.919931948E+02  7.226421059E-04  9.992773486E-01  7.471865453E-04  9.992528041E-01  2.980196018E-05  3.985518087E-02 
         9  2.599530306E-01  1.699784014E+00  4.769789816E+00  2.919651159E+02  2.919651165E+02  4.927939310E-03  9.950720628E-01  5.094657395E-03  9.949053447E-01  2.032199464E-04  3.968559946E-02 
        10  2.500325889E-01  1.700141952E+00  3.039603904E+00  2.919780980E+02  2.919780984E+02  3.763088156E-03  9.962369137E-01  3.890551173E-03  9.961094507E-01  1.551827058E-04  3.973186313E-02 
        11  2.090000512E+00  6.999920786E-01  2.640018387E+00  2.884293604E+02  2.884293612E+02  1.940745054E-01  8.059255095E-01  1.990550122E-01  8.009450027E-01  8.059560185E-03  3.231961550E-02 
        12  1.930000944E+00  7.000071781E-01  4.849993220E+00  2.886877441E+02  2.886877447E+02  1.917026271E-01  8.082973635E-01  1.965341562E-01  8.034658345E-01  7.958761586E-03  3.238472381E-02 
        13  1.149999460E+00  7.000041210E-01  6.549999896E+00  2.891585133E+02  2.891585140E+02  1.760051860E-01  8.239948214E-01  1.806315044E-01  8.193685030E-01  7.296037403E-03  3.298122482E-02 
        14  2.599937070E-01  6.999245510E-01  4.770022657E+00  2.888710615E+02  2.888710621E+02  1.738352326E-01  8.261647608E-01  1.785126848E-01  8.214873086E-01  7.211544784E-03  3.310548181E-02 
        15  2.500057384E-01  7.000450448E-01  3.040068823E+00  2.881643039E+02  2.881643042E+02  2.455139508E-01  7.544860548E-01  2.513027606E-01  7.486972450E-01  1.018810238E-02  3.022860722E-02 
        16  1.179999658E+00  1.300002449E+00  4.500000716E-01  2.919902988E+02  2.919902990E+02  1.871814673E-03  9.981281852E-01  1.935342017E-03  9.980646579E-01  7.719187245E-05  3.980818712E-02 
        17  2.090000552E+00  1.299991228E+00  2.640042717E+00  2.920006882E+02  2.920006956E+02  3.751427377E-05  9.999624783E-01  3.878987014E-05  9.999612027E-01  1.547094278E-06  3.988241219E-02 
        18  1.930000128E+00  1.300009553E+00  4.849983633E+00  2.920008693E+02  2.920008696E+02  8.164939363E-05  9.999183655E-01  8.442559870E-05  9.999155893E-01  3.367225306E-06  3.988056910E-02 
