nodenumber     x-coordinate     y-coordinate     z-coordinate      temperature total-temperature               n2              air         molef-n2        molef-air concentration-n2 concentration-air 
         1  1.180011401E+00  7.000440735E-01  4.499552279E-01  2.890426755E+02  2.890426755E+02  1.318841731E-01  8.681158250E-01  1.355475865E-01  8.644524116E-01  5.482948212E-03  3.481092669E-02 
         2  1.150002942E+00  1.299996259E+00  6.549998111E+00  2.920001186E+02  2.920001191E+02  6.869613046E-05  9.999312890E-01  7.103186074E-05  9.999289532E-01  2.833042998E-06  3.988120344E-02 
         3  2.599979183E-01  1.299834635E+00  4.769962194E+00  2.919914985E+02  2.919914988E+02  1.327377714E-03  9.986726065E-01  1.372447812E-03  9.986275364E-01  5.474054398E-05  3.983047332E-02 
         4  2.499957813E-01  1.300216226E+00  3.040010943E+00  2.919726871E+02  2.919726872E+02  3.351879826E-03  9.966481202E-01  3.465441406E-03  9.965345586E-01  1.382297310E-04  3.974955518E-02 
         5  1.179989316E+00  1.700000987E+00  4.500025386E-01  2.919973553E+02  2.919973554E+02  7.305758567E-04  9.992694011E-01  7.553999041E-04  9.992445770E-01  3.012869298E-05  3.985428459E-02 
         6  2.090000749E+00  1.699988964E+00  2.640041275E+00  2.920005286E+02  2.920005302E+02  2.250129546E-05  9.999775024E-01  2.326643127E-05  9.999767373E-01  9.279580569E-07  3.988305401E-02 
         7  1.929998960E+00  1.700096390E+00  4.850038151E+00  2.920006306E+02  2.920006309E+02  4.332929066E-06  9.999956689E-01  4.480269820E-06  9.999955216E-01  1.786909234E-07  3.988378920E-02 
         8  1.149997690E+00  1.699993700E+00  6.550001821E+00  2.919992838E+02  2.919992844E+02  1.199325220E-04  9.998800582E-01  1.240098754E-04  9.998759808E-01  4.946049590E-06  3.987920491E-02 
         9  2.599530306E-01  1.699784014E+00  4.769789816E+00  2.919985334E+02  2.919985338E+02  3.062786818E-04  9.996937234E-01  3.166897609E-04  9.996833123E-01  1.263095370E-05  3.987162342E-02 
        10  2.500325889E-01  1.700141952E+00  3.039603904E+00  2.919652002E+02  2.919652007E+02  5.148270722E-03  9.948517311E-01  5.322372661E-03  9.946776292E-01  2.123041899E-04  3.967650371E-02 
        11  2.090000512E+00  6.999920786E-01  2.640018387E+00  2.882889391E+02  2.882889401E+02  1.637003490E-01  8.362996659E-01  1.681092638E-01  8.318907511E-01  6.809694560E-03  3.358913465E-02 
        12  1.930000944E+00  7.000071781E-01  4.849993220E+00  2.882982597E+02  2.882982599E+02  1.818106214E-01  8.181893693E-01  1.865291018E-01  8.134708889E-01  7.562834543E-03  3.283534232E-02 
        13  1.149999460E+00  7.000041210E-01  6.549999896E+00  2.893410095E+02  2.893410100E+02  1.332974583E-01  8.667025492E-01  1.370047985E-01  8.629952090E-01  5.531748210E-03  3.472001964E-02 
        14  2.599937070E-01  6.999245510E-01  4.770022657E+00  2.891579866E+02  2.891579874E+02  1.286057482E-01  8.713942453E-01  1.322804874E-01  8.677195061E-01  5.339495164E-03  3.493750402E-02 
        15  2.500057384E-01  7.000450448E-01  3.040068823E+00  2.885777629E+02  2.885777631E+02  1.734068601E-01  8.265931455E-01  1.780241646E-01  8.219758410E-01  7.206010067E-03  3.315267856E-02 
        16  1.179999658E+00  1.300002449E+00  4.500000716E-01  2.919980605E+02  2.919980606E+02  6.318436452E-04  9.993681562E-01  6.533154560E-04  9.993466844E-01  2.605704437E-05  3.985826174E-02 
        17  2.090000552E+00  1.299991228E+00  2.640042717E+00  2.920008094E+02  2.920008173E+02  9.662761956E-06  9.999903298E-01  9.991338700E-06  9.999900012E-01  3.984940706E-07  3.988354423E-02 
        18  1.930000128E+00  1.300009553E+00  4.849983633E+00  2.920007268E+02  2.920007270E+02  4.230472598E-05  9.999577102E-01  4.374321239E-05  9.999562717E-01  1.744652726E-06  3.988221113E-02 
