nodenumber     x-coordinate     y-coordinate     z-coordinate      temperature total-temperature               n2              air         molef-n2        molef-air concentration-n2 concentration-air 
         1  1.180011401E+00  7.000440735E-01  4.499552279E-01  2.911220221E+02  2.911220223E+02  2.292964508E-02  9.770703531E-01  2.367403834E-02  9.763259598E-01  9.499012201E-04  3.905482656E-02 
         2  1.150002942E+00  1.299996259E+00  6.549998111E+00  2.920007043E+02  2.920007046E+02  7.419923338E-06  9.999925652E-01  7.672236046E-06  9.999923129E-01  3.059992356E-07  3.988365048E-02 
         3  2.599979183E-01  1.299834635E+00  4.769962194E+00  2.919989680E+02  2.919989681E+02  1.075828122E-04  9.998924014E-01  1.112406826E-04  9.998887435E-01  4.436751345E-06  3.987975683E-02 
         4  2.499957813E-01  1.300216226E+00  3.040010943E+00  2.919992406E+02  2.919992409E+02  3.677638179E-04  9.996322362E-01  3.802629408E-04  9.996197371E-01  1.516648784E-05  3.986899112E-02 
         5  1.179989316E+00  1.700000987E+00  4.500025386E-01  2.920004636E+02  2.920004638E+02  3.745590973E-05  9.999625210E-01  3.872953856E-05  9.999612474E-01  1.544688772E-06  3.988244402E-02 
         6  2.090000749E+00  1.699988964E+00  2.640041275E+00  2.920002430E+02  2.920002444E+02  1.457818331E-05  9.999854255E-01  1.507390822E-05  9.999849298E-01  6.012082259E-07  3.988341977E-02 
         7  1.929998960E+00  1.700096390E+00  4.850038151E+00  2.920006259E+02  2.920006261E+02  8.506240602E-09  9.999999934E-01  8.795496898E-09  9.999999931E-01  3.507992828E-10  3.988396818E-02 
         8  1.149997690E+00  1.699993700E+00  6.550001821E+00  2.920004153E+02  2.920004157E+02  1.084069457E-05  9.999891500E-01  1.120932566E-05  9.999887814E-01  4.470730651E-07  3.988354934E-02 
         9  2.599530306E-01  1.699784014E+00  4.769789816E+00  2.920005950E+02  2.920005953E+02  1.920584576E-06  9.999980815E-01  1.985894225E-06  9.999980162E-01  7.920535003E-08  3.988389357E-02 
        10  2.500325889E-01  1.700141952E+00  3.039603904E+00  2.920005998E+02  2.920006000E+02  1.536800801E-06  9.999984651E-01  1.589059832E-06  9.999984128E-01  6.337801620E-08  3.988390873E-02 
        11  2.090000512E+00  6.999920786E-01  2.640018387E+00  2.903372858E+02  2.903372866E+02  4.608856215E-02  9.539114528E-01  4.755328971E-02  9.524467252E-01  1.911465885E-03  3.820149176E-02 
        12  1.930000944E+00  7.000071781E-01  4.849993220E+00  2.906886120E+02  2.906886127E+02  3.597536742E-02  9.640246233E-01  3.713165226E-02  9.628683384E-01  1.491117951E-03  3.857332562E-02 
        13  1.149999460E+00  7.000041210E-01  6.549999896E+00  2.912659031E+02  2.912659036E+02  2.646981756E-02  9.735301899E-01  2.732413003E-02  9.726758774E-01  1.094979023E-03  3.888982676E-02 
        14  2.599937070E-01  6.999245510E-01  4.770022657E+00  2.910154756E+02  2.910154762E+02  2.740553583E-02  9.725944576E-01  2.830246221E-02  9.716975313E-01  1.134035758E-03  3.888513354E-02 
        15  2.500057384E-01  7.000450448E-01  3.040068823E+00  2.907586323E+02  2.907586324E+02  4.545797381E-02  9.545420318E-01  4.688095893E-02  9.531190467E-01  1.883813429E-03  3.817111530E-02 
        16  1.179999658E+00  1.300002449E+00  4.500000716E-01  2.920001037E+02  2.920001038E+02  1.437827671E-04  9.998562171E-01  1.486713516E-04  9.998513285E-01  5.929615131E-06  3.987811009E-02 
        17  2.090000552E+00  1.299991228E+00  2.640042717E+00  2.920007035E+02  2.920007108E+02  5.635146157E-06  9.999943574E-01  5.826768200E-06  9.999941658E-01  2.323946955E-07  3.988372480E-02 
        18  1.930000128E+00  1.300009553E+00  4.849983633E+00  2.920006772E+02  2.920006772E+02  7.265962008E-06  9.999927489E-01  7.513039173E-06  9.999925019E-01  2.996498846E-07  3.988366292E-02 
