nodenumber     x-coordinate     y-coordinate     z-coordinate      temperature total-temperature               n2              air         molef-n2        molef-air concentration-n2 concentration-air 
         1  1.180011401E+00  7.000440735E-01  4.499552279E-01  2.887991529E+02  2.887991530E+02  1.882275762E-01  8.117724219E-01  1.929393220E-01  8.070606762E-01  7.814660442E-03  3.251352130E-02 
         2  1.150002942E+00  1.299996259E+00  6.549998111E+00  2.919523797E+02  2.919523806E+02  4.841656938E-03  9.951583282E-01  5.005414895E-03  9.949945702E-01  1.996711010E-04  3.969088715E-02 
         3  2.599979183E-01  1.299834635E+00  4.769962194E+00  2.919608349E+02  2.919608353E+02  4.835930519E-03  9.951640536E-01  4.999540545E-03  9.950004436E-01  1.994293483E-04  3.968997354E-02 
         4  2.499957813E-01  1.300216226E+00  3.040010943E+00  2.919860829E+02  2.919860831E+02  2.348703910E-03  9.976512961E-01  2.428376507E-03  9.975716235E-01  9.685816686E-05  3.978909673E-02 
         5  1.179989316E+00  1.700000987E+00  4.500025386E-01  2.919816311E+02  2.919816313E+02  3.082308141E-03  9.969176688E-01  3.186787950E-03  9.968131890E-01  1.271100340E-04  3.975945115E-02 
         6  2.090000749E+00  1.699988964E+00  2.640041275E+00  2.919980494E+02  2.919980506E+02  4.542671885E-04  9.995457365E-01  4.697069349E-04  9.995302968E-01  1.873395221E-05  3.986558665E-02 
         7  1.929998960E+00  1.700096390E+00  4.850038151E+00  2.919947791E+02  2.919947795E+02  1.143913353E-03  9.988560885E-01  1.182760058E-03  9.988172418E-01  4.717425010E-05  3.983759290E-02 
         8  1.149997690E+00  1.699993700E+00  6.550001821E+00  2.919415934E+02  2.919415947E+02  5.738692373E-03  9.942612983E-01  5.932554032E-03  9.940674367E-01  2.366665846E-04  3.965536602E-02 
         9  2.599530306E-01  1.699784014E+00  4.769789816E+00  2.919465643E+02  2.919465649E+02  6.943201279E-03  9.930568008E-01  7.177577717E-03  9.928224244E-01  2.863245046E-04  3.960502965E-02 
        10  2.500325889E-01  1.700141952E+00  3.039603904E+00  2.919832916E+02  2.919832920E+02  2.975520754E-03  9.970244811E-01  3.076391432E-03  9.969236104E-01  1.227060122E-04  3.976363034E-02 
        11  2.090000512E+00  6.999920786E-01  2.640018387E+00  2.879035326E+02  2.879035334E+02  2.573288201E-01  7.426711948E-01  2.631920127E-01  7.368080022E-01  1.068591576E-02  2.976784065E-02 
        12  1.930000944E+00  7.000071781E-01  4.849993220E+00  2.889988148E+02  2.889988152E+02  1.831250411E-01  8.168749495E-01  1.879201937E-01  8.120797970E-01  7.591326346E-03  3.270798287E-02 
        13  1.149999460E+00  7.000041210E-01  6.549999896E+00  2.892824720E+02  2.892824726E+02  1.691431964E-01  8.308568110E-01  1.735656230E-01  8.264343844E-01  7.010211005E-03  3.324977793E-02 
        14  2.599937070E-01  6.999245510E-01  4.770022657E+00  2.885190518E+02  2.885190523E+02  2.191353306E-01  7.808646629E-01  2.245730367E-01  7.754269568E-01  9.089913991E-03  3.127681545E-02 
        15  2.500057384E-01  7.000450448E-01  3.040068823E+00  2.887891144E+02  2.887891152E+02  1.964098423E-01  8.035901633E-01  2.013781193E-01  7.986218863E-01  8.146530086E-03  3.218241005E-02 
        16  1.179999658E+00  1.300002449E+00  4.500000716E-01  2.919834421E+02  2.919834422E+02  2.764836639E-03  9.972351632E-01  2.858586488E-03  9.971414134E-01  1.140184874E-04  3.977229714E-02 
        17  2.090000552E+00  1.299991228E+00  2.640042717E+00  2.919996177E+02  2.919996241E+02  2.042268700E-04  9.997957657E-01  2.111696347E-04  9.997888229E-01  8.422325551E-06  3.987568318E-02 
        18  1.930000128E+00  1.300009553E+00  4.849983633E+00  2.919956539E+02  2.919956541E+02  9.626275433E-04  9.990373874E-01  9.953255867E-04  9.990046893E-01  3.969829724E-05  3.984495041E-02 
