nodenumber     x-coordinate     y-coordinate     z-coordinate      temperature total-temperature               n2              air         molef-n2        molef-air concentration-n2 concentration-air 
         1  1.180011401E+00  7.000440735E-01  4.499552279E-01  2.918539405E+02  2.918539407E+02  2.034177972E-03  9.979658202E-01  2.103199270E-03  9.978967989E-01  8.392768359E-05  3.982008655E-02 
         2  1.150002942E+00  1.299996259E+00  6.549998111E+00  2.918963469E+02  2.918963474E+02  1.355337560E-03  9.986446475E-01  1.401355339E-03  9.985986298E-01  5.591349389E-05  3.984230261E-02 
         3  2.599979183E-01  1.299834635E+00  4.769962194E+00  2.919654162E+02  2.919654167E+02  4.501776788E-04  9.995498065E-01  4.654788792E-04  9.995345053E-01  1.856739954E-05  3.987020955E-02 
         4  2.499957813E-01  1.300216226E+00  3.040010943E+00  2.920018675E+02  2.920018678E+02  2.063363245E-05  9.999793664E-01  2.133526703E-05  9.999786647E-01  8.509319054E-07  3.988294787E-02 
         5  1.179989316E+00  1.700000987E+00  4.500025386E-01  2.919849804E+02  2.919849809E+02  2.053804558E-04  9.997945965E-01  2.123628947E-04  9.997876141E-01  8.470351707E-06  3.987763331E-02 
         6  2.090000749E+00  1.699988964E+00  2.640041275E+00  2.920002379E+02  2.920002400E+02  5.782044407E-06  9.999942217E-01  5.978661122E-06  9.999940251E-01  2.384534510E-07  3.988378322E-02 
         7  1.929998960E+00  1.700096390E+00  4.850038151E+00  2.919789705E+02  2.919789706E+02  3.046058196E-04  9.996953960E-01  3.149605187E-04  9.996850413E-01  1.256287267E-05  3.987436378E-02 
         8  1.149997690E+00  1.699993700E+00  6.550001821E+00  2.919925310E+02  2.919925318E+02  1.082514436E-04  9.998917392E-01  1.119320405E-04  9.998880586E-01  4.464448165E-06  3.988060890E-02 
         9  2.599530306E-01  1.699784014E+00  4.769789816E+00  2.919858596E+02  2.919858601E+02  1.874371312E-04  9.998125650E-01  1.938096362E-04  9.998061925E-01  7.730321338E-06  3.987825525E-02 
        10  2.500325889E-01  1.700141952E+00  3.039603904E+00  2.920015126E+02  2.920015131E+02  2.470785361E-05  9.999752940E-01  2.554802698E-05  9.999744538E-01  1.018953658E-06  3.988282846E-02 
        11  2.090000512E+00  6.999920786E-01  2.640018387E+00  2.919922514E+02  2.919922518E+02  1.421579352E-04  9.998578570E-01  1.469909566E-04  9.998530239E-01  5.862834530E-06  3.987925065E-02 
        12  1.930000944E+00  7.000071781E-01  4.849993220E+00  2.917615859E+02  2.917615868E+02  2.944233392E-03  9.970557573E-01  3.043880207E-03  9.969561105E-01  1.215560647E-04  3.979510308E-02 
        13  1.149999460E+00  7.000041210E-01  6.549999896E+00  2.903739994E+02  2.903740065E+02  2.329401785E-02  9.767059896E-01  2.406650330E-02  9.759335041E-01  9.654125947E-04  3.914202025E-02 
        14  2.599937070E-01  6.999245510E-01  4.770022657E+00  2.917450356E+02  2.917450358E+02  3.176616532E-03  9.968233769E-01  3.284260168E-03  9.967157333E-01  1.311110742E-04  3.978779986E-02 
        15  2.500057384E-01  7.000450448E-01  3.040068823E+00  2.919359123E+02  2.919359130E+02  9.655965131E-04  9.990344091E-01  9.983916182E-04  9.990016140E-01  3.983098167E-05  3.985297961E-02 
        16  1.179999658E+00  1.300002449E+00  4.500000716E-01  2.919709399E+02  2.919709401E+02  3.831643203E-04  9.996168356E-01  3.961886551E-04  9.996038112E-01  1.580320593E-05  3.987222036E-02 
        17  2.090000552E+00  1.299991228E+00  2.640042717E+00  2.919990345E+02  2.919990407E+02  2.709829410E-05  9.999728943E-01  2.801973884E-05  9.999719728E-01  1.117547551E-06  3.988306761E-02 
        18  1.930000128E+00  1.300009553E+00  4.849983633E+00  2.919771405E+02  2.919771406E+02  3.049054915E-04  9.996951094E-01  3.152705310E-04  9.996847444E-01  1.257527199E-05  3.987460241E-02 
