nodenumber     x-coordinate     y-coordinate     z-coordinate      temperature total-temperature               n2              air         molef-n2        molef-air concentration-n2 concentration-air 
         1  1.180011401E+00  7.000440735E-01  4.499552279E-01  2.877781301E+02  2.877781301E+02  2.211951729E-01  7.788048252E-01  2.266949389E-01  7.733050593E-01  9.200849402E-03  3.127012450E-02 
         2  1.150002942E+00  1.299996259E+00  6.549998111E+00  2.919897001E+02  2.919897009E+02  1.168980339E-03  9.988310048E-01  1.208670971E-03  9.987913141E-01  4.820887757E-05  3.983725073E-02 
         3  2.599979183E-01  1.299834635E+00  4.769962194E+00  2.919694747E+02  2.919694752E+02  3.840256334E-03  9.961597278E-01  3.970320578E-03  9.960296636E-01  1.583693426E-04  3.972985315E-02 
         4  2.499957813E-01  1.300216226E+00  3.040010943E+00  2.919829482E+02  2.919829485E+02  2.941004915E-03  9.970589951E-01  3.040701766E-03  9.969592982E-01  1.212828638E-04  3.976510025E-02 
         5  1.179989316E+00  1.700000987E+00  4.500025386E-01  2.919795913E+02  2.919795913E+02  3.542353798E-03  9.964576232E-01  3.662370345E-03  9.963376066E-01  1.460804003E-04  3.974075944E-02 
         6  2.090000749E+00  1.699988964E+00  2.640041275E+00  2.920001159E+02  2.920001175E+02  1.141848744E-04  9.998858189E-01  1.180672426E-04  9.998819365E-01  4.708999275E-06  3.987932935E-02 
         7  1.929998960E+00  1.700096390E+00  4.850038151E+00  2.920006237E+02  2.920006242E+02  2.338468761E-05  9.999766172E-01  2.417981337E-05  9.999758220E-01  9.643872460E-07  3.988300445E-02 
         8  1.149997690E+00  1.699993700E+00  6.550001821E+00  2.919890865E+02  2.919890877E+02  1.120500746E-03  9.988794899E-01  1.158541421E-03  9.988414493E-01  4.620977623E-05  3.983933410E-02 
         9  2.599530306E-01  1.699784014E+00  4.769789816E+00  2.919662810E+02  2.919662818E+02  4.536856360E-03  9.954631457E-01  4.690408271E-03  9.953095938E-01  1.870941203E-04  3.970156611E-02 
        10  2.500325889E-01  1.700141952E+00  3.039603904E+00  2.919765441E+02  2.919765445E+02  4.282234502E-03  9.957177674E-01  4.427196930E-03  9.955728049E-01  1.765890093E-04  3.971066910E-02 
        11  2.090000512E+00  6.999920786E-01  2.640018387E+00  2.876192796E+02  2.876192803E+02  2.409593925E-01  7.590406224E-01  2.466661614E-01  7.533338535E-01  1.002259792E-02  3.047110378E-02 
        12  1.930000944E+00  7.000071781E-01  4.849993220E+00  2.891786117E+02  2.891786118E+02  1.693009192E-01  8.306990714E-01  1.736746711E-01  8.263253196E-01  7.021982610E-03  3.325280705E-02 
        13  1.149999460E+00  7.000041210E-01  6.549999896E+00  2.890259630E+02  2.890259634E+02  1.782918587E-01  8.217081487E-01  1.829488497E-01  8.170511578E-01  7.393920493E-03  3.290186751E-02 
        14  2.599937070E-01  6.999245510E-01  4.770022657E+00  2.889423257E+02  2.889423263E+02  1.791018332E-01  8.208981603E-01  1.838368239E-01  8.161631696E-01  7.427470010E-03  3.287972752E-02 
        15  2.500057384E-01  7.000450448E-01  3.040068823E+00  2.880239352E+02  2.880239355E+02  2.684650265E-01  7.315349791E-01  2.747661906E-01  7.252338150E-01  1.113261738E-02  2.930331530E-02 
        16  1.179999658E+00  1.300002449E+00  4.500000716E-01  2.919825771E+02  2.919825772E+02  3.081052616E-03  9.969189473E-01  3.185490114E-03  9.968145098E-01  1.270578524E-04  3.975937593E-02 
        17  2.090000552E+00  1.299991228E+00  2.640042717E+00  2.920005760E+02  2.920005833E+02  5.704777465E-05  9.999429448E-01  5.898753109E-05  9.999410050E-01  2.352658228E-06  3.988162195E-02 
        18  1.930000128E+00  1.300009553E+00  4.849983633E+00  2.920002669E+02  2.920002671E+02  1.598560177E-04  9.998401589E-01  1.652904506E-04  9.998347245E-01  6.592460056E-06  3.987742615E-02 
