nodenumber     x-coordinate     y-coordinate     z-coordinate      temperature total-temperature               n2              air         molef-n2        molef-air concentration-n2 concentration-air 
         1  1.180011401E+00  7.000440735E-01  4.499552279E-01  2.909066649E+02  2.909066650E+02  2.756652467E-02  9.724334735E-01  2.846411026E-02  9.715358879E-01  1.141988027E-03  3.889234241E-02 
         2  1.150002942E+00  1.299996259E+00  6.549998111E+00  2.920005940E+02  2.920005943E+02  1.210083991E-05  9.999878843E-01  1.251232278E-05  9.999874728E-01  4.990414322E-07  3.988347251E-02 
         3  2.599979183E-01  1.299834635E+00  4.769962194E+00  2.919991052E+02  2.919991053E+02  9.177464886E-05  9.999082095E-01  9.489510129E-05  9.999050891E-01  3.784817559E-06  3.988039002E-02 
         4  2.499957813E-01  1.300216226E+00  3.040010943E+00  2.919992827E+02  2.919992829E+02  1.266314823E-04  9.998733685E-01  1.309369398E-04  9.998690631E-01  5.222313351E-06  3.987892954E-02 
         5  1.179989316E+00  1.700000987E+00  4.500025386E-01  2.920004799E+02  2.920004801E+02  3.060898157E-05  9.999693680E-01  3.164980195E-05  9.999683271E-01  1.262320486E-06  3.988272416E-02 
         6  2.090000749E+00  1.699988964E+00  2.640041275E+00  2.920000625E+02  2.920000638E+02  1.905247281E-05  9.999809513E-01  1.970033988E-05  9.999803034E-01  7.857296088E-07  3.988325991E-02 
         7  1.929998960E+00  1.700096390E+00  4.850038151E+00  2.920006261E+02  2.920006263E+02  6.670014496E-09  9.999999952E-01  6.896829583E-09  9.999999950E-01  2.750729040E-10  3.988396823E-02 
         8  1.149997690E+00  1.699993700E+00  6.550001821E+00  2.920001595E+02  2.920001600E+02  2.181344427E-05  9.999781772E-01  2.255518532E-05  9.999774355E-01  8.995927787E-07  3.988313175E-02 
         9  2.599530306E-01  1.699784014E+00  4.769789816E+00  2.920005906E+02  2.920005909E+02  2.101682501E-06  9.999979004E-01  2.173150400E-06  9.999978289E-01  8.667387156E-08  3.988388670E-02 
        10  2.500325889E-01  1.700141952E+00  3.039603904E+00  2.920005975E+02  2.920005978E+02  1.337923791E-06  9.999986639E-01  1.383420027E-06  9.999986184E-01  5.517628472E-08  3.988391724E-02 
        11  2.090000512E+00  6.999920786E-01  2.640018387E+00  2.900735740E+02  2.900735747E+02  5.116662808E-02  9.488333868E-01  5.278642533E-02  9.472135896E-01  2.123589352E-03  3.802589839E-02 
        12  1.930000944E+00  7.000071781E-01  4.849993220E+00  2.909548607E+02  2.909548610E+02  3.367887894E-02  9.663211117E-01  3.474956608E-02  9.652504246E-01  1.395823419E-03  3.863206996E-02 
        13  1.149999460E+00  7.000041210E-01  6.549999896E+00  2.912850846E+02  2.912850850E+02  2.354026065E-02  9.764597468E-01  2.430394238E-02  9.756960651E-01  9.738764560E-04  3.900828691E-02 
        14  2.599937070E-01  6.999245510E-01  4.770022657E+00  2.910995966E+02  2.910995971E+02  2.422723109E-02  9.757727624E-01  2.502268679E-02  9.749773067E-01  1.002416505E-03  3.900518663E-02 
        15  2.500057384E-01  7.000450448E-01  3.040068823E+00  2.908331873E+02  2.908331875E+02  4.341350849E-02  9.565864971E-01  4.477547016E-02  9.552245354E-01  1.797979727E-03  3.824651571E-02 
        16  1.179999658E+00  1.300002449E+00  4.500000716E-01  2.920001352E+02  2.920001353E+02  1.261303476E-04  9.998738695E-01  1.304188330E-04  9.998695811E-01  5.201630323E-06  3.987883377E-02 
        17  2.090000552E+00  1.299991228E+00  2.640042717E+00  2.920006383E+02  2.920006458E+02  7.106811079E-06  9.999928857E-01  7.348476243E-06  9.999926441E-01  2.930865712E-07  3.988367301E-02 
        18  1.930000128E+00  1.300009553E+00  4.849983633E+00  2.920007240E+02  2.920007240E+02  5.022527445E-06  9.999949924E-01  5.193317878E-06  9.999948216E-01  2.071301141E-07  3.988374905E-02 
