nodenumber     x-coordinate     y-coordinate     z-coordinate      temperature total-temperature               n2              air         molef-n2        molef-air concentration-n2 concentration-air 
         1  1.180011401E+00  7.000440735E-01  4.499552279E-01  2.877633806E+02  2.877633808E+02  2.388962009E-01  7.611037972E-01  2.447493158E-01  7.552506824E-01  9.930084462E-03  3.054292585E-02 
         2  1.150002942E+00  1.299996259E+00  6.549998111E+00  2.919920404E+02  2.919920411E+02  9.653567795E-04  9.990346283E-01  9.981414145E-04  9.990018437E-01  3.981136151E-05  3.984532856E-02 
         3  2.599979183E-01  1.299834635E+00  4.769962194E+00  2.919784882E+02  2.919784885E+02  2.953731558E-03  9.970462526E-01  3.053862660E-03  9.969461215E-01  1.218095826E-04  3.976518153E-02 
         4  2.499957813E-01  1.300216226E+00  3.040010943E+00  2.919874891E+02  2.919874894E+02  2.216747264E-03  9.977832527E-01  2.291950015E-03  9.977080500E-01  9.141635312E-05  3.979434646E-02 
         5  1.179989316E+00  1.700000987E+00  4.500025386E-01  2.919902970E+02  2.919902972E+02  1.926764725E-03  9.980732122E-01  1.992151880E-03  9.980078251E-01  7.945778872E-05  3.980591962E-02 
         6  2.090000749E+00  1.699988964E+00  2.640041275E+00  2.919999919E+02  2.919999935E+02  1.249244194E-04  9.998750793E-01  1.291717327E-04  9.998708320E-01  5.151897198E-06  3.987890339E-02 
         7  1.929998960E+00  1.700096390E+00  4.850038151E+00  2.920006195E+02  2.920006199E+02  1.365484980E-05  9.999863470E-01  1.411916443E-05  9.999858827E-01  5.631283030E-07  3.988340628E-02 
         8  1.149997690E+00  1.699993700E+00  6.550001821E+00  2.919838698E+02  2.919838708E+02  1.814781786E-03  9.981852089E-01  1.876356081E-03  9.981236346E-01  7.484159688E-05  3.981141489E-02 
         9  2.599530306E-01  1.699784014E+00  4.769789816E+00  2.919652912E+02  2.919652916E+02  5.015338381E-03  9.949846637E-01  5.184997369E-03  9.948150047E-01  2.068234121E-04  3.968197204E-02 
        10  2.500325889E-01  1.700141952E+00  3.039603904E+00  2.919822900E+02  2.919822905E+02  3.247415639E-03  9.967525862E-01  3.357466693E-03  9.966425352E-01  1.339177100E-04  3.975255546E-02 
        11  2.090000512E+00  6.999920786E-01  2.640018387E+00  2.881519485E+02  2.881519494E+02  2.035194446E-01  7.964805703E-01  2.087335819E-01  7.912664330E-01  8.455032046E-03  3.196278968E-02 
        12  1.930000944E+00  7.000071781E-01  4.849993220E+00  2.883871875E+02  2.883871879E+02  2.049718293E-01  7.950281614E-01  2.100949753E-01  7.899050154E-01  8.513878625E-03  3.187165942E-02 
        13  1.149999460E+00  7.000041210E-01  6.549999896E+00  2.896373295E+02  2.896373300E+02  1.448515851E-01  8.551484223E-01  1.488042591E-01  8.511957483E-01  6.000881663E-03  3.420956556E-02 
        14  2.599937070E-01  6.999245510E-01  4.770022657E+00  2.884629599E+02  2.884629607E+02  1.939276647E-01  8.060723288E-01  1.990351967E-01  8.009647968E-01  8.050375843E-03  3.232371993E-02 
        15  2.500057384E-01  7.000450448E-01  3.040068823E+00  2.883338008E+02  2.883338010E+02  2.317879038E-01  7.682121018E-01  2.373307647E-01  7.626692409E-01  9.617988295E-03  3.077495713E-02 
        16  1.179999658E+00  1.300002449E+00  4.500000716E-01  2.919876312E+02  2.919876313E+02  2.309285090E-03  9.976907148E-01  2.387625204E-03  9.976123747E-01  9.523220804E-05  3.979051117E-02 
        17  2.090000552E+00  1.299991228E+00  2.640042717E+00  2.920004194E+02  2.920004272E+02  7.582631183E-05  9.999241662E-01  7.840449305E-05  9.999215881E-01  3.127087009E-06  3.988086891E-02 
        18  1.930000128E+00  1.300009553E+00  4.849983633E+00  2.920007513E+02  2.920007515E+02  7.783013424E-05  9.999221848E-01  8.047649252E-05  9.999195384E-01  3.209720706E-06  3.988074272E-02 
