nodenumber     x-coordinate     y-coordinate     z-coordinate      temperature total-temperature               n2              air         molef-n2        molef-air concentration-n2 concentration-air 
         1  1.180011401E+00  7.000440735E-01  4.499552279E-01  2.893323138E+02  2.893323139E+02  1.102583639E-01  8.897416342E-01  1.133930463E-01  8.866069519E-01  4.584979757E-03  3.566867899E-02 
         2  1.150002942E+00  1.299996259E+00  6.549998111E+00  2.920004652E+02  2.920004655E+02  3.467827031E-05  9.999653068E-01  3.585743689E-05  9.999641277E-01  1.430139135E-06  3.988255901E-02 
         3  2.599979183E-01  1.299834635E+00  4.769962194E+00  2.919761906E+02  2.919761907E+02  2.947789020E-03  9.970521951E-01  3.047645536E-03  9.969523386E-01  1.215651777E-04  3.976573990E-02 
         4  2.499957813E-01  1.300216226E+00  3.040010943E+00  2.919717598E+02  2.919717600E+02  3.973464279E-03  9.960265357E-01  4.108022525E-03  9.958919775E-01  1.638605856E-04  3.972405097E-02 
         5  1.179989316E+00  1.700000987E+00  4.500025386E-01  2.920002567E+02  2.920002568E+02  2.081896430E-04  9.997917873E-01  2.152675977E-04  9.997847094E-01  8.585737156E-06  3.987543124E-02 
         6  2.090000749E+00  1.699988964E+00  2.640041275E+00  2.920004580E+02  2.920004593E+02  3.197177288E-05  9.999680320E-01  3.305893469E-05  9.999669448E-01  1.318522457E-06  3.988267310E-02 
         7  1.929998960E+00  1.700096390E+00  4.850038151E+00  2.920006265E+02  2.920006268E+02  1.852318063E-06  9.999981495E-01  1.915306061E-06  9.999980866E-01  7.638999841E-08  3.988389206E-02 
         8  1.149997690E+00  1.699993700E+00  6.550001821E+00  2.919997385E+02  2.919997391E+02  7.913227952E-05  9.999208584E-01  8.182280550E-05  9.999181679E-01  3.263435314E-06  3.988082542E-02 
         9  2.599530306E-01  1.699784014E+00  4.769789816E+00  2.920003356E+02  2.920003360E+02  3.929195085E-05  9.999607101E-01  4.062790479E-05  9.999593742E-01  1.620407116E-06  3.988238779E-02 
        10  2.500325889E-01  1.700141952E+00  3.039603904E+00  2.919592698E+02  2.919592704E+02  6.856672303E-03  9.931433296E-01  7.088011622E-03  9.929119902E-01  2.827425890E-04  3.960687562E-02 
        11  2.090000512E+00  6.999920786E-01  2.640018387E+00  2.887809870E+02  2.887809877E+02  1.272446131E-01  8.727554018E-01  1.308591055E-01  8.691409094E-01  5.291311799E-03  3.503849505E-02 
        12  1.930000944E+00  7.000071781E-01  4.849993220E+00  2.894521270E+02  2.894521273E+02  1.125596839E-01  8.874403068E-01  1.157716341E-01  8.842283566E-01  4.675302779E-03  3.556123859E-02 
        13  1.149999460E+00  7.000041210E-01  6.549999896E+00  2.895770662E+02  2.895770669E+02  1.075518260E-01  8.924481814E-01  1.106780906E-01  8.893219169E-01  4.462948794E-03  3.575570221E-02 
        14  2.599937070E-01  6.999245510E-01  4.770022657E+00  2.897332597E+02  2.897332600E+02  9.314080358E-02  9.068591899E-01  9.593557435E-02  9.040644191E-01  3.864150598E-03  3.633268246E-02 
        15  2.500057384E-01  7.000450448E-01  3.040068823E+00  2.891673145E+02  2.891673147E+02  1.358917122E-01  8.641082934E-01  1.397333103E-01  8.602666953E-01  5.642330375E-03  3.463373538E-02 
        16  1.179999658E+00  1.300002449E+00  4.500000716E-01  2.920001373E+02  2.920001374E+02  2.553884313E-04  9.997446115E-01  2.640706551E-04  9.997359292E-01  1.053220360E-05  3.987350290E-02 
        17  2.090000552E+00  1.299991228E+00  2.640042717E+00  2.920007956E+02  2.920008032E+02  1.160727478E-05  9.999883853E-01  1.200197371E-05  9.999879906E-01  4.786861544E-07  3.988346593E-02 
        18  1.930000128E+00  1.300009553E+00  4.849983633E+00  2.920008374E+02  2.920008375E+02  1.882782748E-05  9.999811871E-01  1.946805449E-05  9.999805468E-01  7.764627092E-07  3.988316422E-02 
