nodenumber     x-coordinate     y-coordinate     z-coordinate      temperature total-temperature               n2              air         molef-n2        molef-air concentration-n2 concentration-air 
         1  1.180011401E+00  7.000440735E-01  4.499552279E-01  2.892038022E+02  2.892038026E+02  1.196296818E-01  8.803703163E-01  1.230117289E-01  8.769882693E-01  4.973956731E-03  3.529756774E-02 
         2  1.150002942E+00  1.299996259E+00  6.549998111E+00  2.920004274E+02  2.920004278E+02  3.805402808E-05  9.999619311E-01  3.934797308E-05  9.999606371E-01  1.569356115E-06  3.988242495E-02 
         3  2.599979183E-01  1.299834635E+00  4.769962194E+00  2.919688235E+02  2.919688236E+02  3.849252000E-03  9.961507322E-01  3.979570683E-03  9.960204135E-01  1.587402714E-04  3.972957123E-02 
         4  2.499957813E-01  1.300216226E+00  3.040010943E+00  2.919727342E+02  2.919727344E+02  3.642188965E-03  9.963578110E-01  3.765561623E-03  9.962344384E-01  1.502004273E-04  3.973757803E-02 
         5  1.179989316E+00  1.700000987E+00  4.500025386E-01  2.920002315E+02  2.920002317E+02  2.302168409E-04  9.997697601E-01  2.380434939E-04  9.997619335E-01  9.494132148E-06  3.987452628E-02 
         6  2.090000749E+00  1.699988964E+00  2.640041275E+00  2.920004907E+02  2.920004922E+02  2.349029939E-05  9.999765134E-01  2.428906159E-05  9.999757147E-01  9.687448603E-07  3.988301840E-02 
         7  1.929998960E+00  1.700096390E+00  4.850038151E+00  2.920006253E+02  2.920006256E+02  2.192046324E-06  9.999978098E-01  2.266586819E-06  9.999977353E-01  9.040047056E-08  3.988387821E-02 
         8  1.149997690E+00  1.699993700E+00  6.550001821E+00  2.920000147E+02  2.920000153E+02  5.509669070E-05  9.999448940E-01  5.697005255E-05  9.999430206E-01  2.272201130E-06  3.988177892E-02 
         9  2.599530306E-01  1.699784014E+00  4.769789816E+00  2.919987061E+02  2.919987064E+02  2.750316461E-04  9.997249704E-01  2.843789089E-04  9.997156232E-01  1.134230516E-05  3.987288847E-02 
        10  2.500325889E-01  1.700141952E+00  3.039603904E+00  2.919642840E+02  2.919642845E+02  5.598509404E-03  9.944014925E-01  5.787748362E-03  9.942122535E-01  2.308682183E-04  3.965806485E-02 
        11  2.090000512E+00  6.999920786E-01  2.640018387E+00  2.885632141E+02  2.885632151E+02  1.422129280E-01  8.577870869E-01  1.461271500E-01  8.538728649E-01  5.915784699E-03  3.444464936E-02 
        12  1.930000944E+00  7.000071781E-01  4.849993220E+00  2.891883319E+02  2.891883321E+02  1.220875871E-01  8.779124036E-01  1.255262379E-01  8.744737528E-01  5.074269954E-03  3.519910976E-02 
        13  1.149999460E+00  7.000041210E-01  6.549999896E+00  2.899476420E+02  2.899476426E+02  9.270313045E-02  9.072968770E-01  9.544185869E-02  9.045581488E-01  3.843820203E-03  3.632330687E-02 
        14  2.599937070E-01  6.999245510E-01  4.770022657E+00  2.899699276E+02  2.899699284E+02  8.185652510E-02  9.181434684E-01  8.434291677E-02  9.156570767E-01  3.394649685E-03  3.676929758E-02 
        15  2.500057384E-01  7.000450448E-01  3.040068823E+00  2.884983493E+02  2.884983495E+02  1.702420091E-01  8.297579965E-01  1.748731761E-01  8.251268294E-01  7.074809115E-03  3.329473292E-02 
        16  1.179999658E+00  1.300002449E+00  4.500000716E-01  2.920001525E+02  2.920001526E+02  2.591931483E-04  9.997408067E-01  2.680046743E-04  9.997319952E-01  1.068910779E-05  3.987334393E-02 
        17  2.090000552E+00  1.299991228E+00  2.640042717E+00  2.920007817E+02  2.920007894E+02  1.162132153E-05  9.999883712E-01  1.201649771E-05  9.999879761E-01  4.792654723E-07  3.988346725E-02 
        18  1.930000128E+00  1.300009553E+00  4.849983633E+00  2.920008446E+02  2.920008447E+02  1.789485695E-05  9.999821200E-01  1.850335995E-05  9.999815115E-01  7.379868750E-07  3.988320172E-02 
