nodenumber     x-coordinate     y-coordinate     z-coordinate      temperature total-temperature               n2              air         molef-n2        molef-air concentration-n2 concentration-air 
         1  1.180011401E+00  7.000440735E-01  4.499552279E-01  2.883897712E+02  2.883897713E+02  1.999549863E-01  8.000450118E-01  2.049442624E-01  7.950557357E-01  8.309155254E-03  3.207626988E-02 
         2  1.150002942E+00  1.299996259E+00  6.549998111E+00  2.919827094E+02  2.919827101E+02  1.912495686E-03  9.980874894E-01  1.977375389E-03  9.980226097E-01  7.887142844E-05  3.980754314E-02 
         3  2.599979183E-01  1.299834635E+00  4.769962194E+00  2.919528414E+02  2.919528420E+02  5.137834568E-03  9.948621496E-01  5.311582388E-03  9.946884018E-01  2.118834170E-04  3.967861166E-02 
         4  2.499957813E-01  1.300216226E+00  3.040010943E+00  2.919847621E+02  2.919847624E+02  2.552028907E-03  9.974479711E-01  2.638573615E-03  9.973614264E-01  1.052428004E-04  3.978089253E-02 
         5  1.179989316E+00  1.700000987E+00  4.500025386E-01  2.919841003E+02  2.919841005E+02  2.761275794E-03  9.972387012E-01  2.854904562E-03  9.971450724E-01  1.138713878E-04  3.977235249E-02 
         6  2.090000749E+00  1.699988964E+00  2.640041275E+00  2.920003271E+02  2.920003288E+02  9.454186397E-05  9.999054619E-01  9.775631683E-05  9.999022474E-01  3.898915650E-06  3.988011058E-02 
         7  1.929998960E+00  1.700096390E+00  4.850038151E+00  2.920003730E+02  2.920003735E+02  8.265171613E-05  9.999173501E-01  8.546196378E-05  9.999145399E-01  3.408566299E-06  3.988059451E-02 
         8  1.149997690E+00  1.699993700E+00  6.550001821E+00  2.919742597E+02  2.919742608E+02  2.756231722E-03  9.972437590E-01  2.849627519E-03  9.971503632E-01  1.136671089E-04  3.977390226E-02 
         9  2.599530306E-01  1.699784014E+00  4.769789816E+00  2.919521090E+02  2.919521098E+02  5.520431838E-03  9.944795703E-01  5.707069665E-03  9.942929324E-01  2.276589589E-04  3.966293757E-02 
        10  2.500325889E-01  1.700141952E+00  3.039603904E+00  2.919863478E+02  2.919863484E+02  2.635184962E-03  9.973648169E-01  2.724549207E-03  9.972754527E-01  1.086711924E-04  3.977724766E-02 
        11  2.090000512E+00  6.999920786E-01  2.640018387E+00  2.875541678E+02  2.875541686E+02  2.706301924E-01  7.293698225E-01  2.766128351E-01  7.233871798E-01  1.125064424E-02  2.925282284E-02 
        12  1.930000944E+00  7.000071781E-01  4.849993220E+00  2.890942865E+02  2.890942867E+02  1.767658203E-01  8.232341704E-01  1.814276963E-01  8.185722944E-01  7.327449964E-03  3.295857291E-02 
        13  1.149999460E+00  7.000041210E-01  6.549999896E+00  2.886125388E+02  2.886125395E+02  2.149987417E-01  7.850012658E-01  2.204402164E-01  7.795597911E-01  8.913626891E-03  3.143960996E-02 
        14  2.599937070E-01  6.999245510E-01  4.770022657E+00  2.887326414E+02  2.887326420E+02  2.024967973E-01  7.975031962E-01  2.077591607E-01  7.922408328E-01  8.395443560E-03  3.194093682E-02 
        15  2.500057384E-01  7.000450448E-01  3.040068823E+00  2.884139157E+02  2.884139164E+02  2.194795771E-01  7.805204285E-01  2.248244362E-01  7.751755694E-01  9.107723403E-03  3.127382980E-02 
        16  1.179999658E+00  1.300002449E+00  4.500000716E-01  2.919858688E+02  2.919858689E+02  2.471474859E-03  9.975285250E-01  2.555302738E-03  9.974446971E-01  1.019207736E-04  3.978406336E-02 
        17  2.090000552E+00  1.299991228E+00  2.640042717E+00  2.920006626E+02  2.920006700E+02  5.320717643E-05  9.999467854E-01  5.501632370E-05  9.999449762E-01  2.194270150E-06  3.988176850E-02 
        18  1.930000128E+00  1.300009553E+00  4.849983633E+00  2.920001551E+02  2.920001552E+02  1.823837338E-04  9.998176312E-01  1.885844462E-04  9.998114305E-01  7.521510162E-06  3.987651237E-02 
