nodenumber     x-coordinate     y-coordinate     z-coordinate      temperature total-temperature               n2              air         molef-n2        molef-air concentration-n2 concentration-air 
         1  1.180011401E+00  7.000440735E-01  4.499552279E-01  2.880212734E+02  2.880212736E+02  2.214200749E-01  7.785799233E-01  2.269016114E-01  7.730983867E-01  9.203143583E-03  3.123378803E-02 
         2  1.150002942E+00  1.299996259E+00  6.549998111E+00  2.919901659E+02  2.919901667E+02  1.186369026E-03  9.988136161E-01  1.226651539E-03  9.987733336E-01  4.892586378E-05  3.983647012E-02 
         3  2.599979183E-01  1.299834635E+00  4.769962194E+00  2.919777701E+02  2.919777704E+02  3.049588983E-03  9.969503952E-01  3.152959152E-03  9.968470250E-01  1.257625326E-04  3.976132668E-02 
         4  2.499957813E-01  1.300216226E+00  3.040010943E+00  2.919866090E+02  2.919866093E+02  2.334364140E-03  9.976656359E-01  2.413543276E-03  9.975864567E-01  9.626663488E-05  3.978961640E-02 
         5  1.179989316E+00  1.700000987E+00  4.500025386E-01  2.919925551E+02  2.919925555E+02  1.538040769E-03  9.984619362E-01  1.590254986E-03  9.984097220E-01  6.342752455E-05  3.982164143E-02 
         6  2.090000749E+00  1.699988964E+00  2.640041275E+00  2.920000440E+02  2.920000456E+02  1.198202769E-04  9.998801834E-01  1.238942038E-04  9.998761095E-01  4.941403854E-06  3.987910676E-02 
         7  1.929998960E+00  1.700096390E+00  4.850038151E+00  2.920006582E+02  2.920006586E+02  1.905301256E-05  9.999809489E-01  1.970087954E-05  9.999803010E-01  7.857489271E-07  3.988317837E-02 
         8  1.149997690E+00  1.699993700E+00  6.550001821E+00  2.919917559E+02  2.919917570E+02  9.580767027E-04  9.990419140E-01  9.906110782E-04  9.990093796E-01  3.951116654E-05  3.984566806E-02 
         9  2.599530306E-01  1.699784014E+00  4.769789816E+00  2.919641942E+02  2.919641946E+02  5.208311538E-03  9.947916906E-01  5.384463484E-03  9.946155386E-01  2.147806694E-04  3.967416467E-02 
        10  2.500325889E-01  1.700141952E+00  3.039603904E+00  2.919817411E+02  2.919817416E+02  3.353956011E-03  9.966460459E-01  3.467604819E-03  9.965323970E-01  1.383109962E-04  3.974823715E-02 
        11  2.090000512E+00  6.999920786E-01  2.640018387E+00  2.878814368E+02  2.878814375E+02  2.182848033E-01  7.817152116E-01  2.237816251E-01  7.762183898E-01  9.072671288E-03  3.138321322E-02 
        12  1.930000944E+00  7.000071781E-01  4.849993220E+00  2.883214435E+02  2.883214436E+02  2.108849651E-01  7.891150256E-01  2.161424345E-01  7.838575562E-01  8.758273315E-03  3.163633748E-02 
        13  1.149999460E+00  7.000041210E-01  6.549999896E+00  2.894568862E+02  2.894568867E+02  1.562814738E-01  8.437185336E-01  1.604124689E-01  8.395875386E-01  6.477802324E-03  3.375804548E-02 
        14  2.599937070E-01  6.999245510E-01  4.770022657E+00  2.890566927E+02  2.890566933E+02  1.638205726E-01  8.361794209E-01  1.682346971E-01  8.317652963E-01  6.796261874E-03  3.349510934E-02 
        15  2.500057384E-01  7.000450448E-01  3.040068823E+00  2.882316162E+02  2.882316163E+02  2.358478693E-01  7.641521362E-01  2.415122500E-01  7.584877556E-01  9.789432580E-03  3.061792760E-02 
        16  1.179999658E+00  1.300002449E+00  4.500000716E-01  2.919900041E+02  2.919900042E+02  1.934253335E-03  9.980657465E-01  1.999895617E-03  9.980001043E-01  7.976669787E-05  3.980565255E-02 
        17  2.090000552E+00  1.299991228E+00  2.640042717E+00  2.920005996E+02  2.920006068E+02  4.780153568E-05  9.999521910E-01  4.942690557E-05  9.999505656E-01  1.971342416E-06  3.988200004E-02 
        18  1.930000128E+00  1.300009553E+00  4.849983633E+00  2.920008356E+02  2.920008358E+02  9.171433484E-05  9.999083006E-01  9.483273795E-05  9.999051822E-01  3.782303242E-06  3.988015862E-02 
