nodenumber     x-coordinate     y-coordinate     z-coordinate      temperature total-temperature               n2              air         molef-n2        molef-air concentration-n2 concentration-air 
         1  1.180011401E+00  7.000440735E-01  4.499552279E-01  2.897298290E+02  2.897298294E+02  7.795116241E-02  9.220488357E-01  8.028272636E-02  9.197172718E-01  3.240332338E-03  3.695758065E-02 
         2  1.150002942E+00  1.299996259E+00  6.549998111E+00  2.920004837E+02  2.920004841E+02  3.151502811E-05  9.999684701E-01  3.258664354E-05  9.999673985E-01  1.299686433E-06  3.988268693E-02 
         3  2.599979183E-01  1.299834635E+00  4.769962194E+00  2.919935220E+02  2.919935221E+02  8.145199831E-04  9.991854642E-01  8.421900599E-04  9.991577941E-01  3.359086991E-05  3.985134660E-02 
         4  2.499957813E-01  1.300216226E+00  3.040010943E+00  2.919868840E+02  2.919868843E+02  2.117529474E-03  9.978824705E-01  2.189367948E-03  9.978106321E-01  8.732515660E-05  3.979852031E-02 
         5  1.179989316E+00  1.700000987E+00  4.500025386E-01  2.920001547E+02  2.920001548E+02  2.484435294E-04  9.997515334E-01  2.568896798E-04  9.997430873E-01  1.024579652E-05  3.987378511E-02 
         6  2.090000749E+00  1.699988964E+00  2.640041275E+00  2.920005379E+02  2.920005393E+02  2.260675640E-05  9.999773970E-01  2.337548038E-05  9.999766282E-01  9.323072884E-07  3.988304839E-02 
         7  1.929998960E+00  1.700096390E+00  4.850038151E+00  2.920006254E+02  2.920006256E+02  7.839899633E-07  9.999992179E-01  8.106496080E-07  9.999991912E-01  3.233192065E-08  3.988393627E-02 
         8  1.149997690E+00  1.699993700E+00  6.550001821E+00  2.920000642E+02  2.920000648E+02  4.696080202E-05  9.999530299E-01  4.855756494E-05  9.999514331E-01  1.936675440E-06  3.988210768E-02 
         9  2.599530306E-01  1.699784014E+00  4.769789816E+00  2.920005566E+02  2.920005569E+02  9.155607851E-06  9.999908465E-01  9.466940427E-06  9.999905352E-01  3.775792899E-07  3.988360044E-02 
        10  2.500325889E-01  1.700141952E+00  3.039603904E+00  2.919806589E+02  2.919806593E+02  3.401297659E-03  9.965987042E-01  3.516505111E-03  9.964834968E-01  1.402629961E-04  3.974643302E-02 
        11  2.090000512E+00  6.999920786E-01  2.640018387E+00  2.894841642E+02  2.894841653E+02  9.548078468E-02  9.045192302E-01  9.826128502E-02  9.017387299E-01  3.967684187E-03  3.626425886E-02 
        12  1.930000944E+00  7.000071781E-01  4.849993220E+00  2.896186936E+02  2.896186939E+02  9.050051626E-02  9.094994744E-01  9.316390850E-02  9.068360822E-01  3.760689048E-03  3.645264410E-02 
        13  1.149999460E+00  7.000041210E-01  6.549999896E+00  2.900304060E+02  2.900304067E+02  7.557864035E-02  9.244213671E-01  7.785629385E-02  9.221437136E-01  3.135979533E-03  3.701975091E-02 
        14  2.599937070E-01  6.999245510E-01  4.770022657E+00  2.897919567E+02  2.897919572E+02  8.307968002E-02  9.169203135E-01  8.560382320E-02  9.143961703E-01  3.447301339E-03  3.674132896E-02 
        15  2.500057384E-01  7.000450448E-01  3.040068823E+00  2.891267691E+02  2.891267696E+02  1.381534454E-01  8.618465602E-01  1.419090118E-01  8.580909938E-01  5.740413618E-03  3.454173794E-02 
        16  1.179999658E+00  1.300002449E+00  4.500000716E-01  2.920001400E+02  2.920001400E+02  2.587407698E-04  9.997412591E-01  2.675369347E-04  9.997324629E-01  1.067045262E-05  3.987336429E-02 
        17  2.090000552E+00  1.299991228E+00  2.640042717E+00  2.920008229E+02  2.920008302E+02  8.755401498E-06  9.999912371E-01  9.053125545E-06  9.999909394E-01  3.610743724E-07  3.988357980E-02 
        18  1.930000128E+00  1.300009553E+00  4.849983633E+00  2.920008070E+02  2.920008071E+02  1.585161448E-05  9.999841633E-01  1.639063973E-05  9.999836243E-01  6.537233763E-07  3.988329111E-02 
