nodenumber     x-coordinate     y-coordinate     z-coordinate      temperature total-temperature               n2              air         molef-n2        molef-air concentration-n2 concentration-air 
         1  1.180011401E+00  7.000440735E-01  4.499552279E-01  2.918274495E+02  2.918274498E+02  2.667075199E-03  9.973329229E-01  2.757082717E-03  9.972429154E-01  1.101383243E-04  3.979752052E-02 
         2  1.150002942E+00  1.299996259E+00  6.549998111E+00  2.919102511E+02  2.919102516E+02  1.348098603E-03  9.986518865E-01  1.393869473E-03  9.986061156E-01  5.561226160E-05  3.984070337E-02 
         3  2.599979183E-01  1.299834635E+00  4.769962194E+00  2.919622496E+02  2.919622497E+02  4.830477563E-04  9.995169364E-01  4.994654275E-04  9.995005187E-01  1.992336539E-05  3.986928623E-02 
         4  2.499957813E-01  1.300216226E+00  3.040010943E+00  2.919774023E+02  2.919774025E+02  4.201698309E-04  9.995798302E-01  4.344506479E-04  9.995655494E-01  1.732922173E-05  3.986981154E-02 
         5  1.179989316E+00  1.700000987E+00  4.500025386E-01  2.919974866E+02  2.919974868E+02  3.930817014E-05  9.999606688E-01  4.064479334E-05  9.999593322E-01  1.621094288E-06  3.988277425E-02 
         6  2.090000749E+00  1.699988964E+00  2.640041275E+00  2.919987647E+02  2.919987656E+02  3.080741026E-05  9.999691963E-01  3.185497664E-05  9.999681487E-01  1.270513959E-06  3.988295239E-02 
         7  1.929998960E+00  1.700096390E+00  4.850038151E+00  2.919899994E+02  2.919899998E+02  1.523501571E-04  9.998476517E-01  1.575299335E-04  9.998424719E-01  6.283176775E-06  3.987913687E-02 
         8  1.149997690E+00  1.699993700E+00  6.550001821E+00  2.919297527E+02  2.919297532E+02  1.057771086E-03  9.989422196E-01  1.093697412E-03  9.989062933E-01  4.363264931E-05  3.985001805E-02 
         9  2.599530306E-01  1.699784014E+00  4.769789816E+00  2.919883283E+02  2.919883286E+02  2.321299432E-04  9.997678722E-01  2.400216007E-04  9.997599805E-01  9.573435967E-06  3.987607491E-02 
        10  2.500325889E-01  1.700141952E+00  3.039603904E+00  2.919999111E+02  2.919999113E+02  3.032586994E-04  9.996967432E-01  3.135673103E-04  9.996864346E-01  1.250633777E-05  3.987155983E-02 
        11  2.090000512E+00  6.999920786E-01  2.640018387E+00  2.916528005E+02  2.916528023E+02  5.969950416E-03  9.940300645E-01  6.170506301E-03  9.938295086E-01  2.467096510E-04  3.968489300E-02 
        12  1.930000944E+00  7.000071781E-01  4.849993220E+00  2.914668540E+02  2.914668548E+02  6.768904771E-03  9.932310859E-01  6.997305764E-03  9.930026849E-01  2.796422034E-04  3.967737889E-02 
        13  1.149999460E+00  7.000041210E-01  6.549999896E+00  2.915556335E+02  2.915556357E+02  7.493590302E-03  9.925064171E-01  7.745129897E-03  9.922548776E-01  3.096862692E-04  3.963521618E-02 
        14  2.599937070E-01  6.999245510E-01  4.770022657E+00  2.917392742E+02  2.917392743E+02  3.529132539E-03  9.964708609E-01  3.648684728E-03  9.963513088E-01  1.456596414E-04  3.977403910E-02 
        15  2.500057384E-01  7.000450448E-01  3.040068823E+00  2.913077446E+02  2.913077450E+02  8.818770989E-03  9.911812346E-01  9.115843402E-03  9.908841622E-01  3.644668101E-04  3.961437434E-02 
        16  1.179999658E+00  1.300002449E+00  4.500000716E-01  2.919798574E+02  2.919798577E+02  2.814062254E-04  9.997185937E-01  2.909726468E-04  9.997090272E-01  1.160598794E-05  3.987519933E-02 
        17  2.090000552E+00  1.299991228E+00  2.640042717E+00  2.919972749E+02  2.919972788E+02  5.472372086E-05  9.999452688E-01  5.658445468E-05  9.999434081E-01  2.256851162E-06  3.988216866E-02 
        18  1.930000128E+00  1.300009553E+00  4.849983633E+00  2.919840059E+02  2.919840061E+02  2.213350663E-04  9.997786798E-01  2.288598083E-04  9.997711551E-01  9.128382877E-06  3.987711143E-02 
