nodenumber     x-coordinate     y-coordinate     z-coordinate      temperature total-temperature               n2              air         molef-n2        molef-air concentration-n2 concentration-air 
         1  1.180011401E+00  7.000440735E-01  4.499552279E-01  2.883596403E+02  2.883596405E+02  2.044863650E-01  7.955136331E-01  2.096342572E-01  7.903657409E-01  8.493880553E-03  3.189540509E-02 
         2  1.150002942E+00  1.299996259E+00  6.549998111E+00  2.919766569E+02  2.919766577E+02  2.612269653E-03  9.973877154E-01  2.700822802E-03  9.972991623E-01  1.077297484E-04  3.977951165E-02 
         3  2.599979183E-01  1.299834635E+00  4.769962194E+00  2.919573418E+02  2.919573424E+02  4.690451359E-03  9.953095328E-01  4.849155286E-03  9.951508289E-01  1.934333588E-04  3.969644680E-02 
         4  2.499957813E-01  1.300216226E+00  3.040010943E+00  2.919884521E+02  2.919884525E+02  2.127104150E-03  9.978728959E-01  2.199276155E-03  9.978007238E-01  8.771957015E-05  3.979791169E-02 
         5  1.179989316E+00  1.700000987E+00  4.500025386E-01  2.919862402E+02  2.919862404E+02  2.454541280E-03  9.975454357E-01  2.537794607E-03  9.974621823E-01  1.012223553E-04  3.978470921E-02 
         6  2.090000749E+00  1.699988964E+00  2.640041275E+00  2.919998458E+02  2.919998473E+02  1.954675657E-04  9.998045362E-01  2.021129797E-04  9.997978907E-01  8.061091779E-06  3.987601415E-02 
         7  1.929998960E+00  1.700096390E+00  4.850038151E+00  2.920005734E+02  2.920005738E+02  2.896461730E-05  9.999710372E-01  2.994951503E-05  9.999700523E-01  1.194505794E-06  3.988278120E-02 
         8  1.149997690E+00  1.699993700E+00  6.550001821E+00  2.919723635E+02  2.919723646E+02  3.173994552E-03  9.968259961E-01  3.281513477E-03  9.967184772E-01  1.308945298E-04  3.975693387E-02 
         9  2.599530306E-01  1.699784014E+00  4.769789816E+00  2.919494746E+02  2.919494754E+02  5.881690609E-03  9.941183115E-01  6.080462670E-03  9.939195394E-01  2.425562102E-04  3.964840028E-02 
        10  2.500325889E-01  1.700141952E+00  3.039603904E+00  2.919823630E+02  2.919823635E+02  3.188729574E-03  9.968112723E-01  3.296801164E-03  9.967032007E-01  1.314978645E-04  3.975496534E-02 
        11  2.090000512E+00  6.999920786E-01  2.640018387E+00  2.873969721E+02  2.873969728E+02  2.822333517E-01  7.177666632E-01  2.885532015E-01  7.114468134E-01  1.172880635E-02  2.879612753E-02 
        12  1.930000944E+00  7.000071781E-01  4.849993220E+00  2.885688528E+02  2.885688530E+02  2.064074888E-01  7.935925019E-01  2.116904393E-01  7.883095513E-01  8.561799500E-03  3.179757062E-02 
        13  1.149999460E+00  7.000041210E-01  6.549999896E+00  2.893939301E+02  2.893939307E+02  1.614291104E-01  8.385708971E-01  1.657139800E-01  8.342860274E-01  6.689544382E-03  3.355485553E-02 
        14  2.599937070E-01  6.999245510E-01  4.770022657E+00  2.886299586E+02  2.886299593E+02  2.054904248E-01  7.945095687E-01  2.108506570E-01  7.891493364E-01  8.520279178E-03  3.183027810E-02 
        15  2.500057384E-01  7.000450448E-01  3.040068823E+00  2.887578212E+02  2.887578221E+02  1.955352182E-01  8.044647874E-01  2.004852334E-01  7.995147722E-01  8.111066008E-03  3.222221567E-02 
        16  1.179999658E+00  1.300002449E+00  4.500000716E-01  2.919857467E+02  2.919857468E+02  2.477150026E-03  9.975228499E-01  2.561169975E-03  9.974388299E-01  1.021548345E-04  3.978384598E-02 
        17  2.090000552E+00  1.299991228E+00  2.640042717E+00  2.920005104E+02  2.920005176E+02  7.624004130E-05  9.999237525E-01  7.883228232E-05  9.999211603E-01  3.144147606E-06  3.988083942E-02 
        18  1.930000128E+00  1.300009553E+00  4.849983633E+00  2.920004832E+02  2.920004833E+02  1.095518603E-04  9.998904630E-01  1.132767136E-04  9.998867382E-01  4.517928057E-06  3.987947114E-02 
