nodenumber     x-coordinate     y-coordinate     z-coordinate      temperature total-temperature               n2              air         molef-n2        molef-air concentration-n2 concentration-air 
         1  1.180011401E+00  7.000440735E-01  4.499552279E-01  2.881027157E+02  2.881027158E+02  2.269527165E-01  7.730472816E-01  2.324312258E-01  7.675687724E-01  9.430257488E-03  3.099551844E-02 
         2  1.150002942E+00  1.299996259E+00  6.549998111E+00  2.919932282E+02  2.919932289E+02  7.618452396E-04  9.992381399E-01  7.877238982E-04  9.992122612E-01  3.141865258E-05  3.985355902E-02 
         3  2.599979183E-01  1.299834635E+00  4.769962194E+00  2.919704059E+02  2.919704062E+02  4.055475397E-03  9.959445088E-01  4.192783288E-03  9.958072009E-01  1.672430120E-04  3.972085228E-02 
         4  2.499957813E-01  1.300216226E+00  3.040010943E+00  2.919870445E+02  2.919870448E+02  2.240990600E-03  9.977590094E-01  2.317018034E-03  9.976829820E-01  9.241620946E-05  3.979340733E-02 
         5  1.179989316E+00  1.700000987E+00  4.500025386E-01  2.919869337E+02  2.919869339E+02  2.386333912E-03  9.976136430E-01  2.467281094E-03  9.975326959E-01  9.840958131E-05  3.978742726E-02 
         6  2.090000749E+00  1.699988964E+00  2.640041275E+00  2.919997063E+02  2.919997076E+02  1.722138665E-04  9.998277899E-01  1.780688472E-04  9.998219349E-01  7.102117895E-06  3.987699217E-02 
         7  1.929998960E+00  1.700096390E+00  4.850038151E+00  2.920006322E+02  2.920006326E+02  9.290644805E-06  9.999907112E-01  9.606565960E-06  9.999903953E-01  3.831479014E-07  3.988358453E-02 
         8  1.149997690E+00  1.699993700E+00  6.550001821E+00  2.919937874E+02  2.919937883E+02  6.920639547E-04  9.993079267E-01  7.155714981E-04  9.992844192E-01  2.854086425E-05  3.985636087E-02 
         9  2.599530306E-01  1.699784014E+00  4.769789816E+00  2.919671959E+02  2.919671963E+02  4.844933656E-03  9.951550684E-01  5.008847478E-03  9.949911546E-01  1.997960882E-04  3.968873917E-02 
        10  2.500325889E-01  1.700141952E+00  3.039603904E+00  2.919793027E+02  2.919793031E+02  3.591444655E-03  9.964085572E-01  3.713114781E-03  9.962868871E-01  1.481046798E-04  3.973877657E-02 
        11  2.090000512E+00  6.999920786E-01  2.640018387E+00  2.878237756E+02  2.878237763E+02  2.210729019E-01  7.789271130E-01  2.265369759E-01  7.734630390E-01  9.191367536E-03  3.127293613E-02 
        12  1.930000944E+00  7.000071781E-01  4.849993220E+00  2.883575358E+02  2.883575359E+02  2.010389383E-01  7.989610524E-01  2.060006954E-01  7.939992953E-01  8.356535895E-03  3.203364043E-02 
        13  1.149999460E+00  7.000041210E-01  6.549999896E+00  2.887165920E+02  2.887165926E+02  1.973651084E-01  8.026348991E-01  2.024892118E-01  7.975107956E-01  8.186403355E-03  3.215243790E-02 
        14  2.599937070E-01  6.999245510E-01  4.770022657E+00  2.891513842E+02  2.891513848E+02  1.571231238E-01  8.428768696E-01  1.614542578E-01  8.385457357E-01  6.515396248E-03  3.376242916E-02 
        15  2.500057384E-01  7.000450448E-01  3.040068823E+00  2.879221084E+02  2.879221087E+02  2.419044583E-01  7.580955473E-01  2.477830799E-01  7.522169257E-01  1.004807720E-02  3.040256536E-02 
        16  1.179999658E+00  1.300002449E+00  4.500000716E-01  2.919912177E+02  2.919912179E+02  1.699422578E-03  9.983005773E-01  1.757109834E-03  9.982428900E-01  7.008278041E-05  3.981517069E-02 
        17  2.090000552E+00  1.299991228E+00  2.640042717E+00  2.920004004E+02  2.920004081E+02  7.680990567E-05  9.999231826E-01  7.942153280E-05  9.999205710E-01  3.167650824E-06  3.988083094E-02 
        18  1.930000128E+00  1.300009553E+00  4.849983633E+00  2.920008329E+02  2.920008331E+02  6.712938454E-05  9.999328855E-01  6.941193128E-05  9.999306030E-01  2.768421409E-06  3.988117288E-02 
