nodenumber     x-coordinate     y-coordinate     z-coordinate      temperature total-temperature               n2              air         molef-n2        molef-air concentration-n2 concentration-air 
         1  1.180011401E+00  7.000440735E-01  4.499552279E-01  2.886184975E+02  2.886184979E+02  1.885400215E-01  8.114599766E-01  1.932999585E-01  8.067000397E-01  7.833745464E-03  3.251986020E-02 
         2  1.150002942E+00  1.299996259E+00  6.549998111E+00  2.919987347E+02  2.919987352E+02  2.224726796E-04  9.997775124E-01  2.300350991E-04  9.997699500E-01  9.174812673E-06  3.987505071E-02 
         3  2.599979183E-01  1.299834635E+00  4.769962194E+00  2.919754799E+02  2.919754801E+02  3.668897893E-03  9.963310863E-01  3.793183745E-03  9.962068004E-01  1.513002988E-04  3.973610178E-02 
         4  2.499957813E-01  1.300216226E+00  3.040010943E+00  2.919831280E+02  2.919831283E+02  2.351354061E-03  9.976486459E-01  2.431108455E-03  9.975688915E-01  9.696837788E-05  3.978939018E-02 
         5  1.179989316E+00  1.700000987E+00  4.500025386E-01  2.919919795E+02  2.919919797E+02  1.651715898E-03  9.983482611E-01  1.707786313E-03  9.982921906E-01  6.811532536E-05  3.981703226E-02 
         6  2.090000749E+00  1.699988964E+00  2.640041275E+00  2.920002296E+02  2.920002313E+02  7.903357148E-05  9.999209702E-01  8.172081338E-05  9.999182829E-01  3.259356549E-06  3.988076345E-02 
         7  1.929998960E+00  1.700096390E+00  4.850038151E+00  2.920006309E+02  2.920006313E+02  7.333677718E-06  9.999926682E-01  7.583055489E-06  9.999924188E-01  3.024422913E-07  3.988366541E-02 
         8  1.149997690E+00  1.699993700E+00  6.550001821E+00  2.919985189E+02  2.919985198E+02  2.163288567E-04  9.997836618E-01  2.236819403E-04  9.997763087E-01  8.921448585E-06  3.987533399E-02 
         9  2.599530306E-01  1.699784014E+00  4.769789816E+00  2.919660158E+02  2.919660161E+02  5.184119966E-03  9.948158821E-01  5.359460252E-03  9.946405418E-01  2.137819251E-04  3.967491454E-02 
        10  2.500325889E-01  1.700141952E+00  3.039603904E+00  2.919782612E+02  2.919782617E+02  3.351904491E-03  9.966480974E-01  3.465487114E-03  9.965345147E-01  1.382280976E-04  3.974879544E-02 
        11  2.090000512E+00  6.999920786E-01  2.640018387E+00  2.880706108E+02  2.880706116E+02  2.058790858E-01  7.941209291E-01  2.111074959E-01  7.888925190E-01  8.554877201E-03  3.187442880E-02 
        12  1.930000944E+00  7.000071781E-01  4.849993220E+00  2.886984132E+02  2.886984137E+02  1.809606368E-01  8.190393539E-01  1.855566097E-01  8.144433810E-01  7.518031671E-03  3.282420952E-02 
        13  1.149999460E+00  7.000041210E-01  6.549999896E+00  2.894548635E+02  2.894548639E+02  1.579518355E-01  8.420481719E-01  1.622655323E-01  8.377344752E-01  6.542714109E-03  3.369289499E-02 
        14  2.599937070E-01  6.999245510E-01  4.770022657E+00  2.890383262E+02  2.890383266E+02  1.574714255E-01  8.425285680E-01  1.617795364E-01  8.382204571E-01  6.533678319E-03  3.376007855E-02 
        15  2.500057384E-01  7.000450448E-01  3.040068823E+00  2.877832507E+02  2.877832510E+02  2.587956237E-01  7.412043819E-01  2.646637533E-01  7.353362523E-01  1.075447553E-02  2.971658823E-02 
        16  1.179999658E+00  1.300002449E+00  4.500000716E-01  2.919938011E+02  2.919938012E+02  1.349694442E-03  9.986503054E-01  1.395526832E-03  9.986044731E-01  5.566045335E-05  3.982924014E-02 
        17  2.090000552E+00  1.299991228E+00  2.640042717E+00  2.920005994E+02  2.920006072E+02  4.596589981E-05  9.999540266E-01  4.752884858E-05  9.999524637E-01  1.895640527E-06  3.988207577E-02 
        18  1.930000128E+00  1.300009553E+00  4.849983633E+00  2.920008363E+02  2.920008365E+02  6.251984985E-05  9.999374951E-01  6.464566793E-05  9.999353692E-01  2.578324062E-06  3.988136251E-02 
