nodenumber     x-coordinate     y-coordinate     z-coordinate      temperature total-temperature               n2              air         molef-n2        molef-air concentration-n2 concentration-air 
         1  1.180011401E+00  7.000440735E-01  4.499552279E-01  2.883647473E+02  2.883647475E+02  2.094015001E-01  7.905984980E-01  2.145546337E-01  7.854453645E-01  8.698622531E-03  3.169027902E-02 
         2  1.150002942E+00  1.299996259E+00  6.549998111E+00  2.919492098E+02  2.919492105E+02  5.612712684E-03  9.943872724E-01  5.802441386E-03  9.941975437E-01  2.314660179E-04  3.965952530E-02 
         3  2.599979183E-01  1.299834635E+00  4.769962194E+00  2.919612993E+02  2.919612997E+02  4.696638854E-03  9.953033453E-01  4.855552605E-03  9.951444316E-01  1.936857097E-04  3.969565374E-02 
         4  2.499957813E-01  1.300216226E+00  3.040010943E+00  2.919865483E+02  2.919865486E+02  2.284683328E-03  9.977153167E-01  2.362190275E-03  9.976378097E-01  9.421808861E-05  3.979167323E-02 
         5  1.179989316E+00  1.700000987E+00  4.500025386E-01  2.919801230E+02  2.919801231E+02  3.218494397E-03  9.967814826E-01  3.327575346E-03  9.966724016E-01  1.327262356E-04  3.975404098E-02 
         6  2.090000749E+00  1.699988964E+00  2.640041275E+00  2.919991408E+02  2.919991423E+02  2.812654192E-04  9.997187383E-01  2.908263341E-04  9.997091774E-01  1.159938424E-05  3.987257215E-02 
         7  1.929998960E+00  1.700096390E+00  4.850038151E+00  2.919891610E+02  2.919891613E+02  2.169597022E-03  9.978304048E-01  2.243205454E-03  9.977567964E-01  8.947152419E-05  3.979606305E-02 
         8  1.149997690E+00  1.699993700E+00  6.550001821E+00  2.919443449E+02  2.919443460E+02  5.987066303E-03  9.940129244E-01  6.189334054E-03  9.938106566E-01  2.469050149E-04  3.964475152E-02 
         9  2.599530306E-01  1.699784014E+00  4.769789816E+00  2.919531647E+02  2.919531653E+02  6.149487932E-03  9.938505142E-01  6.357269688E-03  9.936427324E-01  2.535944489E-04  3.963685782E-02 
        10  2.500325889E-01  1.700141952E+00  3.039603904E+00  2.919809309E+02  2.919809313E+02  3.319873371E-03  9.966801285E-01  3.432376642E-03  9.965676252E-01  1.369060969E-04  3.974975273E-02 
        11  2.090000512E+00  6.999920786E-01  2.640018387E+00  2.876302892E+02  2.876302900E+02  2.733212078E-01  7.266788071E-01  2.794059654E-01  7.205940495E-01  1.135391207E-02  2.913831547E-02 
        12  1.930000944E+00  7.000071781E-01  4.849993220E+00  2.891715680E+02  2.891715683E+02  1.733900915E-01  8.266098992E-01  1.780110863E-01  8.219889044E-01  7.185503393E-03  3.308961978E-02 
        13  1.149999460E+00  7.000041210E-01  6.549999896E+00  2.885895985E+02  2.885895992E+02  2.090933467E-01  7.909066607E-01  2.143757788E-01  7.856242287E-01  8.672870983E-03  3.168375859E-02 
        14  2.599937070E-01  6.999245510E-01  4.770022657E+00  2.886351694E+02  2.886351698E+02  2.174908426E-01  7.825091508E-01  2.229202499E-01  7.770797436E-01  9.017671662E-03  3.133269234E-02 
        15  2.500057384E-01  7.000450448E-01  3.040068823E+00  2.887226748E+02  2.887226753E+02  1.956733150E-01  8.043266906E-01  2.006368990E-01  7.993631066E-01  8.117637915E-03  3.222052955E-02 
        16  1.179999658E+00  1.300002449E+00  4.500000716E-01  2.919853633E+02  2.919853634E+02  2.468304441E-03  9.975316954E-01  2.552024807E-03  9.974479751E-01  1.017902132E-04  3.978426298E-02 
        17  2.090000552E+00  1.299991228E+00  2.640042717E+00  2.919999923E+02  2.919999991E+02  1.452525556E-04  9.998547400E-01  1.501907323E-04  9.998498018E-01  5.990225717E-06  3.987806410E-02 
        18  1.930000128E+00  1.300009553E+00  4.849983633E+00  2.919932244E+02  2.919932246E+02  1.383598554E-03  9.986164163E-01  1.430574128E-03  9.985694408E-01  5.705858725E-05  3.982792198E-02 
