nodenumber     x-coordinate     y-coordinate     z-coordinate      temperature total-temperature               n2              air         molef-n2        molef-air concentration-n2 concentration-air 
         1  1.180011401E+00  7.000440735E-01  4.499552279E-01  2.889634728E+02  2.889634735E+02  1.242622382E-01  8.757377599E-01  1.277929730E-01  8.722070251E-01  5.168638547E-03  3.513627920E-02 
         2  1.150002942E+00  1.299996259E+00  6.549998111E+00  2.920004576E+02  2.920004579E+02  3.589936922E-05  9.999640857E-01  3.712005370E-05  9.999628650E-01  1.480497458E-06  3.988250969E-02 
         3  2.599979183E-01  1.299834635E+00  4.769962194E+00  2.919783145E+02  2.919783146E+02  2.607061370E-03  9.973929228E-01  2.695456880E-03  9.973045273E-01  1.075144466E-04  3.977950042E-02 
         4  2.499957813E-01  1.300216226E+00  3.040010943E+00  2.919805095E+02  2.919805097E+02  2.760072215E-03  9.972399278E-01  2.853651520E-03  9.971463485E-01  1.138231258E-04  3.977289313E-02 
         5  1.179989316E+00  1.700000987E+00  4.500025386E-01  2.919997126E+02  2.919997128E+02  3.289575033E-04  9.996710194E-01  3.401397685E-04  9.996598372E-01  1.356616841E-05  3.987052512E-02 
         6  2.090000749E+00  1.699988964E+00  2.640041275E+00  2.920005098E+02  2.920005112E+02  2.520133578E-05  9.999748024E-01  2.605827935E-05  9.999739454E-01  1.039308229E-06  3.988294524E-02 
         7  1.929998960E+00  1.700096390E+00  4.850038151E+00  2.920006248E+02  2.920006251E+02  1.847487087E-06  9.999981544E-01  1.910310777E-06  9.999980916E-01  7.619076986E-08  3.988389249E-02 
         8  1.149997690E+00  1.699993700E+00  6.550001821E+00  2.919998545E+02  2.919998550E+02  6.870703733E-05  9.999312836E-01  7.104310200E-05  9.999289476E-01  2.833495694E-06  3.988123951E-02 
         9  2.599530306E-01  1.699784014E+00  4.769789816E+00  2.920001688E+02  2.920001691E+02  5.962972093E-05  9.999403724E-01  6.165722137E-05  9.999383449E-01  2.459141245E-06  3.988157185E-02 
        10  2.500325889E-01  1.700141952E+00  3.039603904E+00  2.919799817E+02  2.919799822E+02  3.369165511E-03  9.966308364E-01  3.483321366E-03  9.965166805E-01  1.389389008E-04  3.974784961E-02 
        11  2.090000512E+00  6.999920786E-01  2.640018387E+00  2.885062948E+02  2.885062958E+02  1.431664033E-01  8.568336116E-01  1.471553466E-01  8.528446683E-01  5.955493165E-03  3.441282145E-02 
        12  1.930000944E+00  7.000071781E-01  4.849993220E+00  2.891818599E+02  2.891818601E+02  1.198203363E-01  8.801796544E-01  1.232075730E-01  8.767924177E-01  4.981100436E-03  3.529328307E-02 
        13  1.149999460E+00  7.000041210E-01  6.549999896E+00  2.898789437E+02  2.898789445E+02  9.257318251E-02  9.074268249E-01  9.530179360E-02  9.046982139E-01  3.839924248E-03  3.633680129E-02 
        14  2.599937070E-01  6.999245510E-01  4.770022657E+00  2.894091871E+02  2.894091876E+02  1.061886561E-01  8.938113374E-01  1.093256333E-01  8.906743602E-01  4.408035987E-03  3.583382909E-02 
        15  2.500057384E-01  7.000450448E-01  3.040068823E+00  2.881689924E+02  2.881689930E+02  2.067848924E-01  7.932151132E-01  2.120517746E-01  7.879482309E-01  8.594114439E-03  3.182194529E-02 
        16  1.179999658E+00  1.300002449E+00  4.500000716E-01  2.919998283E+02  2.919998284E+02  3.216328498E-04  9.996783670E-01  3.325663434E-04  9.996674335E-01  1.326410294E-05  3.987081321E-02 
        17  2.090000552E+00  1.299991228E+00  2.640042717E+00  2.920007987E+02  2.920008064E+02  1.125117097E-05  9.999887414E-01  1.163376023E-05  9.999883588E-01  4.640003535E-07  3.988348019E-02 
        18  1.930000128E+00  1.300009553E+00  4.849983633E+00  2.920007997E+02  2.920007998E+02  2.391802012E-05  9.999760969E-01  2.473132812E-05  9.999752836E-01  9.863829813E-07  3.988295945E-02 
