nodenumber     x-coordinate     y-coordinate     z-coordinate      temperature total-temperature               n2              air         molef-n2        molef-air concentration-n2 concentration-air 
         1  1.180011401E+00  7.000440735E-01  4.499552279E-01  2.898817214E+02  2.898817217E+02  6.980340068E-02  9.301965975E-01  7.191795897E-02  9.280820392E-01  2.900931368E-03  3.727580622E-02 
         2  1.150002942E+00  1.299996259E+00  6.549998111E+00  2.920006817E+02  2.920006820E+02  1.328424088E-05  9.999867009E-01  1.373596280E-05  9.999862491E-01  5.478448678E-07  3.988341173E-02 
         3  2.599979183E-01  1.299834635E+00  4.769962194E+00  2.919977384E+02  2.919977385E+02  2.984211389E-04  9.997015630E-01  3.085646761E-04  9.996914195E-01  1.230695148E-05  3.987205458E-02 
         4  2.499957813E-01  1.300216226E+00  3.040010943E+00  2.919857114E+02  2.919857116E+02  2.387634934E-03  9.976123651E-01  2.468619735E-03  9.975313803E-01  9.846357489E-05  3.978754207E-02 
         5  1.179989316E+00  1.700000987E+00  4.500025386E-01  2.920000241E+02  2.920000243E+02  2.325880359E-04  9.997673889E-01  2.404952793E-04  9.997594817E-01  9.591926256E-06  3.987445682E-02 
         6  2.090000749E+00  1.699988964E+00  2.640041275E+00  2.920004929E+02  2.920004943E+02  2.016638765E-05  9.999798373E-01  2.085213081E-05  9.999791516E-01  8.316662264E-07  3.988315518E-02 
         7  1.929998960E+00  1.700096390E+00  4.850038151E+00  2.920006256E+02  2.920006258E+02  6.920621419E-07  9.999993098E-01  7.155957972E-07  9.999992863E-01  2.854079807E-08  3.988394004E-02 
         8  1.149997690E+00  1.699993700E+00  6.550001821E+00  2.920000692E+02  2.920000698E+02  4.175510409E-05  9.999582356E-01  4.317488397E-05  9.999568158E-01  1.721991568E-06  3.988232169E-02 
         9  2.599530306E-01  1.699784014E+00  4.769789816E+00  2.920005994E+02  2.920005997E+02  2.489953619E-06  9.999975121E-01  2.574624597E-06  9.999974275E-01  1.026862538E-07  3.988386948E-02 
        10  2.500325889E-01  1.700141952E+00  3.039603904E+00  2.919823873E+02  2.919823877E+02  3.231299777E-03  9.967687021E-01  3.340682025E-03  9.966593198E-01  1.332510821E-04  3.975320885E-02 
        11  2.090000512E+00  6.999920786E-01  2.640018387E+00  2.895551048E+02  2.895551056E+02  8.318805921E-02  9.168119557E-01  8.571117381E-02  9.142888411E-01  3.454070562E-03  3.676738326E-02 
        12  1.930000944E+00  7.000071781E-01  4.849993220E+00  2.899791979E+02  2.899791982E+02  7.636725635E-02  9.236327343E-01  7.866734275E-02  9.213326479E-01  3.169737258E-03  3.699320298E-02 
        13  1.149999460E+00  7.000041210E-01  6.549999896E+00  2.904555995E+02  2.904556001E+02  6.076978931E-02  9.392302181E-01  6.264492839E-02  9.373550791E-01  2.518131423E-03  3.757851779E-02 
        14  2.599937070E-01  6.999245510E-01  4.770022657E+00  2.903901612E+02  2.903901617E+02  5.632261122E-02  9.436773823E-01  5.809100765E-02  9.419089858E-01  2.334312080E-03  3.777132262E-02 
        15  2.500057384E-01  7.000450448E-01  3.040068823E+00  2.894742031E+02  2.894742033E+02  1.045697051E-01  8.954303005E-01  1.076510867E-01  8.923489189E-01  4.342381117E-03  3.589084816E-02 
        16  1.179999658E+00  1.300002449E+00  4.500000716E-01  2.920002081E+02  2.920002081E+02  2.203135676E-04  9.997796863E-01  2.278036424E-04  9.997721962E-01  9.085726620E-06  3.987493972E-02 
        17  2.090000552E+00  1.299991228E+00  2.640042717E+00  2.920007963E+02  2.920008039E+02  8.822527604E-06  9.999911700E-01  9.122534586E-06  9.999908700E-01  3.638427304E-07  3.988358067E-02 
        18  1.930000128E+00  1.300009553E+00  4.849983633E+00  2.920008201E+02  2.920008202E+02  9.227775954E-06  9.999907871E-01  9.541564369E-06  9.999904733E-01  3.805552153E-07  3.988356250E-02 
