nodenumber     x-coordinate     y-coordinate     z-coordinate      temperature total-temperature               n2              air         molef-n2        molef-air concentration-n2 concentration-air 
         1  1.180011401E+00  7.000440735E-01  4.499552279E-01  2.881087319E+02  2.881087321E+02  2.128104389E-01  7.871895593E-01  2.181185977E-01  7.818814005E-01  8.845307011E-03  3.157927473E-02 
         2  1.150002942E+00  1.299996259E+00  6.549998111E+00  2.919898021E+02  2.919898029E+02  1.050048367E-03  9.989499367E-01  1.085697556E-03  9.989142875E-01  4.330432684E-05  3.984214136E-02 
         3  2.599979183E-01  1.299834635E+00  4.769962194E+00  2.919659468E+02  2.919659472E+02  3.852555647E-03  9.961474285E-01  3.983026240E-03  9.960169579E-01  1.588785280E-04  3.972982597E-02 
         4  2.499957813E-01  1.300216226E+00  3.040010943E+00  2.919891739E+02  2.919891743E+02  2.086280357E-03  9.979137196E-01  2.157071225E-03  9.978429288E-01  8.603594643E-05  3.979949671E-02 
         5  1.179989316E+00  1.700000987E+00  4.500025386E-01  2.919891320E+02  2.919891323E+02  2.075772054E-03  9.979242049E-01  2.146202907E-03  9.978537740E-01  8.560257814E-05  3.979993397E-02 
         6  2.090000749E+00  1.699988964E+00  2.640041275E+00  2.920004280E+02  2.920004298E+02  5.727742156E-05  9.999427263E-01  5.922494957E-05  9.999407788E-01  2.362128798E-06  3.988163358E-02 
         7  1.929998960E+00  1.700096390E+00  4.850038151E+00  2.919972776E+02  2.919972781E+02  6.588179712E-04  9.993411839E-01  6.812009918E-04  9.993188009E-01  2.716941656E-05  3.985725647E-02 
         8  1.149997690E+00  1.699993700E+00  6.550001821E+00  2.919931342E+02  2.919931353E+02  6.997728939E-04  9.993002178E-01  7.235342883E-04  9.992764564E-01  2.885889100E-05  3.985613209E-02 
         9  2.599530306E-01  1.699784014E+00  4.769789816E+00  2.919644801E+02  2.919644809E+02  4.077599380E-03  9.959224027E-01  4.215671692E-03  9.957843304E-01  1.681586876E-04  3.972074758E-02 
        10  2.500325889E-01  1.700141952E+00  3.039603904E+00  2.919885697E+02  2.919885703E+02  2.492097159E-03  9.975079047E-01  2.576621963E-03  9.974233799E-01  1.027701873E-04  3.978284515E-02 
        11  2.090000512E+00  6.999920786E-01  2.640018387E+00  2.875649002E+02  2.875649007E+02  2.494835733E-01  7.505164416E-01  2.554001820E-01  7.445998329E-01  1.037383355E-02  3.012724129E-02 
        12  1.930000944E+00  7.000071781E-01  4.849993220E+00  2.887116793E+02  2.887116796E+02  2.002907081E-01  7.997092826E-01  2.052980488E-01  7.947019419E-01  8.310515923E-03  3.202950361E-02 
        13  1.149999460E+00  7.000041210E-01  6.549999896E+00  2.897059067E+02  2.897059073E+02  1.420564622E-01  8.579435452E-01  1.459304507E-01  8.540695567E-01  5.884555757E-03  3.431639665E-02 
        14  2.599937070E-01  6.999245510E-01  4.770022657E+00  2.894525276E+02  2.894525279E+02  1.646786599E-01  8.353213336E-01  1.691401579E-01  8.308598356E-01  6.819122693E-03  3.341675415E-02 
        15  2.500057384E-01  7.000450448E-01  3.040068823E+00  2.894824918E+02  2.894824925E+02  1.533595591E-01  8.466404465E-01  1.574413016E-01  8.425587040E-01  6.355692389E-03  3.387644146E-02 
        16  1.179999658E+00  1.300002449E+00  4.500000716E-01  2.919863731E+02  2.919863732E+02  2.437481130E-03  9.975625188E-01  2.520158200E-03  9.974798417E-01  1.005188486E-04  3.978539639E-02 
        17  2.090000552E+00  1.299991228E+00  2.640042717E+00  2.920006951E+02  2.920007023E+02  4.132264107E-05  9.999586699E-01  4.272771787E-05  9.999572648E-01  1.704151319E-06  3.988225418E-02 
        18  1.930000128E+00  1.300009553E+00  4.849983633E+00  2.919968982E+02  2.919968983E+02  6.818771708E-04  9.993181377E-01  7.050450467E-04  9.992949699E-01  2.812043185E-05  3.985635832E-02 
