nodenumber     x-coordinate     y-coordinate     z-coordinate      temperature total-temperature               n2              air         molef-n2        molef-air concentration-n2 concentration-air 
         1  1.180011401E+00  7.000440735E-01  4.499552279E-01  2.889009977E+02  2.889009978E+02  1.428654680E-01  8.571345302E-01  1.467546654E-01  8.532453327E-01  5.940526244E-03  3.437325711E-02 
         2  1.150002942E+00  1.299996259E+00  6.549998111E+00  2.919996457E+02  2.919996461E+02  1.173942671E-04  9.998825908E-01  1.213854615E-04  9.998785996E-01  4.841364027E-06  3.987925971E-02 
         3  2.599979183E-01  1.299834635E+00  4.769962194E+00  2.919753340E+02  2.919753341E+02  3.460006073E-03  9.965399781E-01  3.577228389E-03  9.964227558E-01  1.426868699E-04  3.974473515E-02 
         4  2.499957813E-01  1.300216226E+00  3.040010943E+00  2.919827028E+02  2.919827030E+02  2.358908057E-03  9.976410919E-01  2.438917916E-03  9.975610821E-01  9.728000147E-05  3.978913663E-02 
         5  1.179989316E+00  1.700000987E+00  4.500025386E-01  2.919959150E+02  2.919959152E+02  9.074083483E-04  9.990925686E-01  9.382352083E-04  9.990617417E-01  3.742116276E-05  3.984718885E-02 
         6  2.090000749E+00  1.699988964E+00  2.640041275E+00  2.920002877E+02  2.920002893E+02  6.884798536E-05  9.999311557E-01  7.118895249E-05  9.999288148E-01  2.839302268E-06  3.988117557E-02 
         7  1.929998960E+00  1.700096390E+00  4.850038151E+00  2.920006261E+02  2.920006265E+02  1.192080220E-05  9.999880811E-01  1.232616233E-05  9.999876757E-01  4.916162522E-07  3.988347689E-02 
         8  1.149997690E+00  1.699993700E+00  6.550001821E+00  2.919992084E+02  2.919992090E+02  1.403398254E-04  9.998596509E-01  1.451108261E-04  9.998548799E-01  5.787647311E-06  3.987837361E-02 
         9  2.599530306E-01  1.699784014E+00  4.769789816E+00  2.919662912E+02  2.919662918E+02  4.911928704E-03  9.950880734E-01  5.077964515E-03  9.949220376E-01  2.025576210E-04  3.968610132E-02 
        10  2.500325889E-01  1.700141952E+00  3.039603904E+00  2.919800336E+02  2.919800339E+02  3.222899946E-03  9.967771019E-01  3.332123805E-03  9.966678781E-01  1.329078651E-04  3.975387355E-02 
        11  2.090000512E+00  6.999920786E-01  2.640018387E+00  2.877217198E+02  2.877217205E+02  2.116038805E-01  7.883961344E-01  2.169340817E-01  7.830659332E-01  8.803655838E-03  3.167493513E-02 
        12  1.930000944E+00  7.000071781E-01  4.849993220E+00  2.882838246E+02  2.882838248E+02  1.916833221E-01  8.083166686E-01  1.965011305E-01  8.034988602E-01  7.973513404E-03  3.242707606E-02 
        13  1.149999460E+00  7.000041210E-01  6.549999896E+00  2.894000806E+02  2.894000812E+02  1.476284868E-01  8.523715207E-01  1.516393304E-01  8.483606771E-01  6.121429305E-03  3.412212897E-02 
        14  2.599937070E-01  6.999245510E-01  4.770022657E+00  2.886634585E+02  2.886634592E+02  1.690091281E-01  8.309908654E-01  1.735938206E-01  8.264061729E-01  7.018058849E-03  3.332801148E-02 
        15  2.500057384E-01  7.000450448E-01  3.040068823E+00  2.879228075E+02  2.879228077E+02  2.466976619E-01  7.533023437E-01  2.524760698E-01  7.475239357E-01  1.024922813E-02  3.020186457E-02 
        16  1.179999658E+00  1.300002449E+00  4.500000716E-01  2.919975462E+02  2.919975463E+02  6.323638516E-04  9.993676360E-01  6.538529352E-04  9.993461469E-01  2.607853645E-05  3.985831050E-02 
        17  2.090000552E+00  1.299991228E+00  2.640042717E+00  2.920006717E+02  2.920006793E+02  3.360866990E-05  9.999663839E-01  3.475146903E-05  9.999652411E-01  1.386026955E-06  3.988257550E-02 
        18  1.930000128E+00  1.300009553E+00  4.849983633E+00  2.920006988E+02  2.920006990E+02  4.869355697E-05  9.999513213E-01  5.034928325E-05  9.999496656E-01  2.008129034E-06  3.988195149E-02 
