nodenumber     x-coordinate     y-coordinate     z-coordinate      temperature total-temperature               n2              air         molef-n2        molef-air concentration-n2 concentration-air 
         1  1.180011401E+00  7.000440735E-01  4.499552279E-01  2.888991909E+02  2.888991910E+02  1.765919759E-01  8.234080222E-01  1.810850957E-01  8.189149024E-01  7.332587974E-03  3.298158001E-02 
         2  1.150002942E+00  1.299996259E+00  6.549998111E+00  2.919648729E+02  2.919648737E+02  4.054905830E-03  9.959450793E-01  4.192190108E-03  9.958077950E-01  1.672225371E-04  3.972162874E-02 
         3  2.599979183E-01  1.299834635E+00  4.769962194E+00  2.919614322E+02  2.919614325E+02  4.611358224E-03  9.953886259E-01  4.767394525E-03  9.952325896E-01  1.901691903E-04  3.969915211E-02 
         4  2.499957813E-01  1.300216226E+00  3.040010943E+00  2.919890369E+02  2.919890372E+02  2.011282734E-03  9.979887173E-01  2.079532133E-03  9.979204679E-01  8.294336261E-05  3.980260801E-02 
         5  1.179989316E+00  1.700000987E+00  4.500025386E-01  2.919811197E+02  2.919811200E+02  3.111862393E-03  9.968881146E-01  3.217337310E-03  9.967826396E-01  1.283288532E-04  3.975830220E-02 
         6  2.090000749E+00  1.699988964E+00  2.640041275E+00  2.919982434E+02  2.919982449E+02  3.914767252E-04  9.996085270E-01  4.047830101E-04  9.995952207E-01  1.614449824E-05  3.986814960E-02 
         7  1.929998960E+00  1.700096390E+00  4.850038151E+00  2.919978424E+02  2.919978429E+02  6.063445764E-04  9.993936573E-01  6.269441997E-04  9.993730577E-01  2.500538159E-05  3.985934335E-02 
         8  1.149997690E+00  1.699993700E+00  6.550001821E+00  2.919534822E+02  2.919534831E+02  5.396696146E-03  9.946032945E-01  5.579157585E-03  9.944208331E-01  2.225559119E-04  3.966785209E-02 
         9  2.599530306E-01  1.699784014E+00  4.769789816E+00  2.919511915E+02  2.919511921E+02  6.040483326E-03  9.939595188E-01  6.244606020E-03  9.937553961E-01  2.491019151E-04  3.964161996E-02 
        10  2.500325889E-01  1.700141952E+00  3.039603904E+00  2.919808410E+02  2.919808414E+02  3.373244100E-03  9.966267578E-01  3.487548997E-03  9.965124529E-01  1.391068016E-04  3.974756432E-02 
        11  2.090000512E+00  6.999920786E-01  2.640018387E+00  2.875839363E+02  2.875839373E+02  2.715147572E-01  7.284852577E-01  2.775427860E-01  7.224572289E-01  1.128385972E-02  2.921516248E-02 
        12  1.930000944E+00  7.000071781E-01  4.849993220E+00  2.891183991E+02  2.891183995E+02  1.773711521E-01  8.226288386E-01  1.819907299E-01  8.180092608E-01  7.352705249E-03  3.293011668E-02 
        13  1.149999460E+00  7.000041210E-01  6.549999896E+00  2.889722291E+02  2.889722296E+02  1.846116738E-01  8.153883337E-01  1.894431950E-01  8.105568125E-01  7.653360574E-03  3.264965863E-02 
        14  2.599937070E-01  6.999245510E-01  4.770022657E+00  2.886106800E+02  2.886106804E+02  2.157331374E-01  7.842668561E-01  2.210651442E-01  7.789348493E-01  8.948561515E-03  3.140553604E-02 
        15  2.500057384E-01  7.000450448E-01  3.040068823E+00  2.889064492E+02  2.889064499E+02  1.775030563E-01  8.224969493E-01  1.821006164E-01  8.178993892E-01  7.365415917E-03  3.294716825E-02 
        16  1.179999658E+00  1.300002449E+00  4.500000716E-01  2.919868684E+02  2.919868687E+02  2.247291114E-03  9.977527088E-01  2.323530925E-03  9.976764690E-01  9.267605555E-05  3.979317153E-02 
        17  2.090000552E+00  1.299991228E+00  2.640042717E+00  2.919995163E+02  2.919995234E+02  2.023199196E-04  9.997976726E-01  2.091978715E-04  9.997907947E-01  8.343687254E-06  3.987577566E-02 
        18  1.930000128E+00  1.300009553E+00  4.849983633E+00  2.919975516E+02  2.919975517E+02  5.726019442E-04  9.994274130E-01  5.920590145E-04  9.994079559E-01  2.361398369E-05  3.986077551E-02 
