nodenumber     x-coordinate     y-coordinate     z-coordinate      temperature total-temperature               n2              air         molef-n2        molef-air concentration-n2 concentration-air 
         1  1.180011401E+00  7.000440735E-01  4.499552279E-01  2.882891116E+02  2.882891117E+02  2.089868459E-01  7.910131522E-01  2.142429691E-01  7.857570291E-01  8.682284158E-03  3.171701760E-02 
         2  1.150002942E+00  1.299996259E+00  6.549998111E+00  2.919873162E+02  2.919873170E+02  1.478229292E-03  9.985217558E-01  1.528407586E-03  9.984715775E-01  6.096217989E-05  3.982482307E-02 
         3  2.599979183E-01  1.299834635E+00  4.769962194E+00  2.919771196E+02  2.919771199E+02  3.173068091E-03  9.968269161E-01  3.280607714E-03  9.967193765E-01  1.308544557E-04  3.975632363E-02 
         4  2.499957813E-01  1.300216226E+00  3.040010943E+00  2.919882700E+02  2.919882704E+02  2.118104506E-03  9.978818955E-01  2.189969115E-03  9.978100309E-01  8.734849435E-05  3.979830764E-02 
         5  1.179989316E+00  1.700000987E+00  4.500025386E-01  2.919916828E+02  2.919916831E+02  1.699527953E-03  9.983004490E-01  1.757215566E-03  9.982427614E-01  7.008696258E-05  3.981510115E-02 
         6  2.090000749E+00  1.699988964E+00  2.640041275E+00  2.920002327E+02  2.920002345E+02  8.421077932E-05  9.999157929E-01  8.707403119E-05  9.999129297E-01  3.472864561E-06  3.988054952E-02 
         7  1.929998960E+00  1.700096390E+00  4.850038151E+00  2.920006255E+02  2.920006259E+02  1.902835942E-05  9.999809735E-01  1.967538456E-05  9.999803265E-01  7.847323068E-07  3.988318386E-02 
         8  1.149997690E+00  1.699993700E+00  6.550001821E+00  2.919878305E+02  2.919878315E+02  1.410393101E-03  9.985895976E-01  1.458266614E-03  9.985417241E-01  5.816461952E-05  3.982755083E-02 
         9  2.599530306E-01  1.699784014E+00  4.769789816E+00  2.919660501E+02  2.919660505E+02  4.952370978E-03  9.950476311E-01  5.119911029E-03  9.948800911E-01  2.042266527E-04  3.968446513E-02 
        10  2.500325889E-01  1.700141952E+00  3.039603904E+00  2.919806577E+02  2.919806581E+02  3.518930014E-03  9.964810718E-01  3.638144639E-03  9.963618572E-01  1.451139032E-04  3.974158226E-02 
        11  2.090000512E+00  6.999920786E-01  2.640018387E+00  2.880801763E+02  2.880801771E+02  2.091541899E-01  7.908458250E-01  2.144386321E-01  7.855613828E-01  8.690670170E-03  3.173738770E-02 
        12  1.930000944E+00  7.000071781E-01  4.849993220E+00  2.885137191E+02  2.885137195E+02  1.974917931E-01  8.025081976E-01  2.023949600E-01  7.976050307E-01  8.204542066E-03  3.216359200E-02 
        13  1.149999460E+00  7.000041210E-01  6.549999896E+00  2.890213424E+02  2.890213428E+02  1.778911697E-01  8.221088377E-01  1.824390211E-01  8.175609864E-01  7.380646830E-03  3.291619550E-02 
        14  2.599937070E-01  6.999245510E-01  4.770022657E+00  2.890964391E+02  2.890964394E+02  1.629361786E-01  8.370638149E-01  1.673620796E-01  8.326379139E-01  6.757469449E-03  3.352817743E-02 
        15  2.500057384E-01  7.000450448E-01  3.040068823E+00  2.889046472E+02  2.889046473E+02  1.959151947E-01  8.040848108E-01  2.007813923E-01  7.992186133E-01  8.125917970E-03  3.218728553E-02 
        16  1.179999658E+00  1.300002449E+00  4.500000716E-01  2.919887887E+02  2.919887888E+02  2.126900745E-03  9.978730991E-01  2.199066963E-03  9.978009329E-01  8.771108416E-05  3.979787419E-02 
        17  2.090000552E+00  1.299991228E+00  2.640042717E+00  2.920006511E+02  2.920006588E+02  3.900169176E-05  9.999609909E-01  4.032784970E-05  9.999596647E-01  1.608435588E-06  3.988235591E-02 
        18  1.930000128E+00  1.300009553E+00  4.849983633E+00  2.920007557E+02  2.920007559E+02  8.994315310E-05  9.999100717E-01  9.300133417E-05  9.999070136E-01  3.709260842E-06  3.988024259E-02 
