nodenumber     x-coordinate     y-coordinate     z-coordinate      temperature total-temperature               n2              air         molef-n2        molef-air concentration-n2 concentration-air 
         1  1.180011401E+00  7.000440735E-01  4.499552279E-01  2.879090046E+02  2.879090047E+02  2.466588050E-01  7.533411931E-01  2.526536412E-01  7.473463569E-01  1.024102616E-02  3.021105161E-02 
         2  1.150002942E+00  1.299996259E+00  6.549998111E+00  2.919623937E+02  2.919623945E+02  4.106771476E-03  9.958932136E-01  4.245772995E-03  9.957542121E-01  1.693625516E-04  3.971982748E-02 
         3  2.599979183E-01  1.299834635E+00  4.769962194E+00  2.919805328E+02  2.919805330E+02  2.788920257E-03  9.972110639E-01  2.883481910E-03  9.971165023E-01  1.150127134E-04  3.977169909E-02 
         4  2.499957813E-01  1.300216226E+00  3.040010943E+00  2.919805423E+02  2.919805426E+02  3.037708079E-03  9.969622919E-01  3.140676770E-03  9.968593232E-01  1.252714363E-04  3.976144033E-02 
         5  1.179989316E+00  1.700000987E+00  4.500025386E-01  2.919797842E+02  2.919797843E+02  3.422102528E-03  9.965778744E-01  3.538059362E-03  9.964619176E-01  1.411219392E-04  3.974569155E-02 
         6  2.090000749E+00  1.699988964E+00  2.640041275E+00  2.919989406E+02  2.919989420E+02  3.231083137E-04  9.996768954E-01  3.340914306E-04  9.996659123E-01  1.332498067E-05  3.987087390E-02 
         7  1.929998960E+00  1.700096390E+00  4.850038151E+00  2.919962596E+02  2.919962600E+02  8.628719455E-04  9.991371299E-01  8.921834232E-04  9.991078184E-01  3.558444103E-05  3.984898049E-02 
         8  1.149997690E+00  1.699993700E+00  6.550001821E+00  2.919586490E+02  2.919586501E+02  4.577889706E-03  9.954221010E-01  4.732743598E-03  9.952672471E-01  1.887906603E-04  3.970091146E-02 
         9  2.599530306E-01  1.699784014E+00  4.769789816E+00  2.919707237E+02  2.919707241E+02  4.154147604E-03  9.958458545E-01  4.294801682E-03  9.957052004E-01  1.713113282E-04  3.971674195E-02 
        10  2.500325889E-01  1.700141952E+00  3.039603904E+00  2.919715873E+02  2.919715877E+02  4.531589014E-03  9.954684128E-01  4.684949554E-03  9.953150523E-01  1.868734185E-04  3.970106186E-02 
        11  2.090000512E+00  6.999920786E-01  2.640018387E+00  2.875474974E+02  2.875474982E+02  2.808534482E-01  7.191465667E-01  2.870493461E-01  7.129506688E-01  1.166743585E-02  2.883652195E-02 
        12  1.930000944E+00  7.000071781E-01  4.849993220E+00  2.895021752E+02  2.895021757E+02  1.488947439E-01  8.511052468E-01  1.529013017E-01  8.470986890E-01  6.171326134E-03  3.405804073E-02 
        13  1.149999460E+00  7.000041210E-01  6.549999896E+00  2.895561623E+02  2.895561628E+02  1.519273538E-01  8.480726537E-01  1.559895383E-01  8.440104692E-01  6.294629368E-03  3.392720240E-02 
        14  2.599937070E-01  6.999245510E-01  4.770022657E+00  2.894747967E+02  2.894747974E+02  1.614948101E-01  8.385051834E-01  1.658080326E-01  8.341919609E-01  6.689511198E-03  3.354352995E-02 
        15  2.500057384E-01  7.000450448E-01  3.040068823E+00  2.887060893E+02  2.887060899E+02  2.009137442E-01  7.990862614E-01  2.058984235E-01  7.941015820E-01  8.335811553E-03  3.200495795E-02 
        16  1.179999658E+00  1.300002449E+00  4.500000716E-01  2.919819604E+02  2.919819605E+02  3.017203304E-03  9.969827966E-01  3.119483581E-03  9.968805163E-01  1.244253449E-04  3.976209269E-02 
        17  2.090000552E+00  1.299991228E+00  2.640042717E+00  2.919998933E+02  2.919999001E+02  1.612480041E-04  9.998387445E-01  1.667299188E-04  9.998332626E-01  6.649878164E-06  3.987741798E-02 
        18  1.930000128E+00  1.300009553E+00  4.849983633E+00  2.919969157E+02  2.919969159E+02  6.879149233E-04  9.993121000E-01  7.112873417E-04  9.992887276E-01  2.836941560E-05  3.985610693E-02 
