nodenumber     x-coordinate     y-coordinate     z-coordinate      temperature total-temperature               n2              air         molef-n2        molef-air concentration-n2 concentration-air 
         1  1.180011401E+00  7.000440735E-01  4.499552279E-01  2.881675075E+02  2.881675076E+02  2.157099494E-01  7.842900487E-01  2.210445167E-01  7.789554814E-01  8.963127803E-03  3.145323779E-02 
         2  1.150002942E+00  1.299996259E+00  6.549998111E+00  2.919544353E+02  2.919544360E+02  5.166428910E-03  9.948335562E-01  5.341140057E-03  9.946588450E-01  2.130608398E-04  3.967721650E-02 
         3  2.599979183E-01  1.299834635E+00  4.769962194E+00  2.919635429E+02  2.919635432E+02  4.521421424E-03  9.954785627E-01  4.674444545E-03  9.953255396E-01  1.864595204E-04  3.970257338E-02 
         4  2.499957813E-01  1.300216226E+00  3.040010943E+00  2.919859926E+02  2.919859929E+02  2.343219429E-03  9.976567806E-01  2.422706918E-03  9.975772931E-01  9.663205028E-05  3.978933518E-02 
         5  1.179989316E+00  1.700000987E+00  4.500025386E-01  2.919821503E+02  2.919821505E+02  2.928278616E-03  9.970716983E-01  3.027552619E-03  9.969724243E-01  1.207584805E-04  3.976573179E-02 
         6  2.090000749E+00  1.699988964E+00  2.640041275E+00  2.919996928E+02  2.919996946E+02  1.765981700E-04  9.998234056E-01  1.826018028E-04  9.998174019E-01  7.282918631E-06  3.987681321E-02 
         7  1.929998960E+00  1.700096390E+00  4.850038151E+00  2.919892657E+02  2.919892660E+02  2.108789733E-03  9.978912121E-01  2.180334802E-03  9.978196671E-01  8.696399135E-05  3.979855629E-02 
         8  1.149997690E+00  1.699993700E+00  6.550001821E+00  2.919397908E+02  2.919397917E+02  6.933616373E-03  9.930663743E-01  7.167667986E-03  9.928323227E-01  2.859358747E-04  3.960634292E-02 
         9  2.599530306E-01  1.699784014E+00  4.769789816E+00  2.919542105E+02  2.919542110E+02  6.055132769E-03  9.939448693E-01  6.259746968E-03  9.937402551E-01  2.497033117E-04  3.964060607E-02 
        10  2.500325889E-01  1.700141952E+00  3.039603904E+00  2.919797689E+02  2.919797693E+02  3.536181152E-03  9.964638207E-01  3.655987666E-03  9.963440142E-01  1.458257767E-04  3.974099179E-02 
        11  2.090000512E+00  6.999920786E-01  2.640018387E+00  2.875739713E+02  2.875739721E+02  2.743705420E-01  7.256294729E-01  2.805684501E-01  7.194315648E-01  1.139721387E-02  2.910264022E-02 
        12  1.930000944E+00  7.000071781E-01  4.849993220E+00  2.895762517E+02  2.895762519E+02  1.406000109E-01  8.593999798E-01  1.444230386E-01  8.555769521E-01  5.828155484E-03  3.439091068E-02 
        13  1.149999460E+00  7.000041210E-01  6.549999896E+00  2.888775005E+02  2.888775010E+02  1.916000837E-01  8.083999238E-01  1.964907318E-01  8.035092757E-01  7.945859709E-03  3.237069286E-02 
        14  2.599937070E-01  6.999245510E-01  4.770022657E+00  2.883270026E+02  2.883270034E+02  2.339410720E-01  7.660589215E-01  2.396850352E-01  7.603149583E-01  9.703491348E-03  3.068993982E-02 
        15  2.500057384E-01  7.000450448E-01  3.040068823E+00  2.889981396E+02  2.889981403E+02  1.761152907E-01  8.238847149E-01  1.807337509E-01  8.192662547E-01  7.304253202E-03  3.299532146E-02 
        16  1.179999658E+00  1.300002449E+00  4.500000716E-01  2.919861003E+02  2.919861005E+02  2.343170369E-03  9.976568295E-01  2.422656600E-03  9.975773433E-01  9.662998400E-05  3.978932252E-02 
        17  2.090000552E+00  1.299991228E+00  2.640042717E+00  2.919998905E+02  2.919998972E+02  1.591066418E-04  9.998408859E-01  1.645157677E-04  9.998354768E-01  6.561568876E-06  3.987750668E-02 
        18  1.930000128E+00  1.300009553E+00  4.849983633E+00  2.919942425E+02  2.919942426E+02  1.188633446E-03  9.988113815E-01  1.228999733E-03  9.987710152E-01  4.901855080E-05  3.983582295E-02 
