nodenumber     x-coordinate     y-coordinate     z-coordinate      temperature total-temperature               n2              air         molef-n2        molef-air concentration-n2 concentration-air 
         1  1.180011401E+00  7.000440735E-01  4.499552279E-01  2.911455316E+02  2.911455318E+02  2.270764483E-02  9.772923533E-01  2.344300792E-02  9.765569902E-01  9.407876135E-04  3.906072377E-02 
         2  1.150002942E+00  1.299996259E+00  6.549998111E+00  2.920007458E+02  2.920007461E+02  5.654715505E-06  9.999943304E-01  5.847003235E-06  9.999941381E-01  2.332016586E-07  3.988371762E-02 
         3  2.599979183E-01  1.299834635E+00  4.769962194E+00  2.919988406E+02  2.919988408E+02  1.194952764E-04  9.998804889E-01  1.235581180E-04  9.998764260E-01  4.928025510E-06  3.987928294E-02 
         4  2.499957813E-01  1.300216226E+00  3.040010943E+00  2.919981006E+02  2.919981009E+02  1.198652429E-03  9.988013476E-01  1.239354459E-03  9.987606455E-01  4.943087170E-05  3.983488244E-02 
         5  1.179989316E+00  1.700000987E+00  4.500025386E-01  2.920004577E+02  2.920004579E+02  4.084651563E-05  9.999591304E-01  4.223543059E-05  9.999577415E-01  1.684517795E-06  3.988230500E-02 
         6  2.090000749E+00  1.699988964E+00  2.640041275E+00  2.920002343E+02  2.920002356E+02  1.621128204E-05  9.999837924E-01  1.676253880E-05  9.999832412E-01  6.685576320E-07  3.988335362E-02 
         7  1.929998960E+00  1.700096390E+00  4.850038151E+00  2.920006258E+02  2.920006260E+02  9.543603316E-09  9.999999923E-01  9.868135324E-09  9.999999920E-01  3.935803556E-10  3.988396816E-02 
         8  1.149997690E+00  1.699993700E+00  6.550001821E+00  2.920003544E+02  2.920003549E+02  1.464635221E-05  9.999853443E-01  1.514438925E-05  9.999848463E-01  6.040194389E-07  3.988340070E-02 
         9  2.599530306E-01  1.699784014E+00  4.769789816E+00  2.920005936E+02  2.920005939E+02  2.078256519E-06  9.999979238E-01  2.148927796E-06  9.999978532E-01  8.570777715E-08  3.988388725E-02 
        10  2.500325889E-01  1.700141952E+00  3.039603904E+00  2.920005800E+02  2.920005803E+02  1.886281419E-05  9.999811390E-01  1.950420555E-05  9.999804977E-01  7.779053310E-07  3.988319689E-02 
        11  2.090000512E+00  6.999920786E-01  2.640018387E+00  2.902377174E+02  2.902377181E+02  4.914038698E-02  9.508596279E-01  5.069492347E-02  9.493050914E-01  2.038535770E-03  3.808820423E-02 
        12  1.930000944E+00  7.000071781E-01  4.849993220E+00  2.908811584E+02  2.908811587E+02  2.886720122E-02  9.711327895E-01  2.979626694E-02  9.702037237E-01  1.196828960E-03  3.884115723E-02 
        13  1.149999460E+00  7.000041210E-01  6.549999896E+00  2.910178704E+02  2.910178710E+02  3.660932913E-02  9.633906783E-01  3.777899588E-02  9.622210116E-01  1.515056895E-03  3.850389435E-02 
        14  2.599937070E-01  6.999245510E-01  4.770022657E+00  2.909485938E+02  2.909485941E+02  2.970227106E-02  9.702977224E-01  3.067036208E-02  9.693296314E-01  1.229432336E-03  3.879897962E-02 
        15  2.500057384E-01  7.000450448E-01  3.040068823E+00  2.906810683E+02  2.906810685E+02  4.990808689E-02  9.500919187E-01  5.147870940E-02  9.485212962E-01  2.067191747E-03  3.799829902E-02 
        16  1.179999658E+00  1.300002449E+00  4.500000716E-01  2.920001138E+02  2.920001139E+02  1.501110352E-04  9.998498888E-01  1.552147456E-04  9.998447851E-01  6.190591909E-06  3.987784774E-02 
        17  2.090000552E+00  1.299991228E+00  2.640042717E+00  2.920007046E+02  2.920007117E+02  6.029012120E-06  9.999939635E-01  6.234027448E-06  9.999937585E-01  2.486378013E-07  3.988370840E-02 
        18  1.930000128E+00  1.300009553E+00  4.849983633E+00  2.920006808E+02  2.920006809E+02  7.671720530E-06  9.999923432E-01  7.932595265E-06  9.999920823E-01  3.163834396E-07  3.988364569E-02 
