nodenumber     x-coordinate     y-coordinate     z-coordinate      temperature total-temperature               n2              air         molef-n2        molef-air concentration-n2 concentration-air 
         1  1.180011401E+00  7.000440735E-01  4.499552279E-01  2.889270838E+02  2.889270840E+02  1.337399014E-01  8.662600967E-01  1.374761117E-01  8.625238864E-01  5.560508610E-03  3.474932369E-02 
         2  1.150002942E+00  1.299996259E+00  6.549998111E+00  2.920002817E+02  2.920002821E+02  5.600780788E-05  9.999439773E-01  5.791216569E-05  9.999420729E-01  2.309773364E-06  3.988170444E-02 
         3  2.599979183E-01  1.299834635E+00  4.769962194E+00  2.919927339E+02  2.919927342E+02  1.129232287E-03  9.988707519E-01  1.167581244E-03  9.988324029E-01  4.656920920E-05  3.983847590E-02 
         4  2.499957813E-01  1.300216226E+00  3.040010943E+00  2.919764354E+02  2.919764356E+02  2.902187276E-03  9.970978127E-01  3.000564315E-03  9.969994357E-01  1.196849923E-04  3.976758783E-02 
         5  1.179989316E+00  1.700000987E+00  4.500025386E-01  2.919974231E+02  2.919974232E+02  7.434468666E-04  9.992565301E-01  7.687080298E-04  9.992312689E-01  3.065947070E-05  3.985374455E-02 
         6  2.090000749E+00  1.699988964E+00  2.640041275E+00  2.920005122E+02  2.920005137E+02  2.789851667E-05  9.999721052E-01  2.884716694E-05  9.999711566E-01  1.150540248E-06  3.988283367E-02 
         7  1.929998960E+00  1.700096390E+00  4.850038151E+00  2.920006261E+02  2.920006264E+02  5.953533820E-06  9.999940483E-01  6.155982370E-06  9.999938459E-01  2.455249934E-07  3.988372298E-02 
         8  1.149997690E+00  1.699993700E+00  6.550001821E+00  2.919990800E+02  2.919990806E+02  1.412395796E-04  9.998587511E-01  1.460412080E-04  9.998539495E-01  5.824757784E-06  3.987835404E-02 
         9  2.599530306E-01  1.699784014E+00  4.769789816E+00  2.919988399E+02  2.919988404E+02  2.607153930E-04  9.997392867E-01  2.695780549E-04  9.997304240E-01  1.075192544E-05  3.987346057E-02 
        10  2.500325889E-01  1.700141952E+00  3.039603904E+00  2.919720038E+02  2.919720044E+02  4.384712883E-03  9.956152890E-01  4.533120694E-03  9.954668812E-01  1.808171512E-04  3.970706123E-02 
        11  2.090000512E+00  6.999920786E-01  2.640018387E+00  2.886830415E+02  2.886830424E+02  1.484813017E-01  8.515187132E-01  1.525437103E-01  8.474563046E-01  6.171256694E-03  3.417227961E-02 
        12  1.930000944E+00  7.000071781E-01  4.849993220E+00  2.887527326E+02  2.887527327E+02  1.599206803E-01  8.400793104E-01  1.641726486E-01  8.358273421E-01  6.647606122E-03  3.368686501E-02 
        13  1.149999460E+00  7.000041210E-01  6.549999896E+00  2.889351737E+02  2.889351742E+02  1.500514880E-01  8.499485195E-01  1.541503153E-01  8.458496921E-01  6.232604165E-03  3.407588734E-02 
        14  2.599937070E-01  6.999245510E-01  4.770022657E+00  2.893568455E+02  2.893568464E+02  1.204271119E-01  8.795728816E-01  1.238930860E-01  8.761069074E-01  4.998196943E-03  3.525110488E-02 
        15  2.500057384E-01  7.000450448E-01  3.040068823E+00  2.886179928E+02  2.886179931E+02  1.729226251E-01  8.270773805E-01  1.775394747E-01  8.224605309E-01  7.184671196E-03  3.316835307E-02 
        16  1.179999658E+00  1.300002449E+00  4.500000716E-01  2.919981753E+02  2.919981754E+02  6.195355911E-04  9.993804643E-01  6.405894219E-04  9.993594105E-01  2.554946481E-05  3.985875364E-02 
        17  2.090000552E+00  1.299991228E+00  2.640042717E+00  2.920007965E+02  2.920008038E+02  1.331628693E-05  9.999866763E-01  1.376909810E-05  9.999862235E-01  5.491660611E-07  3.988339533E-02 
        18  1.930000128E+00  1.300009553E+00  4.849983633E+00  2.920007915E+02  2.920007917E+02  3.392072825E-05  9.999660942E-01  3.507414906E-05  9.999649408E-01  1.398895629E-06  3.988254805E-02 
