nodenumber     x-coordinate     y-coordinate     z-coordinate      temperature total-temperature               n2              air         molef-n2        molef-air concentration-n2 concentration-air 
         1  1.180011401E+00  7.000440735E-01  4.499552279E-01  2.891521689E+02  2.891521691E+02  1.615168169E-01  8.384831813E-01  1.656568694E-01  8.343431287E-01  6.706659521E-03  3.357238436E-02 
         2  1.150002942E+00  1.299996259E+00  6.549998111E+00  2.919777864E+02  2.919777871E+02  2.774484366E-03  9.972255007E-01  2.868530945E-03  9.971314542E-01  1.144183340E-04  3.977266876E-02 
         3  2.599979183E-01  1.299834635E+00  4.769962194E+00  2.919528563E+02  2.919528567E+02  5.364788533E-03  9.946351956E-01  5.546191695E-03  9.944537925E-01  2.212411330E-04  3.966925188E-02 
         4  2.499957813E-01  1.300216226E+00  3.040010943E+00  2.919872759E+02  2.919872763E+02  2.191869657E-03  9.978081303E-01  2.266230254E-03  9.977337697E-01  9.039057201E-05  3.979540135E-02 
         5  1.179989316E+00  1.700000987E+00  4.500025386E-01  2.919909054E+02  2.919909057E+02  1.802824587E-03  9.981971524E-01  1.864011872E-03  9.981359651E-01  7.434676457E-05  3.981094754E-02 
         6  2.090000749E+00  1.699988964E+00  2.640041275E+00  2.919991286E+02  2.919991301E+02  2.734476608E-04  9.997265561E-01  2.827428262E-04  9.997172609E-01  1.127698302E-05  3.987289622E-02 
         7  1.929998960E+00  1.700096390E+00  4.850038151E+00  2.920006338E+02  2.920006342E+02  7.299079688E-06  9.999927028E-01  7.547281286E-06  9.999924546E-01  3.010154772E-07  3.988366644E-02 
         8  1.149997690E+00  1.699993700E+00  6.550001821E+00  2.919561520E+02  2.919561528E+02  5.309006843E-03  9.946909838E-01  5.488523173E-03  9.945114675E-01  2.189383020E-04  3.967110492E-02 
         9  2.599530306E-01  1.699784014E+00  4.769789816E+00  2.919483593E+02  2.919483599E+02  6.282410311E-03  9.937175918E-01  6.494655316E-03  9.935053468E-01  2.590790783E-04  3.963202979E-02 
        10  2.500325889E-01  1.700141952E+00  3.039603904E+00  2.919792150E+02  2.919792156E+02  3.562080485E-03  9.964379214E-01  3.682750735E-03  9.963172511E-01  1.468938696E-04  3.973999937E-02 
        11  2.090000512E+00  6.999920786E-01  2.640018387E+00  2.879894003E+02  2.879894013E+02  2.502681813E-01  7.497318336E-01  2.560903703E-01  7.439096446E-01  1.039055328E-02  3.005086481E-02 
        12  1.930000944E+00  7.000071781E-01  4.849993220E+00  2.889643249E+02  2.889643252E+02  1.807733690E-01  8.192266217E-01  1.855271208E-01  8.144728699E-01  7.495951307E-03  3.280821925E-02 
        13  1.149999460E+00  7.000041210E-01  6.549999896E+00  2.886934510E+02  2.886934515E+02  1.995215258E-01  8.004784816E-01  2.046599750E-01  7.953400324E-01  8.274724982E-03  3.206722073E-02 
        14  2.599937070E-01  6.999245510E-01  4.770022657E+00  2.887171990E+02  2.887171992E+02  2.067844346E-01  7.932155589E-01  2.120711012E-01  7.879288923E-01  8.573960270E-03  3.176480283E-02 
        15  2.500057384E-01  7.000450448E-01  3.040068823E+00  2.886860915E+02  2.886860922E+02  1.928615927E-01  8.071384129E-01  1.977271051E-01  8.022729005E-01  8.005780428E-03  3.233784202E-02 
        16  1.179999658E+00  1.300002449E+00  4.500000716E-01  2.919899180E+02  2.919899181E+02  1.892084446E-03  9.981079154E-01  1.956298635E-03  9.980437012E-01  7.802783289E-05  3.980740317E-02 
        17  2.090000552E+00  1.299991228E+00  2.640042717E+00  2.920001018E+02  2.920001093E+02  1.227431725E-04  9.998772494E-01  1.269161990E-04  9.998730764E-01  5.061939510E-06  3.987897743E-02 
        18  1.930000128E+00  1.300009553E+00  4.849983633E+00  2.920008229E+02  2.920008231E+02  5.715838118E-05  9.999428565E-01  5.910192037E-05  9.999409130E-01  2.357217664E-06  3.988158545E-02 
