nodenumber     x-coordinate     y-coordinate     z-coordinate      temperature total-temperature               n2              air         molef-n2        molef-air concentration-n2 concentration-air 
         1  1.180011401E+00  7.000440735E-01  4.499552279E-01  2.903528983E+02  2.903528986E+02  5.598240302E-02  9.440175951E-01  5.769790659E-02  9.423020915E-01  2.324287110E-03  3.778706546E-02 
         2  1.150002942E+00  1.299996259E+00  6.549998111E+00  2.920007007E+02  2.920007010E+02  1.220355152E-05  9.999877815E-01  1.261852638E-05  9.999873666E-01  5.032769820E-07  3.988345370E-02 
         3  2.599979183E-01  1.299834635E+00  4.769962194E+00  2.919980293E+02  2.919980295E+02  2.638700003E-04  9.997361142E-01  2.728397308E-04  9.997271444E-01  1.088205886E-05  3.987343973E-02 
         4  2.499957813E-01  1.300216226E+00  3.040010943E+00  2.919867733E+02  2.919867735E+02  2.316283789E-03  9.976837162E-01  2.394850812E-03  9.976051492E-01  9.552095410E-05  3.979033963E-02 
         5  1.179989316E+00  1.700000987E+00  4.500025386E-01  2.920000669E+02  2.920000671E+02  2.197678314E-04  9.997802091E-01  2.272393180E-04  9.997727376E-01  9.063223612E-06  3.987497967E-02 
         6  2.090000749E+00  1.699988964E+00  2.640041275E+00  2.920004586E+02  2.920004600E+02  2.290214810E-05  9.999771016E-01  2.368091823E-05  9.999763228E-01  9.444896358E-07  3.988304705E-02 
         7  1.929998960E+00  1.700096390E+00  4.850038151E+00  2.920006246E+02  2.920006248E+02  7.799104114E-07  9.999992220E-01  8.064313490E-07  9.999991954E-01  3.216368038E-08  3.988393655E-02 
         8  1.149997690E+00  1.699993700E+00  6.550001821E+00  2.920001993E+02  2.920001999E+02  3.169614390E-05  9.999682945E-01  3.277390936E-05  9.999672168E-01  1.307157207E-06  3.988271875E-02 
         9  2.599530306E-01  1.699784014E+00  4.769789816E+00  2.920005975E+02  2.920005979E+02  2.678834601E-06  9.999973233E-01  2.769928467E-06  9.999972322E-01  1.104757488E-07  3.988386195E-02 
        10  2.500325889E-01  1.700141952E+00  3.039603904E+00  2.919942367E+02  2.919942370E+02  1.229050728E-03  9.987709511E-01  1.270738348E-03  9.987292635E-01  5.068443734E-05  3.983415684E-02 
        11  2.090000512E+00  6.999920786E-01  2.640018387E+00  2.897261110E+02  2.897261118E+02  7.837258198E-02  9.216274329E-01  8.074955503E-02  9.192504599E-01  3.253232359E-03  3.694451860E-02 
        12  1.930000944E+00  7.000071781E-01  4.849993220E+00  2.901337724E+02  2.901337734E+02  7.191577222E-02  9.280842185E-01  7.406007502E-02  9.259399157E-01  2.986370033E-03  3.715548767E-02 
        13  1.149999460E+00  7.000041210E-01  6.549999896E+00  2.900932105E+02  2.900932111E+02  7.360397579E-02  9.263960317E-01  7.582177467E-02  9.241782328E-01  3.053817909E-03  3.709322407E-02 
        14  2.599937070E-01  6.999245510E-01  4.770022657E+00  2.905065187E+02  2.905065190E+02  5.195601093E-02  9.480439826E-01  5.359332525E-02  9.464066682E-01  2.153010678E-03  3.793655921E-02 
        15  2.500057384E-01  7.000450448E-01  3.040068823E+00  2.896738810E+02  2.896738812E+02  1.022968226E-01  8.977031830E-01  1.053079956E-01  8.946920100E-01  4.245073026E-03  3.596030505E-02 
        16  1.179999658E+00  1.300002449E+00  4.500000716E-01  2.920002110E+02  2.920002111E+02  2.093568465E-04  9.997906430E-01  2.164744981E-04  9.997835254E-01  8.633874729E-06  3.987539117E-02 
        17  2.090000552E+00  1.299991228E+00  2.640042717E+00  2.920007877E+02  2.920007952E+02  9.247122348E-06  9.999907454E-01  9.561567348E-06  9.999904310E-01  3.813531084E-07  3.988356434E-02 
        18  1.930000128E+00  1.300009553E+00  4.849983633E+00  2.920008142E+02  2.920008142E+02  1.020479046E-05  9.999898101E-01  1.055180162E-05  9.999894631E-01  4.208474661E-07  3.988352301E-02 
