nodenumber     x-coordinate     y-coordinate     z-coordinate      temperature total-temperature               n2              air         molef-n2        molef-air concentration-n2 concentration-air 
         1  1.180011401E+00  7.000440735E-01  4.499552279E-01  2.884444279E+02  2.884444280E+02  2.113321361E-01  7.886678620E-01  2.166192113E-01  7.833807868E-01  8.773039398E-03  3.160438821E-02 
         2  1.150002942E+00  1.299996259E+00  6.549998111E+00  2.919955921E+02  2.919955927E+02  5.952710534E-04  9.994047140E-01  6.154952952E-04  9.993844898E-01  2.454901436E-05  3.986010576E-02 
         3  2.599979183E-01  1.299834635E+00  4.769962194E+00  2.919765604E+02  2.919765606E+02  3.157029013E-03  9.968429552E-01  3.264022717E-03  9.967359615E-01  1.301934009E-04  3.975706109E-02 
         4  2.499957813E-01  1.300216226E+00  3.040010943E+00  2.919878326E+02  2.919878329E+02  2.155827863E-03  9.978441721E-01  2.228968489E-03  9.977710315E-01  8.890417670E-05  3.979681171E-02 
         5  1.179989316E+00  1.700000987E+00  4.500025386E-01  2.919879552E+02  2.919879554E+02  2.278670034E-03  9.977213069E-01  2.355973215E-03  9.976440037E-01  9.396965839E-05  3.979172763E-02 
         6  2.090000749E+00  1.699988964E+00  2.640041275E+00  2.919996722E+02  2.919996737E+02  1.765077818E-04  9.998234959E-01  1.825087112E-04  9.998174950E-01  7.279198924E-06  3.987681975E-02 
         7  1.929998960E+00  1.700096390E+00  4.850038151E+00  2.920006242E+02  2.920006246E+02  8.272466601E-06  9.999917294E-01  8.553764949E-06  9.999914481E-01  3.411580672E-07  3.988362761E-02 
         8  1.149997690E+00  1.699993700E+00  6.550001821E+00  2.919897352E+02  2.919897362E+02  1.183607638E-03  9.988163830E-01  1.223790712E-03  9.987762000E-01  4.881203768E-05  3.983664323E-02 
         9  2.599530306E-01  1.699784014E+00  4.769789816E+00  2.919650450E+02  2.919650454E+02  5.072513678E-03  9.949274884E-01  5.244093460E-03  9.947559086E-01  2.091809937E-04  3.967964811E-02 
        10  2.500325889E-01  1.700141952E+00  3.039603904E+00  2.919821785E+02  2.919821789E+02  3.236587993E-03  9.967634139E-01  3.346276893E-03  9.966537250E-01  1.334713331E-04  3.975301707E-02 
        11  2.090000512E+00  6.999920786E-01  2.640018387E+00  2.880323781E+02  2.880323789E+02  2.094693879E-01  7.905306270E-01  2.147894995E-01  7.852105154E-01  8.704290318E-03  3.173036816E-02 
        12  1.930000944E+00  7.000071781E-01  4.849993220E+00  2.885592870E+02  2.885592873E+02  1.958296859E-01  8.041703047E-01  2.007027425E-01  7.992972482E-01  8.134720655E-03  3.222703640E-02 
        13  1.149999460E+00  7.000041210E-01  6.549999896E+00  2.891562138E+02  2.891562143E+02  1.725227894E-01  8.274772180E-01  1.770837817E-01  8.229162258E-01  7.151844957E-03  3.312562197E-02 
        14  2.599937070E-01  6.999245510E-01  4.770022657E+00  2.891311810E+02  2.891311816E+02  1.600062688E-01  8.399937247E-01  1.643810112E-01  8.356189823E-01  6.635413320E-03  3.364532339E-02 
        15  2.500057384E-01  7.000450448E-01  3.040068823E+00  2.880126946E+02  2.880126948E+02  2.589406716E-01  7.410593339E-01  2.648942801E-01  7.351057255E-01  1.074670368E-02  2.969147091E-02 
        16  1.179999658E+00  1.300002449E+00  4.500000716E-01  2.919869945E+02  2.919869945E+02  2.406755416E-03  9.975932445E-01  2.488393774E-03  9.975116061E-01  9.925165493E-05  3.978657871E-02 
        17  2.090000552E+00  1.299991228E+00  2.640042717E+00  2.920003554E+02  2.920003630E+02  8.604277605E-05  9.999139498E-01  8.896829754E-05  9.999110243E-01  3.548414951E-06  3.988045632E-02 
        18  1.930000128E+00  1.300009553E+00  4.849983633E+00  2.920007879E+02  2.920007881E+02  6.331059265E-05  9.999367043E-01  6.546329562E-05  9.999345516E-01  2.610934759E-06  3.988133651E-02 
