nodenumber     x-coordinate     y-coordinate     z-coordinate      temperature total-temperature               n2              air         molef-n2        molef-air concentration-n2 concentration-air 
         1  1.180011401E+00  7.000440735E-01  4.499552279E-01  2.882400319E+02  2.882400320E+02  2.210896201E-01  7.789103780E-01  2.265505973E-01  7.734494008E-01  9.180834537E-03  3.122517699E-02 
         2  1.150002942E+00  1.299996259E+00  6.549998111E+00  2.919545135E+02  2.919545144E+02  4.817648504E-03  9.951823366E-01  4.980589157E-03  9.950193959E-01  1.986796131E-04  3.969158710E-02 
         3  2.599979183E-01  1.299834635E+00  4.769962194E+00  2.919679080E+02  2.919679084E+02  4.022431955E-03  9.959775522E-01  4.158629071E-03  9.958413551E-01  1.658820000E-04  3.972255454E-02 
         4  2.499957813E-01  1.300216226E+00  3.040010943E+00  2.919839413E+02  2.919839416E+02  2.591954426E-03  9.974080456E-01  2.679854942E-03  9.973201451E-01  1.068894769E-04  3.977935797E-02 
         5  1.179989316E+00  1.700000987E+00  4.500025386E-01  2.919798271E+02  2.919798273E+02  3.390916362E-03  9.966090606E-01  3.505819115E-03  9.964941578E-01  1.398359850E-04  3.974697164E-02 
         6  2.090000749E+00  1.699988964E+00  2.640041275E+00  2.919990210E+02  2.919990226E+02  2.959848572E-04  9.997040189E-01  3.060461088E-04  9.996939576E-01  1.220641496E-05  3.987198148E-02 
         7  1.929998960E+00  1.700096390E+00  4.850038151E+00  2.919825612E+02  2.919825615E+02  3.235476266E-03  9.967645256E-01  3.345125782E-03  9.966548761E-01  1.334252738E-04  3.975301085E-02 
         8  1.149997690E+00  1.699993700E+00  6.550001821E+00  2.919493146E+02  2.919493159E+02  5.388353814E-03  9.946116369E-01  5.570444163E-03  9.944295465E-01  2.222149601E-04  3.966876259E-02 
         9  2.599530306E-01  1.699784014E+00  4.769789816E+00  2.919630891E+02  2.919630897E+02  4.752636117E-03  9.952473660E-01  4.913453997E-03  9.950865481E-01  1.959933282E-04  3.969310299E-02 
        10  2.500325889E-01  1.700141952E+00  3.039603904E+00  2.919739036E+02  2.919739041E+02  4.168925616E-03  9.958310762E-01  4.310060361E-03  9.956899415E-01  1.719186188E-04  3.971570023E-02 
        11  2.090000512E+00  6.999920786E-01  2.640018387E+00  2.874834501E+02  2.874834508E+02  2.833226953E-01  7.166773196E-01  2.895353396E-01  7.104646753E-01  1.177157451E-02  2.874142545E-02 
        12  1.930000944E+00  7.000071781E-01  4.849993220E+00  2.895176660E+02  2.895176664E+02  1.480256910E-01  8.519742997E-01  1.520349151E-01  8.479650756E-01  6.134468166E-03  3.409264992E-02 
        13  1.149999460E+00  7.000041210E-01  6.549999896E+00  2.883730457E+02  2.883730462E+02  2.222198558E-01  7.777801516E-01  2.277983474E-01  7.722016601E-01  9.218240261E-03  3.116851726E-02 
        14  2.599937070E-01  6.999245510E-01  4.770022657E+00  2.887640374E+02  2.887640379E+02  2.139965178E-01  7.860034757E-01  2.193818336E-01  7.806181598E-01  8.868143002E-03  3.146398497E-02 
        15  2.500057384E-01  7.000450448E-01  3.040068823E+00  2.889366974E+02  2.889366979E+02  1.812377817E-01  8.187622239E-01  1.859321735E-01  8.140678321E-01  7.518939335E-03  3.278947963E-02 
        16  1.179999658E+00  1.300002449E+00  4.500000716E-01  2.919792972E+02  2.919792973E+02  3.429367109E-03  9.965706328E-01  3.545569709E-03  9.964544302E-01  1.414217247E-04  3.974546012E-02 
        17  2.090000552E+00  1.299991228E+00  2.640042717E+00  2.919993329E+02  2.919993395E+02  2.421549100E-04  9.997578376E-01  2.503868163E-04  9.997496057E-01  9.986478024E-06  3.987415793E-02 
        18  1.930000128E+00  1.300009553E+00  4.849983633E+00  2.919940248E+02  2.919940249E+02  1.200381868E-03  9.987996330E-01  1.241147265E-03  9.987588676E-01  4.950307057E-05  3.983536816E-02 
