nodenumber     x-coordinate     y-coordinate     z-coordinate      temperature total-temperature               n2              air         molef-n2        molef-air concentration-n2 concentration-air 
         1  1.180011401E+00  7.000440735E-01  4.499552279E-01  2.879876040E+02  2.879876041E+02  2.416720092E-01  7.583279890E-01  2.475360845E-01  7.524639136E-01  1.003483183E-02  3.040642617E-02 
         2  1.150002942E+00  1.299996259E+00  6.549998111E+00  2.919682696E+02  2.919682705E+02  3.514279052E-03  9.964857060E-01  3.633297537E-03  9.963666876E-01  1.449282607E-04  3.974345899E-02 
         3  2.599979183E-01  1.299834635E+00  4.769962194E+00  2.919809594E+02  2.919809596E+02  2.755742831E-03  9.972442413E-01  2.849181814E-03  9.971508024E-01  1.136444587E-04  3.977300908E-02 
         4  2.499957813E-01  1.300216226E+00  3.040010943E+00  2.919828894E+02  2.919828896E+02  2.758635483E-03  9.972413645E-01  2.852173202E-03  9.971478268E-01  1.137629827E-04  3.977262816E-02 
         5  1.179989316E+00  1.700000987E+00  4.500025386E-01  2.919798957E+02  2.919798958E+02  3.422955734E-03  9.965770212E-01  3.538941073E-03  9.964610359E-01  1.411570642E-04  3.974564120E-02 
         6  2.090000749E+00  1.699988964E+00  2.640041275E+00  2.919990963E+02  2.919990978E+02  2.829409825E-04  9.997170627E-01  2.925591937E-04  9.997074445E-01  1.166849229E-05  3.987250912E-02 
         7  1.929998960E+00  1.700096390E+00  4.850038151E+00  2.919963731E+02  2.919963735E+02  8.676814685E-04  9.991323204E-01  8.971560674E-04  9.991028458E-01  3.578276502E-05  3.984876667E-02 
         8  1.149997690E+00  1.699993700E+00  6.550001821E+00  2.919651959E+02  2.919651971E+02  3.749965233E-03  9.962500255E-01  3.876916044E-03  9.961230746E-01  1.546482409E-04  3.973415940E-02 
         9  2.599530306E-01  1.699784014E+00  4.769789816E+00  2.919687452E+02  2.919687457E+02  4.501438503E-03  9.954985636E-01  4.653793824E-03  9.953462083E-01  1.856321795E-04  3.970269139E-02 
        10  2.500325889E-01  1.700141952E+00  3.039603904E+00  2.919741935E+02  2.919741939E+02  4.120981990E-03  9.958790199E-01  4.260514284E-03  9.957394876E-01  1.699417738E-04  3.971763746E-02 
        11  2.090000512E+00  6.999920786E-01  2.640018387E+00  2.881657425E+02  2.881657433E+02  2.417425609E-01  7.582574540E-01  2.473552052E-01  7.526448097E-01  1.003527722E-02  3.038160249E-02 
        12  1.930000944E+00  7.000071781E-01  4.849993220E+00  2.887291903E+02  2.887291908E+02  1.937693255E-01  8.062306652E-01  1.988175971E-01  8.011823935E-01  8.036864333E-03  3.230006480E-02 
        13  1.149999460E+00  7.000041210E-01  6.549999896E+00  2.888893142E+02  2.888893146E+02  1.909687397E-01  8.090312678E-01  1.958306514E-01  8.041693560E-01  7.919567796E-03  3.239534831E-02 
        14  2.599937070E-01  6.999245510E-01  4.770022657E+00  2.892879834E+02  2.892879841E+02  1.719999793E-01  8.280000142E-01  1.765666896E-01  8.234333039E-01  7.125961269E-03  3.313302092E-02 
        15  2.500057384E-01  7.000450448E-01  3.040068823E+00  2.889083472E+02  2.889083478E+02  1.887513613E-01  8.112486443E-01  1.935379290E-01  8.064620766E-01  7.828163732E-03  3.248415466E-02 
        16  1.179999658E+00  1.300002449E+00  4.500000716E-01  2.919827841E+02  2.919827842E+02  2.920178471E-03  9.970798214E-01  3.019179522E-03  9.969808204E-01  1.204242297E-04  3.976598128E-02 
        17  2.090000552E+00  1.299991228E+00  2.640042717E+00  2.920000713E+02  2.920000781E+02  1.358965103E-04  9.998640960E-01  1.405166818E-04  9.998594759E-01  5.604382208E-06  3.987843917E-02 
        18  1.930000128E+00  1.300009553E+00  4.849983633E+00  2.919969539E+02  2.919969541E+02  6.732595436E-04  9.993267554E-01  6.961351545E-04  9.993038797E-01  2.776505221E-05  3.985670608E-02 
