nodenumber     x-coordinate     y-coordinate     z-coordinate      temperature total-temperature               n2              air         molef-n2        molef-air concentration-n2 concentration-air 
         1  1.180011401E+00  7.000440735E-01  4.499552279E-01  2.897650084E+02  2.897650090E+02  7.321830045E-02  9.267816977E-01  7.543782596E-02  9.245621722E-01  3.043042909E-03  3.714984681E-02 
         2  1.150002942E+00  1.299996259E+00  6.549998111E+00  2.920004537E+02  2.920004540E+02  3.343818872E-05  9.999665469E-01  3.457519466E-05  9.999654099E-01  1.378998077E-06  3.988261172E-02 
         3  2.599979183E-01  1.299834635E+00  4.769962194E+00  2.919939248E+02  2.919939249E+02  8.012680994E-04  9.991987161E-01  8.284889359E-04  9.991714952E-01  3.304433163E-05  3.985183811E-02 
         4  2.499957813E-01  1.300216226E+00  3.040010943E+00  2.919868261E+02  2.919868263E+02  2.129245269E-03  9.978707547E-01  2.201485867E-03  9.977985141E-01  8.780833652E-05  3.979804504E-02 
         5  1.179989316E+00  1.700000987E+00  4.500025386E-01  2.920001322E+02  2.920001323E+02  2.573228714E-04  9.997426541E-01  2.660708096E-04  9.997339061E-01  1.061197778E-05  3.987342200E-02 
         6  2.090000749E+00  1.699988964E+00  2.640041275E+00  2.920005449E+02  2.920005463E+02  2.205870868E-05  9.999779450E-01  2.280879742E-05  9.999771949E-01  9.097056947E-07  3.988307004E-02 
         7  1.929998960E+00  1.700096390E+00  4.850038151E+00  2.920006253E+02  2.920006255E+02  6.856943379E-07  9.999993162E-01  7.090114364E-07  9.999992929E-01  2.827818731E-08  3.988394033E-02 
         8  1.149997690E+00  1.699993700E+00  6.550001821E+00  2.919999326E+02  2.919999332E+02  5.845616895E-05  9.999415345E-01  6.044377240E-05  9.999395469E-01  2.410747433E-06  3.988165159E-02 
         9  2.599530306E-01  1.699784014E+00  4.769789816E+00  2.920005613E+02  2.920005616E+02  9.352032033E-06  9.999906501E-01  9.670043434E-06  9.999903321E-01  3.856798427E-07  3.988359170E-02 
        10  2.500325889E-01  1.700141952E+00  3.039603904E+00  2.919791970E+02  2.919791974E+02  3.634620846E-03  9.963653810E-01  3.757693981E-03  9.962423079E-01  1.498843170E-04  3.973701142E-02 
        11  2.090000512E+00  6.999920786E-01  2.640018387E+00  2.890409122E+02  2.890409134E+02  1.080203587E-01  8.919796562E-01  1.111609567E-01  8.888390582E-01  4.491718472E-03  3.580180921E-02 
        12  1.930000944E+00  7.000071781E-01  4.849993220E+00  2.899020219E+02  2.899020222E+02  8.239155084E-02  9.176084398E-01  8.482599926E-02  9.151739914E-01  3.422038668E-03  3.675196685E-02 
        13  1.149999460E+00  7.000041210E-01  6.549999896E+00  2.900615051E+02  2.900615060E+02  7.129783875E-02  9.287021687E-01  7.346847045E-02  9.265315370E-01  2.957911495E-03  3.719339691E-02 
        14  2.599937070E-01  6.999245510E-01  4.770022657E+00  2.897808664E+02  2.897808667E+02  8.205752091E-02  9.179424726E-01  8.457411014E-02  9.154258833E-01  3.403667880E-03  3.678628709E-02 
        15  2.500057384E-01  7.000450448E-01  3.040068823E+00  2.888805701E+02  2.888805707E+02  1.578572354E-01  8.421427702E-01  1.620674717E-01  8.379325339E-01  6.557909179E-03  3.375850985E-02 
        16  1.179999658E+00  1.300002449E+00  4.500000716E-01  2.920001511E+02  2.920001511E+02  2.557088699E-04  9.997442910E-01  2.644019877E-04  9.997355979E-01  1.054541789E-05  3.987348782E-02 
        17  2.090000552E+00  1.299991228E+00  2.640042717E+00  2.920008275E+02  2.920008351E+02  8.373716720E-06  9.999916188E-01  8.658461889E-06  9.999913341E-01  3.453336186E-07  3.988359492E-02 
        18  1.930000128E+00  1.300009553E+00  4.849983633E+00  2.920008082E+02  2.920008083E+02  1.519728960E-05  9.999848176E-01  1.571406506E-05  9.999843008E-01  6.267389074E-07  3.988331793E-02 
