nodenumber     x-coordinate     y-coordinate     z-coordinate      temperature total-temperature               n2              air         molef-n2        molef-air concentration-n2 concentration-air 
         1  1.180011401E+00  7.000440735E-01  4.499552279E-01  2.880260310E+02  2.880260311E+02  2.189809459E-01  7.810190522E-01  2.244536467E-01  7.755463514E-01  9.101380655E-03  3.133473606E-02 
         2  1.150002942E+00  1.299996259E+00  6.549998111E+00  2.919930117E+02  2.919930124E+02  8.697847439E-04  9.991302004E-01  8.993265109E-04  9.991006586E-01  3.586995809E-05  3.984913729E-02 
         3  2.599979183E-01  1.299834635E+00  4.769962194E+00  2.919762619E+02  2.919762622E+02  3.198789145E-03  9.968011950E-01  3.307200021E-03  9.966927841E-01  1.319154586E-04  3.975537979E-02 
         4  2.499957813E-01  1.300216226E+00  3.040010943E+00  2.919864175E+02  2.919864178E+02  2.341552187E-03  9.976584478E-01  2.420975179E-03  9.975790248E-01  9.656310289E-05  3.978934609E-02 
         5  1.179989316E+00  1.700000987E+00  4.500025386E-01  2.919925400E+02  2.919925404E+02  1.549618839E-03  9.984503581E-01  1.602225736E-03  9.983977512E-01  6.390497669E-05  3.982116605E-02 
         6  2.090000749E+00  1.699988964E+00  2.640041275E+00  2.920001527E+02  2.920001544E+02  1.040373872E-04  9.998959663E-01  1.075747101E-04  9.998924290E-01  4.290515285E-06  3.987974280E-02 
         7  1.929998960E+00  1.700096390E+00  4.850038151E+00  2.920006603E+02  2.920006607E+02  2.044471562E-05  9.999795571E-01  2.113990528E-05  9.999788620E-01  8.431429798E-07  3.988312069E-02 
         8  1.149997690E+00  1.699993700E+00  6.550001821E+00  2.919877684E+02  2.919877694E+02  1.416610666E-03  9.985833800E-01  1.464695573E-03  9.985352951E-01  5.842102874E-05  3.982730290E-02 
         9  2.599530306E-01  1.699784014E+00  4.769789816E+00  2.919652797E+02  2.919652802E+02  5.017715601E-03  9.949822865E-01  5.187453183E-03  9.948125489E-01  2.069213995E-04  3.968187563E-02 
        10  2.500325889E-01  1.700141952E+00  3.039603904E+00  2.919749811E+02  2.919749816E+02  4.224528281E-03  9.957754736E-01  4.367522594E-03  9.956324793E-01  1.742104768E-04  3.971326118E-02 
        11  2.090000512E+00  6.999920786E-01  2.640018387E+00  2.875847348E+02  2.875847355E+02  2.353953100E-01  7.646047049E-01  2.411618071E-01  7.588382078E-01  9.789331784E-03  3.070852149E-02 
        12  1.930000944E+00  7.000071781E-01  4.849993220E+00  2.882859035E+02  2.882859038E+02  2.136530742E-01  7.863469165E-01  2.188635524E-01  7.811364383E-01  8.876568231E-03  3.152344770E-02 
        13  1.149999460E+00  7.000041210E-01  6.549999896E+00  2.896805104E+02  2.896805109E+02  1.473381599E-01  8.526618476E-01  1.513121581E-01  8.486878494E-01  6.102909795E-03  3.410162992E-02 
        14  2.599937070E-01  6.999245510E-01  4.770022657E+00  2.892626927E+02  2.892626933E+02  1.525756493E-01  8.474243442E-01  1.567532677E-01  8.432467258E-01  6.327063326E-03  3.393545666E-02 
        15  2.500057384E-01  7.000450448E-01  3.040068823E+00  2.875908581E+02  2.875908582E+02  2.708546819E-01  7.291453236E-01  2.771823372E-01  7.228176684E-01  1.125064529E-02  2.924653076E-02 
        16  1.179999658E+00  1.300002449E+00  4.500000716E-01  2.919908959E+02  2.919908961E+02  1.784478982E-03  9.982155209E-01  1.845047364E-03  9.981549525E-01  7.359029496E-05  3.981170713E-02 
        17  2.090000552E+00  1.299991228E+00  2.640042717E+00  2.920005653E+02  2.920005729E+02  5.499192291E-05  9.999450006E-01  5.686176688E-05  9.999431308E-01  2.267874695E-06  3.988170820E-02 
        18  1.930000128E+00  1.300009553E+00  4.849983633E+00  2.920008898E+02  2.920008900E+02  8.782036866E-05  9.999121945E-01  9.080638545E-05  9.999092085E-01  3.621715740E-06  3.988031182E-02 
