nodenumber     x-coordinate     y-coordinate     z-coordinate      temperature total-temperature               n2              air         molef-n2        molef-air concentration-n2 concentration-air 
         1  1.180011401E+00  7.000440735E-01  4.499552279E-01  2.879402155E+02  2.879402156E+02  2.291912865E-01  7.708087116E-01  2.348276926E-01  7.651723056E-01  9.523932946E-03  3.092412083E-02 
         2  1.150002942E+00  1.299996259E+00  6.549998111E+00  2.919747855E+02  2.919747863E+02  2.705543229E-03  9.972944419E-01  2.797209078E-03  9.972027760E-01  1.115767288E-04  3.977592039E-02 
         3  2.599979183E-01  1.299834635E+00  4.769962194E+00  2.919566060E+02  2.919566063E+02  5.319867211E-03  9.946801170E-01  5.499724275E-03  9.945002599E-01  2.193859323E-04  3.967059479E-02 
         4  2.499957813E-01  1.300216226E+00  3.040010943E+00  2.919883095E+02  2.919883098E+02  2.036084568E-03  9.979639154E-01  2.105175505E-03  9.978948245E-01  8.396632063E-05  3.980168441E-02 
         5  1.179989316E+00  1.700000987E+00  4.500025386E-01  2.919814257E+02  2.919814259E+02  3.095659915E-03  9.969043170E-01  3.200590209E-03  9.967993867E-01  1.276606646E-04  3.975892859E-02 
         6  2.090000749E+00  1.699988964E+00  2.640041275E+00  2.919992287E+02  2.919992302E+02  2.593904155E-04  9.997406133E-01  2.682078939E-04  9.997317958E-01  1.069726355E-05  3.987346227E-02 
         7  1.929998960E+00  1.700096390E+00  4.850038151E+00  2.919900493E+02  2.919900496E+02  1.927643833E-03  9.980723580E-01  1.993055427E-03  9.980069464E-01  7.949402140E-05  3.980591921E-02 
         8  1.149997690E+00  1.699993700E+00  6.550001821E+00  2.919492130E+02  2.919492142E+02  5.332709219E-03  9.946672815E-01  5.512922582E-03  9.944870681E-01  2.199207317E-04  3.967107072E-02 
         9  2.599530306E-01  1.699784014E+00  4.769789816E+00  2.919533451E+02  2.919533458E+02  6.078489344E-03  9.939215128E-01  6.283888805E-03  9.937161133E-01  2.506670677E-04  3.963976055E-02 
        10  2.500325889E-01  1.700141952E+00  3.039603904E+00  2.919828229E+02  2.919828233E+02  3.079669717E-03  9.969203321E-01  3.184059865E-03  9.968159420E-01  1.270007122E-04  3.975939966E-02 
        11  2.090000512E+00  6.999920786E-01  2.640018387E+00  2.877980340E+02  2.877980348E+02  2.592328703E-01  7.407671446E-01  2.650781786E-01  7.349218363E-01  1.076930951E-02  2.969944569E-02 
        12  1.930000944E+00  7.000071781E-01  4.849993220E+00  2.884503404E+02  2.884503409E+02  2.054486299E-01  7.945513608E-01  2.106906037E-01  7.893093870E-01  8.527109746E-03  3.184900064E-02 
        13  1.149999460E+00  7.000041210E-01  6.549999896E+00  2.895343136E+02  2.895343141E+02  1.555606362E-01  8.444393713E-01  1.597238227E-01  8.402761848E-01  6.444327920E-03  3.378049641E-02 
        14  2.599937070E-01  6.999245510E-01  4.770022657E+00  2.889538035E+02  2.889538038E+02  1.953571053E-01  8.046428882E-01  2.003461608E-01  7.996538327E-01  8.098240315E-03  3.220764774E-02 
        15  2.500057384E-01  7.000450448E-01  3.040068823E+00  2.888259878E+02  2.888259885E+02  1.894268928E-01  8.105731128E-01  1.942288662E-01  8.057711394E-01  7.859790156E-03  3.246420098E-02 
        16  1.179999658E+00  1.300002449E+00  4.500000716E-01  2.919851923E+02  2.919851925E+02  2.544665635E-03  9.974553342E-01  2.630969398E-03  9.973690305E-01  1.049390582E-04  3.978113748E-02 
        17  2.090000552E+00  1.299991228E+00  2.640042717E+00  2.919997786E+02  2.919997856E+02  1.718522053E-04  9.998281403E-01  1.776945771E-04  9.998222980E-01  7.087197045E-06  3.987699632E-02 
        18  1.930000128E+00  1.300009553E+00  4.849983633E+00  2.919937998E+02  2.919938000E+02  1.180951208E-03  9.988190637E-01  1.221055831E-03  9.987789591E-01  4.870181572E-05  3.983620014E-02 
