nodenumber     x-coordinate     y-coordinate     z-coordinate      temperature total-temperature               n2              air         molef-n2        molef-air concentration-n2 concentration-air 
         1  1.180011401E+00  7.000440735E-01  4.499552279E-01  2.881643498E+02  2.881643499E+02  2.209431363E-01  7.790568619E-01  2.262466681E-01  7.737533300E-01  9.182755282E-03  3.123458216E-02 
         2  1.150002942E+00  1.299996259E+00  6.549998111E+00  2.919584538E+02  2.919584547E+02  4.300982196E-03  9.956990029E-01  4.446498488E-03  9.955534866E-01  1.773730799E-04  3.971235530E-02 
         3  2.599979183E-01  1.299834635E+00  4.769962194E+00  2.919679102E+02  2.919679106E+02  4.164030097E-03  9.958359541E-01  4.305013617E-03  9.956949706E-01  1.717205208E-04  3.971671570E-02 
         4  2.499957813E-01  1.300216226E+00  3.040010943E+00  2.919846322E+02  2.919846325E+02  2.518195761E-03  9.974818042E-01  2.603604021E-03  9.973963960E-01  1.038477672E-04  3.978230530E-02 
         5  1.179989316E+00  1.700000987E+00  4.500025386E-01  2.919819541E+02  2.919819544E+02  3.069258528E-03  9.969307184E-01  3.173295153E-03  9.968266818E-01  1.265717732E-04  3.975994529E-02 
         6  2.090000749E+00  1.699988964E+00  2.640041275E+00  2.919988526E+02  2.919988542E+02  3.279424068E-04  9.996720613E-01  3.390892257E-04  9.996609145E-01  1.352433028E-05  3.987068656E-02 
         7  1.929998960E+00  1.700096390E+00  4.850038151E+00  2.919907667E+02  2.919907671E+02  1.637204225E-03  9.983627976E-01  1.692768514E-03  9.983072333E-01  6.751697534E-05  3.981779827E-02 
         8  1.149997690E+00  1.699993700E+00  6.550001821E+00  2.919446854E+02  2.919446867E+02  5.634756349E-03  9.943652343E-01  5.825090193E-03  9.941749005E-01  2.323784071E-04  3.965923173E-02 
         9  2.599530306E-01  1.699784014E+00  4.769789816E+00  2.919667096E+02  2.919667101E+02  4.561985960E-03  9.954380161E-01  4.716383144E-03  9.952836190E-01  1.881300071E-04  3.970047166E-02 
        10  2.500325889E-01  1.700141952E+00  3.039603904E+00  2.919803842E+02  2.919803846E+02  3.304702383E-03  9.966952995E-01  3.416694343E-03  9.965833075E-01  1.362808050E-04  3.975045272E-02 
        11  2.090000512E+00  6.999920786E-01  2.640018387E+00  2.877480792E+02  2.877480801E+02  2.672806671E-01  7.327193478E-01  2.732601497E-01  7.267398652E-01  1.110138123E-02  2.937431953E-02 
        12  1.930000944E+00  7.000071781E-01  4.849993220E+00  2.894419419E+02  2.894419421E+02  1.513638140E-01  8.486361767E-01  1.554938933E-01  8.445060974E-01  6.272411403E-03  3.396507683E-02 
        13  1.149999460E+00  7.000041210E-01  6.549999896E+00  2.893563764E+02  2.893563769E+02  1.659370293E-01  8.340629782E-01  1.703597596E-01  8.296402479E-01  6.874421485E-03  3.337500665E-02 
        14  2.599937070E-01  6.999245510E-01  4.770022657E+00  2.890397197E+02  2.890397202E+02  1.908178694E-01  8.091821241E-01  1.957750957E-01  8.042248978E-01  7.906946593E-03  3.238667145E-02 
        15  2.500057384E-01  7.000450448E-01  3.040068823E+00  2.890715919E+02  2.890715925E+02  1.754408855E-01  8.245591201E-01  1.800955556E-01  8.199044500E-01  7.272450428E-03  3.301660607E-02 
        16  1.179999658E+00  1.300002449E+00  4.500000716E-01  2.919853750E+02  2.919853752E+02  2.551835965E-03  9.974481639E-01  2.638381953E-03  9.973616179E-01  1.052346596E-04  3.978081693E-02 
        17  2.090000552E+00  1.299991228E+00  2.640042717E+00  2.919997886E+02  2.919997952E+02  1.722239895E-04  9.998277686E-01  1.780789189E-04  9.998219136E-01  7.102527751E-06  3.987697962E-02 
        18  1.930000128E+00  1.300009553E+00  4.849983633E+00  2.919960913E+02  2.919960914E+02  7.972560544E-04  9.992027588E-01  8.243390248E-04  9.991756759E-01  3.287856423E-05  3.985171040E-02 
