nodenumber     x-coordinate     y-coordinate     z-coordinate      temperature total-temperature               n2              air         molef-n2        molef-air concentration-n2 concentration-air 
         1  1.180011401E+00  7.000440735E-01  4.499552279E-01  2.886010524E+02  2.886010525E+02  1.933079367E-01  8.066920615E-01  1.982191759E-01  8.017808222E-01  8.026694051E-03  3.232882244E-02 
         2  1.150002942E+00  1.299996259E+00  6.549998111E+00  2.919582421E+02  2.919582431E+02  4.238744611E-03  9.957612405E-01  4.382142110E-03  9.956178430E-01  1.748070269E-04  3.971495030E-02 
         3  2.599979183E-01  1.299834635E+00  4.769962194E+00  2.919576625E+02  2.919576629E+02  5.025769490E-03  9.949742147E-01  5.195759401E-03  9.948042248E-01  2.072591024E-04  3.968257724E-02 
         4  2.499957813E-01  1.300216226E+00  3.040010943E+00  2.919882742E+02  2.919882744E+02  1.993086751E-03  9.980069132E-01  2.060720467E-03  9.979392795E-01  8.219325647E-05  3.980346231E-02 
         5  1.179989316E+00  1.700000987E+00  4.500025386E-01  2.919813566E+02  2.919813568E+02  3.197210286E-03  9.968027667E-01  3.305571448E-03  9.966944055E-01  1.318480400E-04  3.975475065E-02 
         6  2.090000749E+00  1.699988964E+00  2.640041275E+00  2.919989661E+02  2.919989676E+02  2.911556708E-04  9.997088481E-01  3.010530432E-04  9.996989507E-01  1.200726858E-05  3.987218813E-02 
         7  1.929998960E+00  1.700096390E+00  4.850038151E+00  2.919916461E+02  2.919916464E+02  1.560500102E-03  9.984395018E-01  1.613467095E-03  9.983865348E-01  6.435376023E-05  3.982084136E-02 
         8  1.149997690E+00  1.699993700E+00  6.550001821E+00  2.919641952E+02  2.919641965E+02  3.593875990E-03  9.964061147E-01  3.715461339E-03  9.962845293E-01  1.482127989E-04  3.974073172E-02 
         9  2.599530306E-01  1.699784014E+00  4.769789816E+00  2.919503953E+02  2.919503959E+02  6.341760479E-03  9.936582416E-01  6.555991737E-03  9.934440104E-01  2.615242355E-04  3.962930644E-02 
        10  2.500325889E-01  1.700141952E+00  3.039603904E+00  2.919820478E+02  2.919820482E+02  3.145203365E-03  9.968547985E-01  3.251803515E-03  9.967481983E-01  1.297032411E-04  3.975680302E-02 
        11  2.090000512E+00  6.999920786E-01  2.640018387E+00  2.875660661E+02  2.875660670E+02  2.702096173E-01  7.297903976E-01  2.762147760E-01  7.237852389E-01  1.123082568E-02  2.927070779E-02 
        12  1.930000944E+00  7.000071781E-01  4.849993220E+00  2.894017638E+02  2.894017642E+02  1.518128020E-01  8.481871887E-01  1.559146212E-01  8.440853694E-01  6.293242126E-03  3.395002083E-02 
        13  1.149999460E+00  7.000041210E-01  6.549999896E+00  2.887902833E+02  2.887902840E+02  1.987572919E-01  8.012427155E-01  2.038489190E-01  7.961510884E-01  8.240774744E-03  3.208769587E-02 
        14  2.599937070E-01  6.999245510E-01  4.770022657E+00  2.885453929E+02  2.885453932E+02  2.248716008E-01  7.751283927E-01  2.305334430E-01  7.694665505E-01  9.321461623E-03  3.104112805E-02 
        15  2.500057384E-01  7.000450448E-01  3.040068823E+00  2.890522108E+02  2.890522114E+02  1.814909578E-01  8.185090478E-01  1.861391775E-01  8.138608281E-01  7.525080985E-03  3.276711579E-02 
        16  1.179999658E+00  1.300002449E+00  4.500000716E-01  2.919839229E+02  2.919839231E+02  2.729105211E-03  9.972708947E-01  2.821646619E-03  9.971783533E-01  1.125449142E-04  3.977370503E-02 
        17  2.090000552E+00  1.299991228E+00  2.640042717E+00  2.919998324E+02  2.919998389E+02  1.647783986E-04  9.998352142E-01  1.703803392E-04  9.998296122E-01  6.795473334E-06  3.987728071E-02 
        18  1.930000128E+00  1.300009553E+00  4.849983633E+00  2.919934574E+02  2.919934576E+02  1.175277001E-03  9.988247379E-01  1.215187377E-03  9.987848275E-01  4.846786471E-05  3.983648087E-02 
