nodenumber     x-coordinate     y-coordinate     z-coordinate      temperature total-temperature               n2              air         molef-n2        molef-air concentration-n2 concentration-air 
         1  1.180011401E+00  7.000440735E-01  4.499552279E-01  2.878400784E+02  2.878400786E+02  2.427539907E-01  7.572460074E-01  2.485535962E-01  7.514464019E-01  1.008901493E-02  3.037358431E-02 
         2  1.150002942E+00  1.299996259E+00  6.549998111E+00  2.919958546E+02  2.919958552E+02  5.527082788E-04  9.994472768E-01  5.714876214E-04  9.994284975E-01  2.279374193E-05  3.986182518E-02 
         3  2.599979183E-01  1.299834635E+00  4.769962194E+00  2.919774977E+02  2.919774980E+02  3.000099690E-03  9.969998845E-01  3.101792409E-03  9.968981918E-01  1.237220545E-04  3.976340439E-02 
         4  2.499957813E-01  1.300216226E+00  3.040010943E+00  2.919873800E+02  2.919873803E+02  2.185303430E-03  9.978146966E-01  2.259443369E-03  9.977405566E-01  9.011977822E-05  3.979565794E-02 
         5  1.179989316E+00  1.700000987E+00  4.500025386E-01  2.919847102E+02  2.919847103E+02  2.760444517E-03  9.972395324E-01  2.854045596E-03  9.971459314E-01  1.138368764E-04  3.977230369E-02 
         6  2.090000749E+00  1.699988964E+00  2.640041275E+00  2.919999175E+02  2.919999190E+02  1.405109761E-04  9.998594927E-01  1.452882173E-04  9.998547155E-01  5.794688471E-06  3.987827075E-02 
         7  1.929998960E+00  1.700096390E+00  4.850038151E+00  2.920006261E+02  2.920006265E+02  8.757716704E-06  9.999912441E-01  9.055516864E-06  9.999909463E-01  3.611699184E-07  3.988360734E-02 
         8  1.149997690E+00  1.699993700E+00  6.550001821E+00  2.919934582E+02  2.919934591E+02  7.800953519E-04  9.992198953E-01  8.065911332E-04  9.991933996E-01  3.217121061E-05  3.985277549E-02 
         9  2.599530306E-01  1.699784014E+00  4.769789816E+00  2.919674582E+02  2.919674586E+02  4.706859039E-03  9.952931431E-01  4.866128852E-03  9.951338732E-01  1.941028868E-04  3.969439652E-02 
        10  2.500325889E-01  1.700141952E+00  3.039603904E+00  2.919784773E+02  2.919784778E+02  3.709134854E-03  9.962908670E-01  3.834773720E-03  9.961652281E-01  1.529578110E-04  3.973403620E-02 
        11  2.090000512E+00  6.999920786E-01  2.640018387E+00  2.878097620E+02  2.878097628E+02  2.212413408E-01  7.787586741E-01  2.267480709E-01  7.732519440E-01  9.198185353E-03  3.126799069E-02 
        12  1.930000944E+00  7.000071781E-01  4.849993220E+00  2.882926209E+02  2.882926211E+02  2.056149022E-01  7.943850885E-01  2.107261438E-01  7.892738469E-01  8.545100509E-03  3.185393823E-02 
        13  1.149999460E+00  7.000041210E-01  6.549999896E+00  2.891881997E+02  2.891882002E+02  1.713247370E-01  8.286752704E-01  1.758123827E-01  8.241876247E-01  7.103250408E-03  3.316996366E-02 
        14  2.599937070E-01  6.999245510E-01  4.770022657E+00  2.888830523E+02  2.888830530E+02  1.732893091E-01  8.267106844E-01  1.779753863E-01  8.220246072E-01  7.188384148E-03  3.312692327E-02 
        15  2.500057384E-01  7.000450448E-01  3.040068823E+00  2.876926365E+02  2.876926368E+02  2.762210405E-01  7.237789651E-01  2.824916412E-01  7.175083644E-01  1.146948757E-02  2.901370577E-02 
        16  1.179999658E+00  1.300002449E+00  4.500000716E-01  2.919882400E+02  2.919882402E+02  2.174529084E-03  9.978254708E-01  2.248307702E-03  9.977516922E-01  8.967524637E-05  3.979598497E-02 
        17  2.090000552E+00  1.299991228E+00  2.640042717E+00  2.920003880E+02  2.920003957E+02  8.085802628E-05  9.999191345E-01  8.360727770E-05  9.999163853E-01  3.334595454E-06  3.988066569E-02 
        18  1.930000128E+00  1.300009553E+00  4.849983633E+00  2.920007872E+02  2.920007874E+02  6.318635244E-05  9.999368285E-01  6.533483868E-05  9.999346801E-01  2.605811411E-06  3.988134172E-02 
