nodenumber     x-coordinate     y-coordinate     z-coordinate      temperature total-temperature               n2              air         molef-n2        molef-air concentration-n2 concentration-air 
         1  1.180011401E+00  7.000440735E-01  4.499552279E-01  2.875574414E+02  2.875574416E+02  2.507311271E-01  7.492688710E-01  2.566804659E-01  7.433195322E-01  1.042721665E-02  3.007512574E-02 
         2  1.150002942E+00  1.299996259E+00  6.549998111E+00  2.919937957E+02  2.919937963E+02  7.204539285E-04  9.992795312E-01  7.449285327E-04  9.992550566E-01  2.971164693E-05  3.985518851E-02 
         3  2.599979183E-01  1.299834635E+00  4.769962194E+00  2.919714473E+02  2.919714475E+02  3.891111927E-03  9.961088722E-01  4.022883943E-03  9.959771002E-01  1.604652306E-04  3.972748779E-02 
         4  2.499957813E-01  1.300216226E+00  3.040010943E+00  2.919824425E+02  2.919824428E+02  2.738019311E-03  9.972619807E-01  2.830853194E-03  9.971691468E-01  1.129130020E-04  3.977353920E-02 
         5  1.179989316E+00  1.700000987E+00  4.500025386E-01  2.919876151E+02  2.919876152E+02  2.283090920E-03  9.977168860E-01  2.360544211E-03  9.976394327E-01  9.415207285E-05  3.979159169E-02 
         6  2.090000749E+00  1.699988964E+00  2.640041275E+00  2.919998114E+02  2.919998128E+02  1.582918025E-04  9.998417119E-01  1.636734919E-04  9.998363302E-01  6.527970451E-06  3.987755196E-02 
         7  1.929998960E+00  1.700096390E+00  4.850038151E+00  2.920006269E+02  2.920006273E+02  1.040258549E-05  9.999895993E-01  1.075631693E-05  9.999892455E-01  4.290045556E-07  3.988353939E-02 
         8  1.149997690E+00  1.699993700E+00  6.550001821E+00  2.919924722E+02  2.919924730E+02  7.921142398E-04  9.992078764E-01  8.190172383E-04  9.991809734E-01  3.266701348E-05  3.985241438E-02 
         9  2.599530306E-01  1.699784014E+00  4.769789816E+00  2.919713523E+02  2.919713527E+02  4.347005998E-03  9.956529961E-01  4.494161548E-03  9.955058405E-01  1.792630070E-04  3.970870439E-02 
        10  2.500325889E-01  1.700141952E+00  3.039603904E+00  2.919741552E+02  2.919741557E+02  4.237576429E-03  9.957624254E-01  4.381026328E-03  9.956189755E-01  1.747490837E-04  3.971283538E-02 
        11  2.090000512E+00  6.999920786E-01  2.640018387E+00  2.879946185E+02  2.879946193E+02  2.113400201E-01  7.886599948E-01  2.165993856E-01  7.834006293E-01  8.785498980E-03  3.165488897E-02 
        12  1.930000944E+00  7.000071781E-01  4.849993220E+00  2.887478700E+02  2.887478703E+02  1.794465229E-01  8.205534678E-01  1.840114100E-01  8.159885807E-01  7.453972430E-03  3.288130770E-02 
        13  1.149999460E+00  7.000041210E-01  6.549999896E+00  2.880525816E+02  2.880525828E+02  2.329592897E-01  7.670407178E-01  2.386329693E-01  7.613670381E-01  9.676954629E-03  3.075554386E-02 
        14  2.599937070E-01  6.999245510E-01  4.770022657E+00  2.885921696E+02  2.885921703E+02  1.849941867E-01  8.150058068E-01  1.899744041E-01  8.100255894E-01  7.676398864E-03  3.267932092E-02 
        15  2.500057384E-01  7.000450448E-01  3.040068823E+00  2.879064183E+02  2.879064186E+02  2.432129866E-01  7.567870189E-01  2.490941360E-01  7.509058696E-01  1.010278132E-02  3.035010853E-02 
        16  1.179999658E+00  1.300002449E+00  4.500000716E-01  2.919917064E+02  2.919917066E+02  1.617426721E-03  9.983825732E-01  1.672335279E-03  9.983276646E-01  6.670141354E-05  3.981848530E-02 
        17  2.090000552E+00  1.299991228E+00  2.640042717E+00  2.920004422E+02  2.920004498E+02  7.043532830E-05  9.999295572E-01  7.283022814E-05  9.999271623E-01  2.904762588E-06  3.988108812E-02 
        18  1.930000128E+00  1.300009553E+00  4.849983633E+00  2.920008246E+02  2.920008248E+02  7.170250550E-05  9.999283124E-01  7.414053562E-05  9.999258744E-01  2.957016841E-06  3.988098542E-02 
