nodenumber     x-coordinate     y-coordinate     z-coordinate      temperature total-temperature               n2              air         molef-n2        molef-air concentration-n2 concentration-air 
         1  1.180011401E+00  7.000440735E-01  4.499552279E-01  2.875647055E+02  2.875647055E+02  2.327494435E-01  7.672505546E-01  2.384631907E-01  7.615368074E-01  9.683779169E-03  3.081718205E-02 
         2  1.150002942E+00  1.299996259E+00  6.549998111E+00  2.919892698E+02  2.919892706E+02  1.159892049E-03  9.988400931E-01  1.199272268E-03  9.988007128E-01  4.783417235E-05  3.983768421E-02 
         3  2.599979183E-01  1.299834635E+00  4.769962194E+00  2.919702070E+02  2.919702075E+02  3.753185783E-03  9.962467984E-01  3.880306287E-03  9.961196779E-01  1.547786769E-04  3.973334377E-02 
         4  2.499957813E-01  1.300216226E+00  3.040010943E+00  2.919827151E+02  2.919827155E+02  2.938009556E-03  9.970619904E-01  3.037604640E-03  9.969623954E-01  1.211594679E-04  3.976525548E-02 
         5  1.179989316E+00  1.700000987E+00  4.500025386E-01  2.919802050E+02  2.919802050E+02  3.441632276E-03  9.965583447E-01  3.558248774E-03  9.964417282E-01  1.419270142E-04  3.974482900E-02 
         6  2.090000749E+00  1.699988964E+00  2.640041275E+00  2.920000982E+02  2.920000998E+02  1.455223197E-04  9.998544814E-01  1.504700077E-04  9.998495337E-01  6.001353360E-06  3.987803940E-02 
         7  1.929998960E+00  1.700096390E+00  4.850038151E+00  2.919978543E+02  2.919978549E+02  4.873943534E-04  9.995126075E-01  5.039524196E-04  9.994960494E-01  2.009998861E-05  3.986424712E-02 
         8  1.149997690E+00  1.699993700E+00  6.550001821E+00  2.919934234E+02  2.919934245E+02  7.436870736E-04  9.992563036E-01  7.689416442E-04  9.992310490E-01  3.066977781E-05  3.985428169E-02 
         9  2.599530306E-01  1.699784014E+00  4.769789816E+00  2.919653484E+02  2.919653492E+02  4.571023451E-03  9.954289786E-01  4.725725446E-03  9.952742766E-01  1.885035342E-04  3.970028411E-02 
        10  2.500325889E-01  1.700141952E+00  3.039603904E+00  2.919693320E+02  2.919693324E+02  5.085741167E-03  9.949142607E-01  5.257737844E-03  9.947422640E-01  2.097230373E-04  3.967852038E-02 
        11  2.090000512E+00  6.999920786E-01  2.640018387E+00  2.876827765E+02  2.876827770E+02  2.371246815E-01  7.628753334E-01  2.428251419E-01  7.571748730E-01  9.860942562E-03  3.062357707E-02 
        12  1.930000944E+00  7.000071781E-01  4.849993220E+00  2.884151877E+02  2.884151879E+02  2.137296850E-01  7.862703057E-01  2.189765549E-01  7.810234358E-01  8.873725768E-03  3.150793191E-02 
        13  1.149999460E+00  7.000041210E-01  6.549999896E+00  2.885179642E+02  2.885179649E+02  2.142649911E-01  7.857350163E-01  2.196939404E-01  7.803060670E-01  8.887629412E-03  3.147898139E-02 
        14  2.599937070E-01  6.999245510E-01  4.770022657E+00  2.889106955E+02  2.889106960E+02  1.844248392E-01  8.155751543E-01  1.892696828E-01  8.107303106E-01  7.647542378E-03  3.266408148E-02 
        15  2.500057384E-01  7.000450448E-01  3.040068823E+00  2.884214427E+02  2.884214430E+02  2.421092596E-01  7.578907460E-01  2.478112922E-01  7.521887134E-01  1.003932524E-02  3.034139131E-02 
        16  1.179999658E+00  1.300002449E+00  4.500000716E-01  2.919819630E+02  2.919819631E+02  3.155004350E-03  9.968449955E-01  3.261940580E-03  9.967380593E-01  1.301074573E-04  3.975641022E-02 
        17  2.090000552E+00  1.299991228E+00  2.640042717E+00  2.920005447E+02  2.920005518E+02  6.968040463E-05  9.999303121E-01  7.204965988E-05  9.999279429E-01  2.873628535E-06  3.988110526E-02 
        18  1.930000128E+00  1.300009553E+00  4.849983633E+00  2.919983404E+02  2.919983406E+02  4.418355123E-04  9.995581794E-01  4.568516213E-04  9.995431633E-01  1.822124069E-05  3.986606051E-02 
