nodenumber     x-coordinate     y-coordinate     z-coordinate      temperature total-temperature               n2              air         molef-n2        molef-air concentration-n2 concentration-air 
         1  1.180011401E+00  7.000440735E-01  4.499552279E-01  2.888742026E+02  2.888742027E+02  1.334364336E-01  8.665635645E-01  1.371250266E-01  8.628749716E-01  5.551854828E-03  3.476574097E-02 
         2  1.150002942E+00  1.299996259E+00  6.549998111E+00  2.919998742E+02  2.919998746E+02  9.619254548E-05  9.999037926E-01  9.946303797E-05  9.999005221E-01  3.967000211E-06  3.988010287E-02 
         3  2.599979183E-01  1.299834635E+00  4.769962194E+00  2.919792063E+02  2.919792066E+02  2.412885220E-03  9.975870989E-01  2.494707404E-03  9.975052768E-01  9.950705456E-05  3.978738598E-02 
         4  2.499957813E-01  1.300216226E+00  3.040010943E+00  2.919763056E+02  2.919763058E+02  2.960058342E-03  9.970399417E-01  3.060385013E-03  9.969396150E-01  1.220713160E-04  3.976521926E-02 
         5  1.179989316E+00  1.700000987E+00  4.500025386E-01  2.919942720E+02  2.919942721E+02  1.294237793E-03  9.987057392E-01  1.338189674E-03  9.986617873E-01  5.337347528E-05  3.983146096E-02 
         6  2.090000749E+00  1.699988964E+00  2.640041275E+00  2.920004320E+02  2.920004336E+02  3.739246352E-05  9.999626113E-01  3.866392895E-05  9.999613398E-01  1.542072412E-06  3.988245310E-02 
         7  1.929998960E+00  1.700096390E+00  4.850038151E+00  2.920005974E+02  2.920005977E+02  1.973038816E-05  9.999802715E-01  2.040129952E-05  9.999796006E-01  8.136849158E-07  3.988315874E-02 
         8  1.149997690E+00  1.699993700E+00  6.550001821E+00  2.919986323E+02  2.919986330E+02  1.945023791E-04  9.998054883E-01  2.011142973E-04  9.997988764E-01  8.021325354E-06  3.987621862E-02 
         9  2.599530306E-01  1.699784014E+00  4.769789816E+00  2.919999564E+02  2.919999568E+02  9.931787370E-05  9.999006842E-01  1.026946861E-04  9.998973074E-01  4.095885721E-06  3.987996411E-02 
        10  2.500325889E-01  1.700141952E+00  3.039603904E+00  2.919743834E+02  2.919743839E+02  3.965758525E-03  9.960342433E-01  4.100051818E-03  9.958999500E-01  1.635413174E-04  3.972401198E-02 
        11  2.090000512E+00  6.999920786E-01  2.640018387E+00  2.878920227E+02  2.878920234E+02  1.880854777E-01  8.119145372E-01  1.930056894E-01  8.069943255E-01  7.827099789E-03  3.262744023E-02 
        12  1.930000944E+00  7.000071781E-01  4.849993220E+00  2.882438913E+02  2.882438914E+02  1.859820481E-01  8.140179426E-01  1.907439231E-01  8.092560675E-01  7.737325254E-03  3.266858727E-02 
        13  1.149999460E+00  7.000041210E-01  6.549999896E+00  2.892209718E+02  2.892209723E+02  1.488366642E-01  8.511633433E-01  1.529365887E-01  8.470634187E-01  6.173898115E-03  3.409443537E-02 
        14  2.599937070E-01  6.999245510E-01  4.770022657E+00  2.887478301E+02  2.887478306E+02  1.519599942E-01  8.480399993E-01  1.562012115E-01  8.437987820E-01  6.311581075E-03  3.402257690E-02 
        15  2.500057384E-01  7.000450448E-01  3.040068823E+00  2.880978699E+02  2.880978701E+02  2.251053334E-01  7.748946722E-01  2.306079034E-01  7.693921022E-01  9.352947347E-03  3.107334423E-02 
        16  1.179999658E+00  1.300002449E+00  4.500000716E-01  2.919959027E+02  2.919959028E+02  1.021974252E-03  9.989780256E-01  1.056689681E-03  9.989433102E-01  4.214566462E-05  3.984246786E-02 
        17  2.090000552E+00  1.299991228E+00  2.640042717E+00  2.920007191E+02  2.920007268E+02  2.398917018E-05  9.999760034E-01  2.480489127E-05  9.999751877E-01  9.893175488E-07  3.988296574E-02 
        18  1.930000128E+00  1.300009553E+00  4.849983633E+00  2.920007157E+02  2.920007158E+02  5.120346689E-05  9.999488114E-01  5.294453673E-05  9.999470704E-01  2.111637801E-06  3.988184567E-02 
