nodenumber     x-coordinate     y-coordinate     z-coordinate      temperature total-temperature               n2              air         molef-n2        molef-air concentration-n2 concentration-air 
         1  1.180011401E+00  7.000440735E-01  4.499552279E-01  2.910985960E+02  2.910985961E+02  2.268535250E-02  9.773146456E-01  2.342845251E-02  9.765715456E-01  9.393306431E-04  3.906855688E-02 
         2  1.150002942E+00  1.299996259E+00  6.549998111E+00  2.920006657E+02  2.920006659E+02  7.353852577E-06  9.999926312E-01  7.603918425E-06  9.999923812E-01  3.032745445E-07  3.988365849E-02 
         3  2.599979183E-01  1.299834635E+00  4.769962194E+00  2.919983743E+02  2.919983744E+02  1.155697698E-04  9.998844144E-01  1.194991740E-04  9.998804850E-01  4.766145986E-06  3.987950852E-02 
         4  2.499957813E-01  1.300216226E+00  3.040010943E+00  2.919987555E+02  2.919987557E+02  1.118060108E-04  9.998881940E-01  1.156074984E-04  9.998843925E-01  4.610918639E-06  3.987961295E-02 
         5  1.179989316E+00  1.700000987E+00  4.500025386E-01  2.920005071E+02  2.920005072E+02  2.371956906E-05  9.999762574E-01  2.452613361E-05  9.999754508E-01  9.781999793E-07  3.988300457E-02 
         6  2.090000749E+00  1.699988964E+00  2.640041275E+00  2.919999156E+02  2.919999170E+02  2.104762162E-05  9.999789561E-01  2.176333028E-05  9.999782404E-01  8.680106383E-07  3.988319768E-02 
         7  1.929998960E+00  1.700096390E+00  4.850038151E+00  2.920006262E+02  2.920006264E+02  7.531882676E-09  9.999999943E-01  7.788005750E-09  9.999999941E-01  3.106165425E-10  3.988396819E-02 
         8  1.149997690E+00  1.699993700E+00  6.550001821E+00  2.920002932E+02  2.920002936E+02  1.484785046E-05  9.999851428E-01  1.535273934E-05  9.999846379E-01  6.123295093E-07  3.988340075E-02 
         9  2.599530306E-01  1.699784014E+00  4.769789816E+00  2.920005467E+02  2.920005469E+02  4.378730770E-06  9.999956234E-01  4.527629520E-06  9.999954745E-01  1.805798852E-07  3.988379880E-02 
        10  2.500325889E-01  1.700141952E+00  3.039603904E+00  2.920005678E+02  2.920005681E+02  2.226284976E-06  9.999977756E-01  2.301989939E-06  9.999976999E-01  9.181251508E-08  3.988388465E-02 
        11  2.090000512E+00  6.999920786E-01  2.640018387E+00  2.904102545E+02  2.904102555E+02  4.250785495E-02  9.574921600E-01  4.386981837E-02  9.561301965E-01  1.762282483E-03  3.834051379E-02 
        12  1.930000944E+00  7.000071781E-01  4.849993220E+00  2.909707882E+02  2.909707884E+02  2.695081768E-02  9.730491730E-01  2.782597630E-02  9.721740144E-01  1.116336338E-03  3.890915002E-02 
        13  1.149999460E+00  7.000041210E-01  6.549999896E+00  2.916382306E+02  2.916382309E+02  1.259330403E-02  9.874067034E-01  1.300920312E-02  9.869908043E-01  5.203234416E-04  3.941328776E-02 
        14  2.599937070E-01  6.999245510E-01  4.770022657E+00  2.911207713E+02  2.911207717E+02  2.250658430E-02  9.774934092E-01  2.324850737E-02  9.767514861E-01  9.310714462E-04  3.907359097E-02 
        15  2.500057384E-01  7.000450448E-01  3.040068823E+00  2.910878869E+02  2.910878872E+02  3.053251389E-02  9.694674917E-01  3.150730527E-02  9.684927003E-01  1.263748518E-03  3.874555607E-02 
        16  1.179999658E+00  1.300002449E+00  4.500000716E-01  2.920002199E+02  2.920002199E+02  9.537953462E-05  9.999046203E-01  9.862259065E-05  9.999013773E-01  3.933466371E-06  3.988009037E-02 
        17  2.090000552E+00  1.299991228E+00  2.640042717E+00  2.920005615E+02  2.920005691E+02  8.216172760E-06  9.999917764E-01  8.495560847E-06  9.999914970E-01  3.388370527E-07  3.988363775E-02 
        18  1.930000128E+00  1.300009553E+00  4.849983633E+00  2.920007032E+02  2.920007033E+02  5.214089640E-06  9.999948008E-01  5.391394087E-06  9.999946235E-01  2.150302014E-07  3.988374399E-02 
