nodenumber     x-coordinate     y-coordinate     z-coordinate      temperature total-temperature               n2              air         molef-n2        molef-air concentration-n2 concentration-air 
         1  1.180011401E+00  7.000440735E-01  4.499552279E-01  2.895523672E+02  2.895523673E+02  1.051872104E-01  8.948127877E-01  1.081863937E-01  8.918136045E-01  4.371481143E-03  3.585144208E-02 
         2  1.150002942E+00  1.299996259E+00  6.549998111E+00  2.920003750E+02  2.920003754E+02  4.616005336E-05  9.999538250E-01  4.772960122E-05  9.999522555E-01  1.903650000E-06  3.988209781E-02 
         3  2.599979183E-01  1.299834635E+00  4.769962194E+00  2.919954552E+02  2.919954555E+02  6.749876106E-04  9.993249966E-01  6.979197172E-04  9.993020645E-01  2.783645960E-05  3.985683694E-02 
         4  2.499957813E-01  1.300216226E+00  3.040010943E+00  2.919810771E+02  2.919810772E+02  2.520889244E-03  9.974791108E-01  2.606382810E-03  9.973936172E-01  1.039600840E-04  3.978267864E-02 
         5  1.179989316E+00  1.700000987E+00  4.500025386E-01  2.919978982E+02  2.919978984E+02  6.951566438E-04  9.993048203E-01  7.187782544E-04  9.992811987E-01  2.866800214E-05  3.985567112E-02 
         6  2.090000749E+00  1.699988964E+00  2.640041275E+00  2.920005013E+02  2.920005026E+02  3.752218801E-05  9.999624815E-01  3.879807943E-05  9.999612056E-01  1.547422180E-06  3.988243828E-02 
         7  1.929998960E+00  1.700096390E+00  4.850038151E+00  2.920006163E+02  2.920006166E+02  8.310836328E-06  9.999916910E-01  8.593442382E-06  9.999914084E-01  3.427405961E-07  3.988362710E-02 
         8  1.149997690E+00  1.699993700E+00  6.550001821E+00  2.919997898E+02  2.919997903E+02  7.907032534E-05  9.999209204E-01  8.175870993E-05  9.999182320E-01  3.260879387E-06  3.988082097E-02 
         9  2.599530306E-01  1.699784014E+00  4.769789816E+00  2.920001082E+02  2.920001086E+02  7.369296214E-05  9.999263091E-01  7.619865274E-05  9.999238034E-01  3.039111739E-06  3.988100015E-02 
        10  2.500325889E-01  1.700141952E+00  3.039603904E+00  2.919796784E+02  2.919796789E+02  3.386200142E-03  9.966138017E-01  3.500939808E-03  9.964990621E-01  1.396415347E-04  3.974718840E-02 
        11  2.090000512E+00  6.999920786E-01  2.640018387E+00  2.884759803E+02  2.884759811E+02  1.489746207E-01  8.510253942E-01  1.530979660E-01  8.469020489E-01  6.196052267E-03  3.417643390E-02 
        12  1.930000944E+00  7.000071781E-01  4.849993220E+00  2.886227233E+02  2.886227234E+02  1.596182606E-01  8.403817301E-01  1.639055458E-01  8.360944449E-01  6.637889077E-03  3.371476162E-02 
        13  1.149999460E+00  7.000041210E-01  6.549999896E+00  2.898798409E+02  2.898798414E+02  1.068518313E-01  8.931481761E-01  1.099432841E-01  8.900567233E-01  4.429291611E-03  3.574732543E-02 
        14  2.599937070E-01  6.999245510E-01  4.770022657E+00  2.890119275E+02  2.890119279E+02  1.291806928E-01  8.708193007E-01  1.329002895E-01  8.670997039E-01  5.364890237E-03  3.493233278E-02 
        15  2.500057384E-01  7.000450448E-01  3.040068823E+00  2.886590588E+02  2.886590590E+02  1.664091295E-01  8.335908761E-01  1.708664868E-01  8.291335188E-01  6.915963942E-03  3.343144066E-02 
        16  1.179999658E+00  1.300002449E+00  4.500000716E-01  2.919988068E+02  2.919988069E+02  5.193829686E-04  9.994806169E-01  5.370350806E-04  9.994629648E-01  2.141922634E-05  3.986279761E-02 
        17  2.090000552E+00  1.299991228E+00  2.640042717E+00  2.920008169E+02  2.920008242E+02  1.190853660E-05  9.999880840E-01  1.231347962E-05  9.999876791E-01  4.911101788E-07  3.988345059E-02 
        18  1.930000128E+00  1.300009553E+00  4.849983633E+00  2.920008174E+02  2.920008175E+02  2.944122538E-05  9.999705737E-01  3.044234166E-05  9.999695726E-01  1.214160608E-06  3.988272926E-02 
