nodenumber     x-coordinate     y-coordinate     z-coordinate      temperature total-temperature               n2              air         molef-n2        molef-air concentration-n2 concentration-air 
         1  1.180011401E+00  7.000440735E-01  4.499552279E-01  2.884137510E+02  2.884137514E+02  1.623109445E-01  8.376890536E-01  1.667407104E-01  8.332592877E-01  6.750726825E-03  3.363077279E-02 
         2  1.150002942E+00  1.299996259E+00  6.549998111E+00  2.919995969E+02  2.919995973E+02  1.158920231E-04  9.998840931E-01  1.198321739E-04  9.998801529E-01  4.779412864E-06  3.987932834E-02 
         3  2.599979183E-01  1.299834635E+00  4.769962194E+00  2.919769739E+02  2.919769740E+02  3.243605318E-03  9.967563788E-01  3.353518940E-03  9.966464652E-01  1.337629702E-04  3.975343502E-02 
         4  2.499957813E-01  1.300216226E+00  3.040010943E+00  2.919765329E+02  2.919765331E+02  2.976573622E-03  9.970234264E-01  3.077461485E-03  9.969225385E-01  1.227522577E-04  3.976450726E-02 
         5  1.179989316E+00  1.700000987E+00  4.500025386E-01  2.919959417E+02  2.919959419E+02  1.014764486E-03  9.989852125E-01  1.049235338E-03  9.989507416E-01  4.184834337E-05  3.984275802E-02 
         6  2.090000749E+00  1.699988964E+00  2.640041275E+00  2.920003673E+02  2.920003690E+02  4.449173205E-05  9.999555120E-01  4.600459802E-05  9.999539991E-01  1.834847876E-06  3.988216915E-02 
         7  1.929998960E+00  1.700096390E+00  4.850038151E+00  2.920005882E+02  2.920005886E+02  1.557025803E-05  9.999844316E-01  1.609970888E-05  9.999839022E-01  6.421204412E-07  3.988333156E-02 
         8  1.149997690E+00  1.699993700E+00  6.550001821E+00  2.919978653E+02  2.919978659E+02  2.554197792E-04  9.997445709E-01  2.641019788E-04  9.997358887E-01  1.053358197E-05  3.987381113E-02 
         9  2.599530306E-01  1.699784014E+00  4.769789816E+00  2.919872450E+02  2.919872455E+02  1.922967575E-03  9.980770345E-01  1.988146003E-03  9.980118561E-01  7.930111686E-05  3.980649525E-02 
        10  2.500325889E-01  1.700141952E+00  3.039603904E+00  2.919731312E+02  2.919731317E+02  4.169874844E-03  9.958301270E-01  4.311029068E-03  9.956889728E-01  1.719581631E-04  3.971576622E-02 
        11  2.090000512E+00  6.999920786E-01  2.640018387E+00  2.881842688E+02  2.881842698E+02  1.639731612E-01  8.360268537E-01  1.684107636E-01  8.315892513E-01  6.824469733E-03  3.358913908E-02 
        12  1.930000944E+00  7.000071781E-01  4.849993220E+00  2.888098128E+02  2.888098131E+02  1.509906205E-01  8.490093702E-01  1.550766594E-01  8.449233313E-01  6.277590140E-03  3.404891800E-02 
        13  1.149999460E+00  7.000041210E-01  6.549999896E+00  2.896691318E+02  2.896691324E+02  1.266215747E-01  8.733784327E-01  1.302101595E-01  8.697898479E-01  5.248141061E-03  3.495772750E-02 
        14  2.599937070E-01  6.999245510E-01  4.770022657E+00  2.891259404E+02  2.891259408E+02  1.316906835E-01  8.683093100E-01  1.354802826E-01  8.645197109E-01  5.465131718E-03  3.481600756E-02 
        15  2.500057384E-01  7.000450448E-01  3.040068823E+00  2.881750484E+02  2.881750489E+02  2.028302355E-01  7.971697701E-01  2.080106500E-01  7.919893555E-01  8.432998398E-03  3.198249601E-02 
        16  1.179999658E+00  1.300002449E+00  4.500000716E-01  2.919982205E+02  2.919982206E+02  5.590527210E-04  9.994409472E-01  5.780522470E-04  9.994219476E-01  2.305521120E-05  3.986124172E-02 
        17  2.090000552E+00  1.299991228E+00  2.640042717E+00  2.920007373E+02  2.920007456E+02  1.976322798E-05  9.999802293E-01  2.043525693E-05  9.999795573E-01  8.150390762E-07  3.988313754E-02 
        18  1.930000128E+00  1.300009553E+00  4.849983633E+00  2.920006791E+02  2.920006792E+02  5.478326377E-05  9.999452316E-01  5.664603611E-05  9.999433689E-01  2.259268779E-06  3.988170304E-02 
