nodenumber     x-coordinate     y-coordinate     z-coordinate      temperature total-temperature               n2              air         molef-n2        molef-air concentration-n2 concentration-air 
         1  1.180011401E+00  7.000440735E-01  4.499552279E-01  2.885229649E+02  2.885229650E+02  1.984959296E-01  8.015040685E-01  2.034665014E-01  7.965334967E-01  8.244254808E-03  3.212240616E-02 
         2  1.150002942E+00  1.299996259E+00  6.549998111E+00  2.919439857E+02  2.919439866E+02  5.835817371E-03  9.941641677E-01  6.033023983E-03  9.939669611E-01  2.406692831E-04  3.965103587E-02 
         3  2.599979183E-01  1.299834635E+00  4.769962194E+00  2.919588398E+02  2.919588402E+02  4.964869474E-03  9.950351147E-01  5.132825504E-03  9.948671587E-01  2.047471442E-04  3.968492831E-02 
         4  2.499957813E-01  1.300216226E+00  3.040010943E+00  2.919898571E+02  2.919898573E+02  1.847236427E-03  9.981527636E-01  1.909931417E-03  9.980900686E-01  7.617847236E-05  3.980926087E-02 
         5  1.179989316E+00  1.700000987E+00  4.500025386E-01  2.919796687E+02  2.919796689E+02  3.386153979E-03  9.966138230E-01  3.500896916E-03  9.964990800E-01  1.396396990E-04  3.974718957E-02 
         6  2.090000749E+00  1.699988964E+00  2.640041275E+00  2.919991331E+02  2.919991346E+02  2.618730657E-04  9.997381307E-01  2.707752533E-04  9.997292285E-01  1.079965721E-05  3.987337293E-02 
         7  1.929998960E+00  1.700096390E+00  4.850038151E+00  2.919899491E+02  2.919899495E+02  1.807947632E-03  9.981920542E-01  1.869303362E-03  9.981306985E-01  7.455817831E-05  3.981086874E-02 
         8  1.149997690E+00  1.699993700E+00  6.550001821E+00  2.919364289E+02  2.919364300E+02  6.513301087E-03  9.934866896E-01  6.733173783E-03  9.932668169E-01  2.686094308E-04  3.962412887E-02 
         9  2.599530306E-01  1.699784014E+00  4.769789816E+00  2.919500680E+02  2.919500686E+02  6.344369475E-03  9.936556326E-01  6.558691958E-03  9.934413101E-01  2.616321085E-04  3.962924328E-02 
        10  2.500325889E-01  1.700141952E+00  3.039603904E+00  2.919823194E+02  2.919823198E+02  3.107118705E-03  9.968928832E-01  3.212435104E-03  9.967875668E-01  1.281327587E-04  3.975833639E-02 
        11  2.090000512E+00  6.999920786E-01  2.640018387E+00  2.876915904E+02  2.876915914E+02  2.661125838E-01  7.338874311E-01  2.721570488E-01  7.278429661E-01  1.105378044E-02  2.942960058E-02 
        12  1.930000944E+00  7.000071781E-01  4.849993220E+00  2.889127720E+02  2.889127723E+02  1.824032474E-01  8.175967433E-01  1.872028129E-01  8.127971778E-01  7.564487934E-03  3.274688262E-02 
        13  1.149999460E+00  7.000041210E-01  6.549999896E+00  2.890558208E+02  2.890558216E+02  1.802302956E-01  8.197697119E-01  1.849302925E-01  8.150697150E-01  7.471637004E-03  3.281983748E-02 
        14  2.599937070E-01  6.999245510E-01  4.770022657E+00  2.883726494E+02  2.883726498E+02  2.353500747E-01  7.646499188E-01  2.411164404E-01  7.588835531E-01  9.760341338E-03  3.062675511E-02 
        15  2.500057384E-01  7.000450448E-01  3.040068823E+00  2.891545670E+02  2.891545678E+02  1.727063433E-01  8.272936623E-01  1.771307885E-01  8.228692171E-01  7.162512871E-03  3.311561456E-02 
        16  1.179999658E+00  1.300002449E+00  4.500000716E-01  2.919847813E+02  2.919847815E+02  2.564883116E-03  9.974351168E-01  2.651870094E-03  9.973481298E-01  1.057728693E-04  3.978035982E-02 
        17  2.090000552E+00  1.299991228E+00  2.640042717E+00  2.919999853E+02  2.919999922E+02  1.358321117E-04  9.998641604E-01  1.404500778E-04  9.998595425E-01  5.601728679E-06  3.987845355E-02 
        18  1.930000128E+00  1.300009553E+00  4.849983633E+00  2.919946028E+02  2.919946030E+02  9.953482596E-04  9.990046666E-01  1.029153240E-03  9.989708617E-01  4.104775543E-05  3.984374453E-02 
