nodenumber     x-coordinate     y-coordinate     z-coordinate      temperature total-temperature               n2              air         molef-n2        molef-air concentration-n2 concentration-air 
         1  1.180011401E+00  7.000440735E-01  4.499552279E-01  2.875809676E+02  2.875809678E+02  2.576095246E-01  7.423904736E-01  2.636546180E-01  7.363453801E-01  1.070956848E-02  2.978947561E-02 
         2  1.150002942E+00  1.299996259E+00  6.549998111E+00  2.919954179E+02  2.919954186E+02  6.029967487E-04  9.993969884E-01  6.234834496E-04  9.993765016E-01  2.486763544E-05  3.985981093E-02 
         3  2.599979183E-01  1.299834635E+00  4.769962194E+00  2.919752565E+02  2.919752567E+02  3.264721499E-03  9.967352627E-01  3.375343043E-03  9.966246411E-01  1.346346945E-04  3.975279794E-02 
         4  2.499957813E-01  1.300216226E+00  3.040010943E+00  2.919881543E+02  2.919881546E+02  2.091977854E-03  9.979080221E-01  2.162958837E-03  9.978370412E-01  8.627117425E-05  3.979940077E-02 
         5  1.179989316E+00  1.700000987E+00  4.500025386E-01  2.919857962E+02  2.919857964E+02  2.609378631E-03  9.973905983E-01  2.697871559E-03  9.973021054E-01  1.076072886E-04  3.977838493E-02 
         6  2.090000749E+00  1.699988964E+00  2.640041275E+00  2.919999424E+02  2.919999438E+02  1.331786208E-04  9.998668251E-01  1.377066308E-04  9.998622971E-01  5.492302629E-06  3.987856974E-02 
         7  1.929998960E+00  1.700096390E+00  4.850038151E+00  2.920006227E+02  2.920006232E+02  5.816803604E-06  9.999941851E-01  6.014601634E-06  9.999939873E-01  2.398861660E-07  3.988372908E-02 
         8  1.149997690E+00  1.699993700E+00  6.550001821E+00  2.919941799E+02  2.919941809E+02  7.172321534E-04  9.992827585E-01  7.415945457E-04  9.992583961E-01  2.957870920E-05  3.985526942E-02 
         9  2.599530306E-01  1.699784014E+00  4.769789816E+00  2.919697486E+02  2.919697489E+02  4.392653641E-03  9.956073485E-01  4.541344752E-03  9.954586573E-01  1.811461052E-04  3.970704039E-02 
        10  2.500325889E-01  1.700141952E+00  3.039603904E+00  2.919805654E+02  2.919805659E+02  3.466004190E-03  9.965339977E-01  3.583439784E-03  9.964165621E-01  1.429317364E-04  3.974377702E-02 
        11  2.090000512E+00  6.999920786E-01  2.640018387E+00  2.879059966E+02  2.879059974E+02  2.152218086E-01  7.847782063E-01  2.206353758E-01  7.793646391E-01  8.946389873E-03  3.150615948E-02 
        12  1.930000944E+00  7.000071781E-01  4.849993220E+00  2.884773109E+02  2.884773112E+02  1.998418009E-01  8.001581898E-01  2.047689926E-01  7.952309981E-01  8.303416723E-03  3.206996375E-02 
        13  1.149999460E+00  7.000041210E-01  6.549999896E+00  2.888870129E+02  2.888870134E+02  1.893285927E-01  8.106714147E-01  1.942278773E-01  8.057721302E-01  7.851572115E-03  3.246356217E-02 
        14  2.599937070E-01  6.999245510E-01  4.770022657E+00  2.891401799E+02  2.891401803E+02  1.592054262E-01  8.407945673E-01  1.635681340E-01  8.364318595E-01  6.602027994E-03  3.367743125E-02 
        15  2.500057384E-01  7.000450448E-01  3.040068823E+00  2.874649920E+02  2.874649924E+02  2.902571400E-01  7.097428655E-01  2.966908700E-01  7.033091356E-01  1.205577686E-02  2.845953424E-02 
        16  1.179999658E+00  1.300002449E+00  4.500000716E-01  2.919872244E+02  2.919872245E+02  2.354153908E-03  9.976458460E-01  2.434012115E-03  9.975659878E-01  9.708252648E-05  3.978871643E-02 
        17  2.090000552E+00  1.299991228E+00  2.640042717E+00  2.920005010E+02  2.920005084E+02  6.411158777E-05  9.999358810E-01  6.629148585E-05  9.999337011E-01  2.643970653E-06  3.988134087E-02 
        18  1.930000128E+00  1.300009553E+00  4.849983633E+00  2.920007834E+02  2.920007835E+02  6.278583848E-05  9.999372291E-01  6.492070182E-05  9.999350942E-01  2.589294054E-06  3.988135877E-02 
