nodenumber     x-coordinate     y-coordinate     z-coordinate      temperature total-temperature               n2              air         molef-n2        molef-air concentration-n2 concentration-air 
         1  1.180011401E+00  7.000440735E-01  4.499552279E-01  2.912235627E+02  2.912235628E+02  1.821365360E-02  9.817863445E-01  1.881737962E-02  9.811826185E-01  7.534081061E-04  3.923715387E-02 
         2  1.150002942E+00  1.299996259E+00  6.549998111E+00  2.920005499E+02  2.920005501E+02  9.236439795E-06  9.999907487E-01  9.550521802E-06  9.999904346E-01  3.809130472E-07  3.988359667E-02 
         3  2.599979183E-01  1.299834635E+00  4.769962194E+00  2.919949608E+02  2.919949609E+02  2.491068126E-04  9.997508774E-01  2.575752781E-04  9.997424089E-01  1.027334820E-05  3.987446758E-02 
         4  2.499957813E-01  1.300216226E+00  3.040010943E+00  2.919938961E+02  2.919938963E+02  3.969403578E-04  9.996030596E-01  4.104323681E-04  9.995895676E-01  1.637007752E-05  3.986851754E-02 
         5  1.179989316E+00  1.700000987E+00  4.500025386E-01  2.920005061E+02  2.920005062E+02  2.131366321E-05  9.999786633E-01  2.203841982E-05  9.999779385E-01  8.789800312E-07  3.988310393E-02 
         6  2.090000749E+00  1.699988964E+00  2.640041275E+00  2.919993154E+02  2.919993167E+02  3.185604200E-05  9.999681477E-01  3.293926781E-05  9.999670645E-01  1.313756067E-06  3.988283393E-02 
         7  1.929998960E+00  1.700096390E+00  4.850038151E+00  2.920006261E+02  2.920006263E+02  1.122970632E-08  9.999999906E-01  1.161157458E-08  9.999999903E-01  4.631156268E-10  3.988396804E-02 
         8  1.149997690E+00  1.699993700E+00  6.550001821E+00  2.920002987E+02  2.920002991E+02  1.068592940E-05  9.999893048E-01  1.104929856E-05  9.999889414E-01  4.406908332E-07  3.988357164E-02 
         9  2.599530306E-01  1.699784014E+00  4.769789816E+00  2.919999726E+02  2.919999729E+02  2.681821534E-05  9.999731839E-01  2.773014535E-05  9.999722720E-01  1.105990995E-06  3.988295180E-02 
        10  2.500325889E-01  1.700141952E+00  3.039603904E+00  2.920003021E+02  2.920003023E+02  2.242088402E-05  9.999775810E-01  2.318328330E-05  9.999768186E-01  9.246428144E-07  3.988308812E-02 
        11  2.090000512E+00  6.999920786E-01  2.640018387E+00  2.907371902E+02  2.907371914E+02  2.834964007E-02  9.716503748E-01  2.927551545E-02  9.707244995E-01  1.174470402E-03  3.888309344E-02 
        12  1.930000944E+00  7.000071781E-01  4.849993220E+00  2.909960724E+02  2.909960725E+02  3.471440687E-02  9.652855838E-01  3.584047269E-02  9.641595180E-01  1.435996515E-03  3.858585156E-02 
        13  1.149999460E+00  7.000041210E-01  6.549999896E+00  2.914756742E+02  2.914756745E+02  1.714685963E-02  9.828531478E-01  1.771048501E-02  9.822895224E-01  7.088360233E-04  3.924709413E-02 
        14  2.599937070E-01  6.999245510E-01  4.770022657E+00  2.913572549E+02  2.913572557E+02  1.611895209E-02  9.838810414E-01  1.665561382E-02  9.833443797E-01  6.662052722E-04  3.930590468E-02 
        15  2.500057384E-01  7.000450448E-01  3.040068823E+00  2.909423725E+02  2.909423728E+02  2.838978904E-02  9.716102165E-01  2.930946595E-02  9.706905396E-01  1.175400971E-03  3.885388241E-02 
        16  1.179999658E+00  1.300002449E+00  4.500000716E-01  2.919999435E+02  2.919999436E+02  8.004355758E-05  9.999199563E-01  8.276521653E-05  9.999172347E-01  3.301013568E-06  3.988076056E-02 
        17  2.090000552E+00  1.299991228E+00  2.640042717E+00  2.920003801E+02  2.920003878E+02  1.110943047E-05  9.999888831E-01  1.148720065E-05  9.999885053E-01  4.581561717E-07  3.988354321E-02 
        18  1.930000128E+00  1.300009553E+00  4.849983633E+00  2.920005804E+02  2.920005805E+02  6.404344226E-06  9.999936106E-01  6.622122710E-06  9.999933928E-01  2.641167254E-07  3.988371167E-02 
