nodenumber     x-coordinate     y-coordinate     z-coordinate      temperature total-temperature               n2              air         molef-n2        molef-air concentration-n2 concentration-air 
         1  1.180011401E+00  7.000440735E-01  4.499552279E-01  2.887015090E+02  2.887015093E+02  1.443848010E-01  8.556151971E-01  1.483245615E-01  8.516754366E-01  6.008723325E-03  3.433316472E-02 
         2  1.150002942E+00  1.299996259E+00  6.549998111E+00  2.919998357E+02  2.919998360E+02  9.364432194E-05  9.999063408E-01  9.682817070E-05  9.999031569E-01  3.861912479E-06  3.988021322E-02 
         3  2.599979183E-01  1.299834635E+00  4.769962194E+00  2.919832689E+02  2.919832691E+02  2.453967838E-03  9.975460163E-01  2.537185080E-03  9.974627991E-01  1.011995820E-04  3.978513846E-02 
         4  2.499957813E-01  1.300216226E+00  3.040010943E+00  2.919744960E+02  2.919744962E+02  3.193459041E-03  9.968065410E-01  3.301666168E-03  9.966983338E-01  1.316964031E-04  3.975584139E-02 
         5  1.179989316E+00  1.700000987E+00  4.500025386E-01  2.919964719E+02  2.919964721E+02  8.964875148E-04  9.991034894E-01  9.269441751E-04  9.990730328E-01  3.697074331E-05  3.984756320E-02 
         6  2.090000749E+00  1.699988964E+00  2.640041275E+00  2.920003740E+02  2.920003756E+02  4.376705792E-05  9.999562367E-01  4.525528592E-05  9.999547484E-01  1.804962216E-06  3.988219813E-02 
         7  1.929998960E+00  1.700096390E+00  4.850038151E+00  2.920006101E+02  2.920006104E+02  1.063171103E-05  9.999893702E-01  1.099323406E-05  9.999890086E-01  4.384538506E-07  3.988353224E-02 
         8  1.149997690E+00  1.699993700E+00  6.550001821E+00  2.919976408E+02  2.919976414E+02  2.724566548E-04  9.997275340E-01  2.817176860E-04  9.997182730E-01  1.123619060E-05  3.987313919E-02 
         9  2.599530306E-01  1.699784014E+00  4.769789816E+00  2.919961938E+02  2.919961943E+02  6.859892720E-04  9.993140128E-01  7.092878648E-04  9.992907142E-01  2.828995722E-05  3.985628398E-02 
        10  2.500325889E-01  1.700141952E+00  3.039603904E+00  2.919762950E+02  2.919762955E+02  3.792578225E-03  9.962074236E-01  3.921026310E-03  9.960789756E-01  1.563995573E-04  3.973089259E-02 
        11  2.090000512E+00  6.999920786E-01  2.640018387E+00  2.880845056E+02  2.880845064E+02  1.666221917E-01  8.333778232E-01  1.711438338E-01  8.288561811E-01  6.934643017E-03  3.349275829E-02 
        12  1.930000944E+00  7.000071781E-01  4.849993220E+00  2.885888919E+02  2.885888921E+02  1.664084404E-01  8.335915503E-01  1.708409067E-01  8.291590840E-01  6.918274395E-03  3.343899217E-02 
        13  1.149999460E+00  7.000041210E-01  6.549999896E+00  2.897957327E+02  2.897957332E+02  1.175286579E-01  8.824713495E-01  1.208496878E-01  8.791503196E-01  4.872670036E-03  3.531583730E-02 
        14  2.599937070E-01  6.999245510E-01  4.770022657E+00  2.891679170E+02  2.891679179E+02  1.277760711E-01  8.722239223E-01  1.314505619E-01  8.685494316E-01  5.304003745E-03  3.497146294E-02 
        15  2.500057384E-01  7.000450448E-01  3.040068823E+00  2.876624462E+02  2.876624466E+02  2.247772655E-01  7.752227400E-01  2.304301884E-01  7.695698172E-01  9.352019422E-03  3.113532066E-02 
        16  1.179999658E+00  1.300002449E+00  4.500000716E-01  2.919981534E+02  2.919981535E+02  5.841190979E-04  9.994158808E-01  6.039700057E-04  9.993960299E-01  2.408892825E-05  3.986021716E-02 
        17  2.090000552E+00  1.299991228E+00  2.640042717E+00  2.920007563E+02  2.920007642E+02  1.769659852E-05  9.999822960E-01  1.829835575E-05  9.999816942E-01  7.298109085E-07  3.988322017E-02 
        18  1.930000128E+00  1.300009553E+00  4.849983633E+00  2.920007195E+02  2.920007197E+02  4.609591504E-05  9.999539190E-01  4.766330801E-05  9.999523516E-01  1.901001653E-06  3.988205578E-02 
