nodenumber     x-coordinate     y-coordinate     z-coordinate      temperature total-temperature               n2              air         molef-n2        molef-air concentration-n2 concentration-air 
         1  1.180011401E+00  7.000440735E-01  4.499552279E-01  2.884634838E+02  2.884634840E+02  2.107272868E-01  7.892727113E-01  2.159408698E-01  7.840591283E-01  8.748318437E-03  3.162652235E-02 
         2  1.150002942E+00  1.299996259E+00  6.549998111E+00  2.919506985E+02  2.919506993E+02  5.083244765E-03  9.949167403E-01  5.255119754E-03  9.947448653E-01  2.096336762E-04  3.968115430E-02 
         3  2.599979183E-01  1.299834635E+00  4.769962194E+00  2.919677071E+02  2.919677075E+02  4.078010633E-03  9.959219735E-01  4.216085895E-03  9.957838983E-01  1.681738109E-04  3.972029018E-02 
         4  2.499957813E-01  1.300216226E+00  3.040010943E+00  2.919818135E+02  2.919818137E+02  2.840065615E-03  9.971599344E-01  2.936356285E-03  9.970636437E-01  1.171211874E-04  3.976941693E-02 
         5  1.179989316E+00  1.700000987E+00  4.500025386E-01  2.919788936E+02  2.919788938E+02  3.445851701E-03  9.965541252E-01  3.562609833E-03  9.964373671E-01  1.421016230E-04  3.974483353E-02 
         6  2.090000749E+00  1.699988964E+00  2.640041275E+00  2.919996377E+02  2.919996393E+02  1.871944215E-04  9.998128093E-01  1.935583926E-04  9.998064453E-01  7.719910529E-06  3.987638375E-02 
         7  1.929998960E+00  1.700096390E+00  4.850038151E+00  2.919905605E+02  2.919905608E+02  1.747436128E-03  9.982525657E-01  1.806743531E-03  9.981932583E-01  7.206275488E-05  3.981328066E-02 
         8  1.149997690E+00  1.699993700E+00  6.550001821E+00  2.919339012E+02  2.919339023E+02  6.808994950E-03  9.931909957E-01  7.038805734E-03  9.929611850E-01  2.808033794E-04  3.961228030E-02 
         9  2.599530306E-01  1.699784014E+00  4.769789816E+00  2.919633486E+02  2.919633491E+02  4.894437950E-03  9.951055641E-01  5.060027485E-03  9.949399746E-01  2.018398996E-04  3.968722096E-02 
        10  2.500325889E-01  1.700141952E+00  3.039603904E+00  2.919723266E+02  2.919723270E+02  4.316212971E-03  9.956837889E-01  4.462320631E-03  9.955376812E-01  1.779926383E-04  3.970984165E-02 
        11  2.090000512E+00  6.999920786E-01  2.640018387E+00  2.873353841E+02  2.873353850E+02  2.893521074E-01  7.106479075E-01  2.956451193E-01  7.043548956E-01  1.202690002E-02  2.850713503E-02 
        12  1.930000944E+00  7.000071781E-01  4.849993220E+00  2.889912576E+02  2.889912580E+02  1.815316060E-01  8.184683847E-01  1.862685508E-01  8.137314399E-01  7.527299316E-03  3.277322438E-02 
        13  1.149999460E+00  7.000041210E-01  6.549999896E+00  2.890310928E+02  2.890310933E+02  1.829587086E-01  8.170412989E-01  1.876914826E-01  8.123085249E-01  7.585058830E-03  3.270993593E-02 
        14  2.599937070E-01  6.999245510E-01  4.770022657E+00  2.881380614E+02  2.881380616E+02  2.436018611E-01  7.563981324E-01  2.495906342E-01  7.504093593E-01  1.010493100E-02  3.031469663E-02 
        15  2.500057384E-01  7.000450448E-01  3.040068823E+00  2.891384331E+02  2.891384337E+02  1.712836060E-01  8.287163996E-01  1.757848001E-01  8.242152055E-01  7.102287259E-03  3.317778958E-02 
        16  1.179999658E+00  1.300002449E+00  4.500000716E-01  2.919841255E+02  2.919841257E+02  2.668301789E-03  9.973316981E-01  2.758786861E-03  9.972412130E-01  1.100376048E-04  3.977618467E-02 
        17  2.090000552E+00  1.299991228E+00  2.640042717E+00  2.920002698E+02  2.920002763E+02  9.882149585E-05  9.999011711E-01  1.021813446E-04  9.998978112E-01  4.075408470E-06  3.987994102E-02 
        18  1.930000128E+00  1.300009553E+00  4.849983633E+00  2.919951260E+02  2.919951262E+02  9.222769550E-04  9.990777379E-01  9.536053296E-04  9.990464096E-01  3.803438368E-05  3.984668642E-02 
