nodenumber     x-coordinate     y-coordinate     z-coordinate      temperature total-temperature               n2              air         molef-n2        molef-air concentration-n2 concentration-air 
         1  1.180011401E+00  7.000440735E-01  4.499552279E-01  2.886699976E+02  2.886699977E+02  1.894094855E-01  8.105905127E-01  1.941509348E-01  8.058490634E-01  7.867650717E-03  3.247866910E-02 
         2  1.150002942E+00  1.299996259E+00  6.549998111E+00  2.919471218E+02  2.919471226E+02  5.444610637E-03  9.945553745E-01  5.628639804E-03  9.943713453E-01  2.245364928E-04  3.966674019E-02 
         3  2.599979183E-01  1.299834635E+00  4.769962194E+00  2.919552424E+02  2.919552427E+02  5.336620826E-03  9.946633633E-01  5.517060064E-03  9.944829241E-01  2.200778529E-04  3.967008915E-02 
         4  2.499957813E-01  1.300216226E+00  3.040010943E+00  2.919894099E+02  2.919894101E+02  1.885966290E-03  9.981140337E-01  1.949972683E-03  9.980500273E-01  7.777568066E-05  3.980772474E-02 
         5  1.179989316E+00  1.700000987E+00  4.500025386E-01  2.919801839E+02  2.919801841E+02  3.351332411E-03  9.966486445E-01  3.464899535E-03  9.965350774E-01  1.382036347E-04  3.974855525E-02 
         6  2.090000749E+00  1.699988964E+00  2.640041275E+00  2.919987329E+02  2.919987344E+02  3.349063210E-04  9.996650974E-01  3.462905445E-04  9.996537132E-01  1.381153970E-05  3.987041571E-02 
         7  1.929998960E+00  1.700096390E+00  4.850038151E+00  2.919899556E+02  2.919899560E+02  1.821671130E-03  9.981783307E-01  1.883485204E-03  9.981165167E-01  7.512400042E-05  3.981030204E-02 
         8  1.149997690E+00  1.699993700E+00  6.550001821E+00  2.919473730E+02  2.919473742E+02  5.340048362E-03  9.946599423E-01  5.520485730E-03  9.944795050E-01  2.202250206E-04  3.967101788E-02 
         9  2.599530306E-01  1.699784014E+00  4.769789816E+00  2.919521810E+02  2.919521815E+02  6.092663237E-03  9.939073389E-01  6.298538273E-03  9.937014638E-01  2.512524672E-04  3.963933421E-02 
        10  2.500325889E-01  1.700141952E+00  3.039603904E+00  2.919850043E+02  2.919850047E+02  2.713112651E-03  9.972868892E-01  2.805112396E-03  9.971948895E-01  1.118850348E-04  3.977421735E-02 
        11  2.090000512E+00  6.999920786E-01  2.640018387E+00  2.877733037E+02  2.877733047E+02  2.605943224E-01  7.394056925E-01  2.664760511E-01  7.335239638E-01  1.082592726E-02  2.964624966E-02 
        12  1.930000944E+00  7.000071781E-01  4.849993220E+00  2.886902457E+02  2.886902460E+02  1.909566169E-01  8.090433738E-01  1.959157797E-01  8.040842110E-01  7.923605843E-03  3.241895296E-02 
        13  1.149999460E+00  7.000041210E-01  6.549999896E+00  2.893657446E+02  2.893657452E+02  1.607695898E-01  8.392304176E-01  1.650596327E-01  8.349403747E-01  6.662534789E-03  3.358571290E-02 
        14  2.599937070E-01  6.999245510E-01  4.770022657E+00  2.883695464E+02  2.883695471E+02  2.348365054E-01  7.651634880E-01  2.406503525E-01  7.593496410E-01  9.737472634E-03  3.064981517E-02 
        15  2.500057384E-01  7.000450448E-01  3.040068823E+00  2.887499393E+02  2.887499399E+02  1.959897422E-01  8.040102634E-01  2.010114006E-01  7.989886050E-01  8.129017232E-03  3.220520451E-02 
        16  1.179999658E+00  1.300002449E+00  4.500000716E-01  2.919843216E+02  2.919843218E+02  2.647758350E-03  9.973522415E-01  2.737548608E-03  9.972624513E-01  1.091904187E-04  3.977700506E-02 
        17  2.090000552E+00  1.299991228E+00  2.640042717E+00  2.919999134E+02  2.919999203E+02  1.506914882E-04  9.998493011E-01  1.558145827E-04  9.998441780E-01  6.214529321E-06  3.987785058E-02 
        18  1.930000128E+00  1.300009553E+00  4.849983633E+00  2.919937489E+02  2.919937490E+02  1.119035805E-03  9.988809791E-01  1.157038339E-03  9.988429766E-01  4.614854458E-05  3.983876038E-02 
