nodenumber     x-coordinate     y-coordinate     z-coordinate      temperature total-temperature               n2              air         molef-n2        molef-air concentration-n2 concentration-air 
         1  1.180011401E+00  7.000440735E-01  4.499552279E-01  2.882962931E+02  2.882962932E+02  1.929417067E-01  8.070582915E-01  1.978664805E-01  8.021335176E-01  8.022073150E-03  3.237638922E-02 
         2  1.150002942E+00  1.299996259E+00  6.549998111E+00  2.919992538E+02  2.919992543E+02  1.676342232E-04  9.998323509E-01  1.733329999E-04  9.998266521E-01  6.913266020E-06  3.987724134E-02 
         3  2.599979183E-01  1.299834635E+00  4.769962194E+00  2.919771973E+02  2.919771974E+02  3.097462510E-03  9.969025217E-01  3.202449218E-03  9.967975349E-01  1.277368477E-04  3.975943063E-02 
         4  2.499957813E-01  1.300216226E+00  3.040010943E+00  2.919857622E+02  2.919857624E+02  2.276562903E-03  9.977234371E-01  2.353785281E-03  9.976462147E-01  9.388338015E-05  3.979211533E-02 
         5  1.179989316E+00  1.700000987E+00  4.500025386E-01  2.919943035E+02  2.919943037E+02  1.239159839E-03  9.987608171E-01  1.281243297E-03  9.987187337E-01  5.110218174E-05  3.983372795E-02 
         6  2.090000749E+00  1.699988964E+00  2.640041275E+00  2.920000664E+02  2.920000680E+02  1.079346537E-04  9.998920691E-01  1.116044611E-04  9.998883993E-01  4.451239786E-06  3.987959386E-02 
         7  1.929998960E+00  1.700096390E+00  4.850038151E+00  2.920005948E+02  2.920005952E+02  2.876439972E-05  9.999712375E-01  2.974247781E-05  9.999702594E-01  1.186248286E-06  3.988278654E-02 
         8  1.149997690E+00  1.699993700E+00  6.550001821E+00  2.919985952E+02  2.919985959E+02  2.110511833E-04  9.997889395E-01  2.182252224E-04  9.997817655E-01  8.703795425E-06  3.987554122E-02 
         9  2.599530306E-01  1.699784014E+00  4.769789816E+00  2.919619162E+02  2.919619167E+02  5.557439730E-03  9.944425624E-01  5.745322937E-03  9.942546792E-01  2.291770684E-04  3.966007951E-02 
        10  2.500325889E-01  1.700141952E+00  3.039603904E+00  2.919835212E+02  2.919835216E+02  3.034196513E-03  9.969658053E-01  3.137044543E-03  9.968629573E-01  1.251252687E-04  3.976117971E-02 
        11  2.090000512E+00  6.999920786E-01  2.640018387E+00  2.879534268E+02  2.879534282E+02  2.106350400E-01  7.893649749E-01  2.158866991E-01  7.841133158E-01  8.757742586E-03  3.168844159E-02 
        12  1.930000944E+00  7.000071781E-01  4.849993220E+00  2.883479720E+02  2.883479723E+02  1.934687682E-01  8.065312225E-01  1.984168774E-01  8.015831133E-01  8.040852686E-03  3.235014360E-02 
        13  1.149999460E+00  7.000041210E-01  6.549999896E+00  2.887279419E+02  2.887279425E+02  1.928397993E-01  8.071602082E-01  1.977435516E-01  8.022564558E-01  8.003691987E-03  3.233407358E-02 
        14  2.599937070E-01  6.999245510E-01  4.770022657E+00  2.890297167E+02  2.890297174E+02  1.577813255E-01  8.422186679E-01  1.621179854E-01  8.378820080E-01  6.546079494E-03  3.374880767E-02 
        15  2.500057384E-01  7.000450448E-01  3.040068823E+00  2.876465874E+02  2.876465876E+02  2.570568825E-01  7.429431231E-01  2.631981226E-01  7.368018830E-01  1.068079678E-02  2.980853040E-02 
        16  1.179999658E+00  1.300002449E+00  4.500000716E-01  2.919967682E+02  2.919967683E+02  8.098978424E-04  9.991901020E-01  8.374153137E-04  9.991625846E-01  3.339989169E-05  3.985109541E-02 
        17  2.090000552E+00  1.299991228E+00  2.640042717E+00  2.920005310E+02  2.920005389E+02  5.435123032E-05  9.999456413E-01  5.619928006E-05  9.999437933E-01  2.241452752E-06  3.988173930E-02 
        18  1.930000128E+00  1.300009553E+00  4.849983633E+00  2.920007331E+02  2.920007332E+02  7.882429734E-05  9.999211906E-01  8.150445938E-05  9.999185104E-01  3.250720480E-06  3.988070422E-02 
