nodenumber     x-coordinate     y-coordinate     z-coordinate      temperature total-temperature               n2              air         molef-n2        molef-air concentration-n2 concentration-air 
         1  1.180011401E+00  7.000440735E-01  4.499552279E-01  2.885689354E+02  2.885689358E+02  1.608669984E-01  8.391329998E-01  1.651695516E-01  8.348304465E-01  6.691214306E-03  3.366900348E-02 
         2  1.150002942E+00  1.299996259E+00  6.549998111E+00  2.919997934E+02  2.919997939E+02  1.037473106E-04  9.998962378E-01  1.072745921E-04  9.998927105E-01  4.278560452E-06  3.987980234E-02 
         3  2.599979183E-01  1.299834635E+00  4.769962194E+00  2.919888188E+02  2.919888191E+02  1.577314277E-03  9.984226699E-01  1.630833208E-03  9.983691510E-01  6.504771431E-05  3.982053221E-02 
         4  2.499957813E-01  1.300216226E+00  3.040010943E+00  2.919718026E+02  2.919718028E+02  3.620955621E-03  9.963790444E-01  3.743586366E-03  9.962564136E-01  1.493252590E-04  3.973858050E-02 
         5  1.179989316E+00  1.700000987E+00  4.500025386E-01  2.919980115E+02  2.919980117E+02  6.081162235E-04  9.993918607E-01  6.287813518E-04  9.993711956E-01  2.507853979E-05  3.985924511E-02 
         6  2.090000749E+00  1.699988964E+00  2.640041275E+00  2.920004153E+02  2.920004169E+02  4.574428806E-05  9.999542594E-01  4.729974052E-05  9.999527040E-01  1.886503039E-06  3.988211094E-02 
         7  1.929998960E+00  1.700096390E+00  4.850038151E+00  2.920006288E+02  2.920006291E+02  2.523112133E-05  9.999747707E-01  2.608906959E-05  9.999739128E-01  1.040535583E-06  3.988292760E-02 
         8  1.149997690E+00  1.699993700E+00  6.550001821E+00  2.919986601E+02  2.919986607E+02  1.938106885E-04  9.998061800E-01  2.003989578E-04  9.997995917E-01  7.992799206E-06  3.987624336E-02 
         9  2.599530306E-01  1.699784014E+00  4.769789816E+00  2.919983719E+02  2.919983724E+02  3.392942563E-04  9.996607078E-01  3.508271249E-04  9.996491750E-01  1.399250927E-05  3.987028392E-02 
        10  2.500325889E-01  1.700141952E+00  3.039603904E+00  2.919641943E+02  2.919641948E+02  5.217576207E-03  9.947824257E-01  5.393980584E-03  9.946060213E-01  2.151621970E-04  3.967378315E-02 
        11  2.090000512E+00  6.999920786E-01  2.640018387E+00  2.877350805E+02  2.877350816E+02  2.104138457E-01  7.895861692E-01  2.156736567E-01  7.843263582E-01  8.756092909E-03  3.172088606E-02 
        12  1.930000944E+00  7.000071781E-01  4.849993220E+00  2.885270516E+02  2.885270518E+02  1.780055002E-01  8.219944905E-01  1.827017516E-01  8.172982391E-01  7.396698106E-03  3.296900287E-02 
        13  1.149999460E+00  7.000041210E-01  6.549999896E+00  2.889069692E+02  2.889069699E+02  1.734348597E-01  8.265651477E-01  1.780291736E-01  8.219708339E-01  7.197042278E-03  3.311535448E-02 
        14  2.599937070E-01  6.999245510E-01  4.770022657E+00  2.889542225E+02  2.889542232E+02  1.520477354E-01  8.479522581E-01  1.562404482E-01  8.437595453E-01  6.312069795E-03  3.399345122E-02 
        15  2.500057384E-01  7.000450448E-01  3.040068823E+00  2.878295837E+02  2.878295841E+02  2.268736590E-01  7.731263466E-01  2.324722187E-01  7.675277868E-01  9.434002563E-03  3.102988107E-02 
        16  1.179999658E+00  1.300002449E+00  4.500000716E-01  2.919966943E+02  2.919966944E+02  8.100283440E-04  9.991899715E-01  8.375501452E-04  9.991624497E-01  3.340528109E-05  3.985110012E-02 
        17  2.090000552E+00  1.299991228E+00  2.640042717E+00  2.920007388E+02  2.920007465E+02  2.317891240E-05  9.999768136E-01  2.396708128E-05  9.999760255E-01  9.559022657E-07  3.988299646E-02 
        18  1.930000128E+00  1.300009553E+00  4.849983633E+00  2.920007306E+02  2.920007307E+02  5.728305139E-05  9.999427318E-01  5.923082833E-05  9.999407841E-01  2.362359986E-06  3.988159292E-02 
