nodenumber     x-coordinate     y-coordinate     z-coordinate      temperature total-temperature               n2              air         molef-n2        molef-air concentration-n2 concentration-air 
         1  1.180011401E+00  7.000440735E-01  4.499552279E-01  2.907969574E+02  2.907969576E+02  3.153374149E-02  9.684662566E-01  3.254410311E-02  9.674558950E-01  1.307770381E-03  3.874187179E-02 
         2  1.150002942E+00  1.299996259E+00  6.549998111E+00  2.920007289E+02  2.920007292E+02  6.860130778E-06  9.999931250E-01  7.093407933E-06  9.999928917E-01  2.829132499E-07  3.988367021E-02 
         3  2.599979183E-01  1.299834635E+00  4.769962194E+00  2.919988253E+02  2.919988254E+02  1.243755907E-04  9.998756086E-01  1.286043425E-04  9.998713798E-01  5.129290497E-06  3.987908378E-02 
         4  2.499957813E-01  1.300216226E+00  3.040010943E+00  2.919954005E+02  2.919954007E+02  1.427711722E-03  9.985722883E-01  1.476185182E-03  9.985238148E-01  5.887726403E-05  3.982580487E-02 
         5  1.179989316E+00  1.700000987E+00  4.500025386E-01  2.920004384E+02  2.920004387E+02  4.880846433E-05  9.999511685E-01  5.046809277E-05  9.999495089E-01  2.012869453E-06  3.988197928E-02 
         6  2.090000749E+00  1.699988964E+00  2.640041275E+00  2.920002617E+02  2.920002631E+02  1.661993493E-05  9.999833838E-01  1.718508725E-05  9.999828186E-01  6.854105130E-07  3.988333302E-02 
         7  1.929998960E+00  1.700096390E+00  4.850038151E+00  2.920006256E+02  2.920006259E+02  1.147585174E-08  9.999999904E-01  1.186609022E-08  9.999999900E-01  4.732667172E-10  3.988396809E-02 
         8  1.149997690E+00  1.699993700E+00  6.550001821E+00  2.920003889E+02  2.920003894E+02  1.332952814E-05  9.999866612E-01  1.378278879E-05  9.999862079E-01  5.497131866E-07  3.988345030E-02 
         9  2.599530306E-01  1.699784014E+00  4.769789816E+00  2.920005915E+02  2.920005918E+02  2.356686667E-06  9.999976454E-01  2.436825958E-06  9.999975653E-01  9.719030052E-08  3.988387606E-02 
        10  2.500325889E-01  1.700141952E+00  3.039603904E+00  2.920000988E+02  2.920000990E+02  1.617026548E-04  9.998382992E-01  1.671990082E-04  9.998328029E-01  6.668593635E-06  3.987737194E-02 
        11  2.090000512E+00  6.999920786E-01  2.640018387E+00  2.903156734E+02  2.903156742E+02  4.753238422E-02  9.524676307E-01  4.903929245E-02  9.509607225E-01  1.971090826E-03  3.814479795E-02 
        12  1.930000944E+00  7.000071781E-01  4.849993220E+00  2.909307654E+02  2.909307660E+02  2.837466460E-02  9.716253261E-01  2.928232701E-02  9.707176637E-01  1.176656653E-03  3.885454177E-02 
        13  1.149999460E+00  7.000041210E-01  6.549999896E+00  2.911481555E+02  2.911481561E+02  3.007693407E-02  9.699230734E-01  3.104029061E-02  9.689597168E-01  1.244799098E-03  3.875624562E-02 
        14  2.599937070E-01  6.999245510E-01  4.770022657E+00  2.909529774E+02  2.909529777E+02  2.998019561E-02  9.700197979E-01  3.095457442E-02  9.690454191E-01  1.241188015E-03  3.878667079E-02 
        15  2.500057384E-01  7.000450448E-01  3.040068823E+00  2.907615308E+02  2.907615310E+02  4.879917231E-02  9.512008333E-01  5.033353246E-02  9.496664731E-01  2.020927133E-03  3.803348887E-02 
        16  1.179999658E+00  1.300002449E+00  4.500000716E-01  2.920001212E+02  2.920001213E+02  1.554594152E-04  9.998445405E-01  1.607449407E-04  9.998392549E-01  6.411158233E-06  3.987762616E-02 
        17  2.090000552E+00  1.299991228E+00  2.640042717E+00  2.920007161E+02  2.920007234E+02  6.104084669E-06  9.999938885E-01  6.311652799E-06  9.999936809E-01  2.517337901E-07  3.988370374E-02 
        18  1.930000128E+00  1.300009553E+00  4.849983633E+00  2.920007037E+02  2.920007038E+02  8.082426186E-06  9.999919325E-01  8.357266801E-06  9.999916576E-01  3.333209704E-07  3.988362562E-02 
