nodenumber     x-coordinate     y-coordinate     z-coordinate      temperature total-temperature               n2              air         molef-n2        molef-air concentration-n2 concentration-air 
         1  1.180011401E+00  7.000440735E-01  4.499552279E-01  2.919390726E+02  2.919390727E+02  9.794557597E-04  9.990205424E-01  1.012724266E-03  9.989872739E-01  4.040092433E-05  3.985197674E-02 
         2  1.150002942E+00  1.299996259E+00  6.549998111E+00  2.919372241E+02  2.919372251E+02  9.526022650E-04  9.990473828E-01  9.849626803E-04  9.990150224E-01  3.929303790E-05  3.985333606E-02 
         3  2.599979183E-01  1.299834635E+00  4.769962194E+00  2.919391847E+02  2.919391848E+02  1.043052359E-03  9.989569318E-01  1.078475417E-03  9.989215088E-01  4.302400237E-05  3.984933718E-02 
         4  2.499957813E-01  1.300216226E+00  3.040010943E+00  2.919660895E+02  2.919660896E+02  1.041303016E-03  9.989586970E-01  1.076666927E-03  9.989233331E-01  4.294747591E-05  3.984573879E-02 
         5  1.179989316E+00  1.700000987E+00  4.500025386E-01  2.919996361E+02  2.919996362E+02  1.216246540E-05  9.999878145E-01  1.257604659E-05  9.999874009E-01  5.015844867E-07  3.988360015E-02 
         6  2.090000749E+00  1.699988964E+00  2.640041275E+00  2.919970396E+02  2.919970409E+02  6.357062766E-05  9.999364331E-01  6.573210562E-05  9.999342716E-01  2.621713379E-06  3.988183683E-02 
         7  1.929998960E+00  1.700096390E+00  4.850038151E+00  2.919973931E+02  2.919973933E+02  5.506089504E-05  9.999449410E-01  5.693311932E-05  9.999430687E-01  2.270750029E-06  3.988213935E-02 
         8  1.149997690E+00  1.699993700E+00  6.550001821E+00  2.919917052E+02  2.919917059E+02  1.289235492E-04  9.998710671E-01  1.333069571E-04  9.998666837E-01  5.316994013E-06  3.987986916E-02 
         9  2.599530306E-01  1.699784014E+00  4.769789816E+00  2.919811092E+02  2.919811095E+02  3.213507916E-04  9.996786513E-01  3.322744115E-04  9.996677277E-01  1.325338703E-05  3.987338112E-02 
        10  2.500325889E-01  1.700141952E+00  3.039603904E+00  2.919887790E+02  2.919887793E+02  7.586156417E-04  9.992413862E-01  7.843891020E-04  9.992156128E-01  3.128603096E-05  3.985430073E-02 
        11  2.090000512E+00  6.999920786E-01  2.640018387E+00  2.910246072E+02  2.910246075E+02  1.453122640E-02  9.854687885E-01  1.501778768E-02  9.849822272E-01  6.009931717E-04  3.941674221E-02 
        12  1.930000944E+00  7.000071781E-01  4.849993220E+00  2.914976410E+02  2.914976445E+02  7.483936179E-03  9.925160545E-01  7.735962092E-03  9.922640286E-01  3.091958914E-04  3.964361716E-02 
        13  1.149999460E+00  7.000041210E-01  6.549999896E+00  2.915551208E+02  2.915551220E+02  9.109102470E-03  9.908909050E-01  9.414375530E-03  9.905856319E-01  3.763421773E-04  3.956861367E-02 
        14  2.599937070E-01  6.999245510E-01  4.770022657E+00  2.916264288E+02  2.916264294E+02  7.538183968E-03  9.924618095E-01  7.792391489E-03  9.922076020E-01  3.112129993E-04  3.962393499E-02 
        15  2.500057384E-01  7.000450448E-01  3.040068823E+00  2.914304785E+02  2.914304786E+02  8.983459258E-03  9.910165463E-01  9.285918159E-03  9.907140874E-01  3.711411061E-04  3.959087061E-02 
        16  1.179999658E+00  1.300002449E+00  4.500000716E-01  2.919921212E+02  2.919921214E+02  1.123289982E-04  9.998876709E-01  1.161483055E-04  9.998838516E-01  4.632595509E-06  3.988049746E-02 
        17  2.090000552E+00  1.299991228E+00  2.640042717E+00  2.919937104E+02  2.919937154E+02  1.154831271E-04  9.998845094E-01  1.194094762E-04  9.998805831E-01  4.762684677E-06  3.988014972E-02 
        18  1.930000128E+00  1.300009553E+00  4.849983633E+00  2.919933968E+02  2.919933969E+02  1.061534986E-04  9.998938614E-01  1.097628507E-04  9.998902521E-01  4.377892774E-06  3.988057912E-02 
