nodenumber     x-coordinate     y-coordinate     z-coordinate      temperature total-temperature               n2              air         molef-n2        molef-air concentration-n2 concentration-air 
         1  1.180011401E+00  7.000440735E-01  4.499552279E-01  2.889343371E+02  2.889343372E+02  1.329060564E-01  8.670939417E-01  1.366088636E-01  8.633911346E-01  5.527025012E-03  3.478195152E-02 
         2  1.150002942E+00  1.299996259E+00  6.549998111E+00  2.920003875E+02  2.920003879E+02  4.479348897E-05  9.999551916E-01  4.631657590E-05  9.999536685E-01  1.847292589E-06  3.988215246E-02 
         3  2.599979183E-01  1.299834635E+00  4.769962194E+00  2.919952797E+02  2.919952800E+02  7.441896542E-04  9.992557945E-01  7.694705906E-04  9.992305136E-01  3.069027837E-05  3.985400709E-02 
         4  2.499957813E-01  1.300216226E+00  3.040010943E+00  2.919814985E+02  2.919814987E+02  2.435491469E-03  9.975645085E-01  2.518096555E-03  9.974819034E-01  1.004384926E-04  3.978614266E-02 
         5  1.179989316E+00  1.700000987E+00  4.500025386E-01  2.919976659E+02  2.919976660E+02  7.245199417E-04  9.992754570E-01  7.491385573E-04  9.992508384E-01  2.987892733E-05  3.985449193E-02 
         6  2.090000749E+00  1.699988964E+00  2.640041275E+00  2.920004200E+02  2.920004214E+02  5.465790046E-05  9.999453458E-01  5.651643636E-05  9.999434873E-01  2.254101541E-06  3.988174271E-02 
         7  1.929998960E+00  1.700096390E+00  4.850038151E+00  2.920006159E+02  2.920006162E+02  8.990305717E-06  9.999910116E-01  9.296016812E-06  9.999907058E-01  3.707620506E-07  3.988359913E-02 
         8  1.149997690E+00  1.699993700E+00  6.550001821E+00  2.919999039E+02  2.919999045E+02  7.029352035E-05  9.999296972E-01  7.268350587E-05  9.999273072E-01  2.898921372E-06  3.988116734E-02 
         9  2.599530306E-01  1.699784014E+00  4.769789816E+00  2.919997420E+02  2.919997424E+02  1.283065615E-04  9.998716955E-01  1.326688966E-04  9.998673332E-01  5.291382884E-06  3.987879790E-02 
        10  2.500325889E-01  1.700141952E+00  3.039603904E+00  2.919793095E+02  2.919793101E+02  3.615694066E-03  9.963843078E-01  3.738174601E-03  9.962618273E-01  1.491044227E-04  3.973777590E-02 
        11  2.090000512E+00  6.999920786E-01  2.640018387E+00  2.884345070E+02  2.884345080E+02  1.562660786E-01  8.437339363E-01  1.604950718E-01  8.395049431E-01  6.500011297E-03  3.387852592E-02 
        12  1.930000944E+00  7.000071781E-01  4.849993220E+00  2.884916310E+02  2.884916311E+02  1.635118963E-01  8.364880944E-01  1.678951764E-01  8.321048143E-01  6.801187277E-03  3.356972781E-02 
        13  1.149999460E+00  7.000041210E-01  6.549999896E+00  2.895246909E+02  2.895246915E+02  1.286831792E-01  8.713168282E-01  1.323518209E-01  8.676481865E-01  5.334805297E-03  3.489099810E-02 
        14  2.599937070E-01  6.999245510E-01  4.770022657E+00  2.892187276E+02  2.892187280E+02  1.216889892E-01  8.783110043E-01  1.252015568E-01  8.747984367E-01  5.052630911E-03  3.521589162E-02 
        15  2.500057384E-01  7.000450448E-01  3.040068823E+00  2.886659445E+02  2.886659449E+02  1.645799777E-01  8.354200279E-01  1.689453048E-01  8.310547008E-01  6.843773139E-03  3.350314950E-02 
        16  1.179999658E+00  1.300002449E+00  4.500000716E-01  2.919986037E+02  2.919986038E+02  5.556495193E-04  9.994443504E-01  5.745335285E-04  9.994254664E-01  2.291483807E-05  3.986132975E-02 
        17  2.090000552E+00  1.299991228E+00  2.640042717E+00  2.920007843E+02  2.920007921E+02  1.992867696E-05  9.999800639E-01  2.060633426E-05  9.999793862E-01  8.218620690E-07  3.988312429E-02 
        18  1.930000128E+00  1.300009553E+00  4.849983633E+00  2.920008137E+02  2.920008138E+02  2.926151073E-05  9.999707534E-01  3.025651703E-05  9.999697584E-01  1.206749208E-06  3.988273718E-02 
