nodenumber     x-coordinate     y-coordinate     z-coordinate      temperature total-temperature               n2              air         molef-n2        molef-air concentration-n2 concentration-air 
         1  1.180011401E+00  7.000440735E-01  4.499552279E-01  2.904723556E+02  2.904723558E+02  4.158156654E-02  9.584184316E-01  4.289675492E-02  9.571032432E-01  1.726063496E-03  3.836855880E-02 
         2  1.150002942E+00  1.299996259E+00  6.549998111E+00  2.920007302E+02  2.920007305E+02  8.599644056E-06  9.999913855E-01  8.892071928E-06  9.999910930E-01  3.546511102E-07  3.988359830E-02 
         3  2.599979183E-01  1.299834635E+00  4.769962194E+00  2.919982648E+02  2.919982650E+02  1.927813014E-04  9.998072029E-01  1.993352636E-04  9.998006489E-01  7.950360798E-06  3.987633926E-02 
         4  2.499957813E-01  1.300216226E+00  3.040010943E+00  2.919968137E+02  2.919968140E+02  1.005726259E-03  9.989942737E-01  1.039887813E-03  9.989601122E-01  4.147546161E-05  3.984301363E-02 
         5  1.179989316E+00  1.700000987E+00  4.500025386E-01  2.920002557E+02  2.920002559E+02  1.142978065E-04  9.998856791E-01  1.181839697E-04  9.998817930E-01  4.713652769E-06  3.987930346E-02 
         6  2.090000749E+00  1.699988964E+00  2.640041275E+00  2.920004845E+02  2.920004858E+02  1.110074564E-05  9.999889030E-01  1.147822322E-05  9.999885255E-01  4.577973689E-07  3.988353020E-02 
         7  1.929998960E+00  1.700096390E+00  4.850038151E+00  2.920006249E+02  2.920006251E+02  3.807764313E-07  9.999996211E-01  3.937247872E-07  9.999996081E-01  1.570330579E-08  3.988395297E-02 
         8  1.149997690E+00  1.699993700E+00  6.550001821E+00  2.920003506E+02  2.920003511E+02  1.894989399E-05  9.999810408E-01  1.959426393E-05  9.999803964E-01  7.814984296E-07  3.988322374E-02 
         9  2.599530306E-01  1.699784014E+00  4.769789816E+00  2.920005737E+02  2.920005740E+02  4.612267172E-06  9.999953898E-01  4.769107197E-06  9.999952330E-01  1.902109569E-07  3.988378547E-02 
        10  2.500325889E-01  1.700141952E+00  3.039603904E+00  2.919986331E+02  2.919986333E+02  4.161617934E-04  9.995838401E-01  4.303031968E-04  9.995696987E-01  1.716240262E-05  3.986707833E-02 
        11  2.090000512E+00  6.999920786E-01  2.640018387E+00  2.899534638E+02  2.899534647E+02  7.336681814E-02  9.266331968E-01  7.558919759E-02  9.244108173E-01  3.044224585E-03  3.712210561E-02 
        12  1.930000944E+00  7.000071781E-01  4.849993220E+00  2.906236971E+02  2.906236974E+02  3.755821361E-02  9.624417771E-01  3.874505365E-02  9.612549370E-01  1.558679657E-03  3.851498334E-02 
        13  1.149999460E+00  7.000041210E-01  6.549999896E+00  2.911360180E+02  2.911360185E+02  3.433520943E-02  9.656647980E-01  3.542245989E-02  9.645775476E-01  1.421046764E-03  3.858171525E-02 
        14  2.599937070E-01  6.999245510E-01  4.770022657E+00  2.905584260E+02  2.905584265E+02  4.608223286E-02  9.539177606E-01  4.755584894E-02  9.524441445E-01  1.908877208E-03  3.817338516E-02 
        15  2.500057384E-01  7.000450448E-01  3.040068823E+00  2.900807819E+02  2.900807821E+02  9.285148822E-02  9.071485174E-01  9.559411054E-02  9.044058950E-01  3.848482621E-03  3.630028652E-02 
        16  1.179999658E+00  1.300002449E+00  4.500000716E-01  2.920001496E+02  2.920001497E+02  1.881345010E-04  9.998118654E-01  1.945307417E-04  9.998054691E-01  7.758671670E-06  3.987627476E-02 
        17  2.090000552E+00  1.299991228E+00  2.640042717E+00  2.920008037E+02  2.920008111E+02  3.962682624E-06  9.999960299E-01  4.097433280E-06  9.999958951E-01  1.634218323E-07  3.988378008E-02 
        18  1.930000128E+00  1.300009553E+00  4.849983633E+00  2.920006961E+02  2.920006962E+02  1.220705047E-05  9.999878079E-01  1.262214647E-05  9.999873928E-01  5.034212780E-07  3.988345657E-02 
