nodenumber     x-coordinate     y-coordinate     z-coordinate      temperature total-temperature               n2              air         molef-n2        molef-air concentration-n2 concentration-air 
         1  1.180011401E+00  7.000440735E-01  4.499552279E-01  2.882510534E+02  2.882510537E+02  2.050954753E-01  7.949045229E-01  2.102620693E-01  7.897379289E-01  8.523638112E-03  3.188106428E-02 
         2  1.150002942E+00  1.299996259E+00  6.549998111E+00  2.919986315E+02  2.919986320E+02  2.351015597E-04  9.997648835E-01  2.430932291E-04  9.997568919E-01  9.695629119E-06  3.987454398E-02 
         3  2.599979183E-01  1.299834635E+00  4.769962194E+00  2.919772339E+02  2.919772341E+02  3.302282916E-03  9.966977013E-01  3.414188837E-03  9.965857953E-01  1.361824819E-04  3.975097999E-02 
         4  2.499957813E-01  1.300216226E+00  3.040010943E+00  2.919804912E+02  2.919804914E+02  2.592279696E-03  9.974077203E-01  2.680177546E-03  9.973198225E-01  1.069040745E-04  3.977981469E-02 
         5  1.179989316E+00  1.700000987E+00  4.500025386E-01  2.919926697E+02  2.919926699E+02  1.560869437E-03  9.984391075E-01  1.613861265E-03  9.983861157E-01  6.436894788E-05  3.982068436E-02 
         6  2.090000749E+00  1.699988964E+00  2.640041275E+00  2.920002612E+02  2.920002629E+02  6.871429376E-05  9.999312894E-01  7.105067628E-05  9.999289530E-01  2.833788382E-06  3.988118470E-02 
         7  1.929998960E+00  1.700096390E+00  4.850038151E+00  2.920006263E+02  2.920006267E+02  8.626535744E-06  9.999913753E-01  8.919876181E-06  9.999910820E-01  3.557600161E-07  3.988361272E-02 
         8  1.149997690E+00  1.699993700E+00  6.550001821E+00  2.919964989E+02  2.919964997E+02  4.172468536E-04  9.995827438E-01  4.314262564E-04  9.995685644E-01  1.720735238E-05  3.986732400E-02 
         9  2.599530306E-01  1.699784014E+00  4.769789816E+00  2.919618591E+02  2.919618594E+02  5.639043354E-03  9.943609587E-01  5.829679808E-03  9.941703223E-01  2.325417046E-04  3.965672267E-02 
        10  2.500325889E-01  1.700141952E+00  3.039603904E+00  2.919727787E+02  2.919727790E+02  4.342424854E-03  9.956575770E-01  4.489407104E-03  9.955105948E-01  1.790729672E-04  3.970869956E-02 
        11  2.090000512E+00  6.999920786E-01  2.640018387E+00  2.881836800E+02  2.881836807E+02  1.971900809E-01  8.028099340E-01  2.022439515E-01  7.977560634E-01  8.194791153E-03  3.221879330E-02 
        12  1.930000944E+00  7.000071781E-01  4.849993220E+00  2.885513254E+02  2.885513257E+02  1.848060591E-01  8.151939315E-01  1.895283480E-01  8.104716427E-01  7.679736586E-03  3.268299354E-02 
        13  1.149999460E+00  7.000041210E-01  6.549999896E+00  2.889825957E+02  2.889825963E+02  1.740625913E-01  8.259374162E-01  1.787142046E-01  8.212858029E-01  7.218107295E-03  3.308336335E-02 
        14  2.599937070E-01  6.999245510E-01  4.770022657E+00  2.887665745E+02  2.887665750E+02  1.716256251E-01  8.283743684E-01  1.762798058E-01  8.237201877E-01  7.122704386E-03  3.320886496E-02 
        15  2.500057384E-01  7.000450448E-01  3.040068823E+00  2.876456293E+02  2.876456297E+02  2.576414462E-01  7.423585594E-01  2.636655172E-01  7.363344884E-01  1.070833360E-02  2.978157086E-02 
        16  1.179999658E+00  1.300002449E+00  4.500000716E-01  2.919959675E+02  2.919959677E+02  9.752065778E-04  9.990247933E-01  1.008334839E-03  9.989916650E-01  4.021704482E-05  3.984438763E-02 
        17  2.090000552E+00  1.299991228E+00  2.640042717E+00  2.920005565E+02  2.920005640E+02  4.877468199E-05  9.999512179E-01  5.043312326E-05  9.999495594E-01  2.011475225E-06  3.988196580E-02 
        18  1.930000128E+00  1.300009553E+00  4.849983633E+00  2.920008232E+02  2.920008234E+02  5.919731499E-05  9.999408176E-01  6.121017800E-05  9.999388047E-01  2.441303199E-06  3.988150132E-02 
