nodenumber     x-coordinate     y-coordinate     z-coordinate      temperature total-temperature               n2              air         molef-n2        molef-air concentration-n2 concentration-air 
         1  1.180011401E+00  7.000440735E-01  4.499552279E-01  2.892094739E+02  2.892094742E+02  1.174110958E-01  8.825889024E-01  1.207800508E-01  8.792199473E-01  4.880139648E-03  3.539032063E-02 
         2  1.150002942E+00  1.299996259E+00  6.549998111E+00  2.920004704E+02  2.920004707E+02  3.491079610E-05  9.999650743E-01  3.609786878E-05  9.999638872E-01  1.439728469E-06  3.988254871E-02 
         3  2.599979183E-01  1.299834635E+00  4.769962194E+00  2.919823137E+02  2.919823138E+02  2.149664081E-03  9.978503201E-01  2.222585282E-03  9.977773989E-01  8.865166457E-05  3.979781688E-02 
         4  2.499957813E-01  1.300216226E+00  3.040010943E+00  2.919818742E+02  2.919818744E+02  2.533099501E-03  9.974669005E-01  2.619004684E-03  9.973809953E-01  1.044632866E-04  3.978206654E-02 
         5  1.179989316E+00  1.700000987E+00  4.500025386E-01  2.919996760E+02  2.919996762E+02  3.308295349E-04  9.996691474E-01  3.420753870E-04  9.996579016E-01  1.364337100E-05  3.987045292E-02 
         6  2.090000749E+00  1.699988964E+00  2.640041275E+00  2.920005145E+02  2.920005159E+02  2.488639358E-05  9.999751173E-01  2.573262959E-05  9.999742711E-01  1.026319962E-06  3.988295757E-02 
         7  1.929998960E+00  1.700096390E+00  4.850038151E+00  2.920006204E+02  2.920006207E+02  3.522967085E-06  9.999964789E-01  3.642764845E-06  9.999963591E-01  1.452879175E-07  3.988382400E-02 
         8  1.149997690E+00  1.699993700E+00  6.550001821E+00  2.919997073E+02  2.919997078E+02  8.184382108E-05  9.999181469E-01  8.462648548E-05  9.999153642E-01  3.375260261E-06  3.988071786E-02 
         9  2.599530306E-01  1.699784014E+00  4.769789816E+00  2.920003105E+02  2.920003109E+02  3.981800879E-05  9.999601841E-01  4.117192640E-05  9.999588302E-01  1.642102896E-06  3.988236952E-02 
        10  2.500325889E-01  1.700141952E+00  3.039603904E+00  2.919813888E+02  2.919813893E+02  3.365784550E-03  9.966342173E-01  3.479814720E-03  9.965201871E-01  1.387985629E-04  3.974779773E-02 
        11  2.090000512E+00  6.999920786E-01  2.640018387E+00  2.885864689E+02  2.885864699E+02  1.408930124E-01  8.591070025E-01  1.448126382E-01  8.551873767E-01  5.860567340E-03  3.449660329E-02 
        12  1.930000944E+00  7.000071781E-01  4.849993220E+00  2.889708526E+02  2.889708528E+02  1.259377982E-01  8.740621925E-01  1.294856089E-01  8.705143818E-01  5.237460575E-03  3.506631767E-02 
        13  1.149999460E+00  7.000041210E-01  6.549999896E+00  2.896866382E+02  2.896866391E+02  9.668380895E-02  9.033161985E-01  9.952004928E-02  9.004799582E-01  4.012811616E-03  3.619066448E-02 
        14  2.599937070E-01  6.999245510E-01  4.770022657E+00  2.895488184E+02  2.895488186E+02  1.028469536E-01  8.971530399E-01  1.058963188E-01  8.941036747E-01  4.267696457E-03  3.595472905E-02 
        15  2.500057384E-01  7.000450448E-01  3.040068823E+00  2.887087792E+02  2.887087797E+02  1.707642113E-01  8.292357943E-01  1.752447174E-01  8.247552881E-01  7.095411210E-03  3.324514700E-02 
        16  1.179999658E+00  1.300002449E+00  4.500000716E-01  2.919997020E+02  2.919997020E+02  3.440286867E-04  9.996559712E-01  3.557232296E-04  9.996442767E-01  1.418770014E-05  3.986990688E-02 
        17  2.090000552E+00  1.299991228E+00  2.640042717E+00  2.920008129E+02  2.920008207E+02  9.753166784E-06  9.999902394E-01  1.008481820E-05  9.999899077E-01  4.022223816E-07  3.988354002E-02 
        18  1.930000128E+00  1.300009553E+00  4.849983633E+00  2.920008015E+02  2.920008017E+02  2.482436873E-05  9.999751905E-01  2.566849685E-05  9.999743464E-01  1.023760933E-06  3.988292182E-02 
