nodenumber     x-coordinate     y-coordinate     z-coordinate      temperature total-temperature               n2              air         molef-n2        molef-air concentration-n2 concentration-air 
         1  1.180011401E+00  7.000440735E-01  4.499552279E-01  2.904953192E+02  2.904953193E+02  3.731306976E-02  9.626869284E-01  3.851468599E-02  9.614853122E-01  1.547426203E-03  3.854371253E-02 
         2  1.150002942E+00  1.299996259E+00  6.549998111E+00  2.920006182E+02  2.920006184E+02  1.111551099E-05  9.999888696E-01  1.149348899E-05  9.999884916E-01  4.584061930E-07  3.988350985E-02 
         3  2.599979183E-01  1.299834635E+00  4.769962194E+00  2.919990257E+02  2.919990258E+02  1.001544610E-04  9.998998297E-01  1.035597966E-04  9.998964244E-01  4.130403908E-06  3.988005530E-02 
         4  2.499957813E-01  1.300216226E+00  3.040010943E+00  2.919993499E+02  2.919993502E+02  1.394794016E-04  9.998605206E-01  1.442216053E-04  9.998557784E-01  5.752160176E-06  3.987839051E-02 
         5  1.179989316E+00  1.700000987E+00  4.500025386E-01  2.920004629E+02  2.920004630E+02  3.547094694E-05  9.999645060E-01  3.667708379E-05  9.999632999E-01  1.462828679E-06  3.988252599E-02 
         6  2.090000749E+00  1.699988964E+00  2.640041275E+00  2.920002051E+02  2.920002064E+02  1.503954258E-05  9.999849642E-01  1.555095501E-05  9.999844528E-01  6.202349252E-07  3.988340593E-02 
         7  1.929998960E+00  1.700096390E+00  4.850038151E+00  2.920006261E+02  2.920006263E+02  7.280161774E-09  9.999999946E-01  7.527725032E-09  9.999999943E-01  3.002355152E-10  3.988396821E-02 
         8  1.149997690E+00  1.699993700E+00  6.550001821E+00  2.920004096E+02  2.920004100E+02  1.070806336E-05  9.999892826E-01  1.107218500E-05  9.999889185E-01  4.416033155E-07  3.988355558E-02 
         9  2.599530306E-01  1.699784014E+00  4.769789816E+00  2.920005936E+02  2.920005939E+02  1.947965153E-06  9.999980541E-01  2.014205884E-06  9.999979879E-01  8.033453188E-08  3.988389263E-02 
        10  2.500325889E-01  1.700141952E+00  3.039603904E+00  2.920006013E+02  2.920006016E+02  1.205443270E-06  9.999987964E-01  1.246434501E-06  9.999987554E-01  4.971275679E-08  3.988392218E-02 
        11  2.090000512E+00  6.999920786E-01  2.640018387E+00  2.904487766E+02  2.904487775E+02  4.258842913E-02  9.574115858E-01  4.394682587E-02  9.560531890E-01  1.765862677E-03  3.833166670E-02 
        12  1.930000944E+00  7.000071781E-01  4.849993220E+00  2.907884395E+02  2.907884402E+02  3.639725451E-02  9.636027362E-01  3.755853607E-02  9.624414546E-01  1.508723883E-03  3.854206519E-02 
        13  1.149999460E+00  7.000041210E-01  6.549999896E+00  2.911487192E+02  2.911487195E+02  2.795027607E-02  9.720497314E-01  2.885226563E-02  9.711477418E-01  1.156719394E-03  3.884421580E-02 
        14  2.599937070E-01  6.999245510E-01  4.770022657E+00  2.909838050E+02  2.909838058E+02  2.756975129E-02  9.724302422E-01  2.847076587E-02  9.715292276E-01  1.141133552E-03  3.888242926E-02 
        15  2.500057384E-01  7.000450448E-01  3.040068823E+00  2.907758092E+02  2.907758094E+02  4.527108434E-02  9.547289213E-01  4.668949026E-02  9.533105153E-01  1.875536687E-03  3.817694495E-02 
        16  1.179999658E+00  1.300002449E+00  4.500000716E-01  2.920000830E+02  2.920000831E+02  1.390273681E-04  9.998609725E-01  1.437542960E-04  9.998562456E-01  5.733503465E-06  3.987830903E-02 
        17  2.090000552E+00  1.299991228E+00  2.640042717E+00  2.920006770E+02  2.920006845E+02  6.192781286E-06  9.999937998E-01  6.403365397E-06  9.999935892E-01  2.553917256E-07  3.988370541E-02 
        18  1.930000128E+00  1.300009553E+00  4.849983633E+00  2.920006975E+02  2.920006976E+02  6.174830976E-06  9.999938401E-01  6.384804882E-06  9.999936301E-01  2.546513864E-07  3.988370514E-02 
