nodenumber     x-coordinate     y-coordinate     z-coordinate      temperature total-temperature               n2              air         molef-n2        molef-air concentration-n2 concentration-air 
         1  1.180011401E+00  7.000440735E-01  4.499552279E-01  2.896944787E+02  2.896944791E+02  7.328145527E-02  9.267185429E-01  7.550426667E-02  9.244957315E-01  3.046472940E-03  3.715622519E-02 
         2  1.150002942E+00  1.299996259E+00  6.549998111E+00  2.920006308E+02  2.920006311E+02  1.711746353E-05  9.999828676E-01  1.769952773E-05  9.999822856E-01  7.059278235E-07  3.988326060E-02 
         3  2.599979183E-01  1.299834635E+00  4.769962194E+00  2.919974196E+02  2.919974198E+02  3.561191055E-04  9.996438651E-01  3.682225585E-04  9.996317616E-01  1.468640585E-05  3.986971866E-02 
         4  2.499957813E-01  1.300216226E+00  3.040010943E+00  2.919879843E+02  2.919879845E+02  2.043447570E-03  9.979565524E-01  2.112783882E-03  9.978872161E-01  8.426999642E-05  3.980142517E-02 
         5  1.179989316E+00  1.700000987E+00  4.500025386E-01  2.919999917E+02  2.919999918E+02  2.422962664E-04  9.997576807E-01  2.505334855E-04  9.997494435E-01  9.992291577E-06  3.987406088E-02 
         6  2.090000749E+00  1.699988964E+00  2.640041275E+00  2.920005235E+02  2.920005249E+02  1.653882109E-05  9.999834649E-01  1.710121331E-05  9.999829025E-01  6.820645944E-07  3.988330060E-02 
         7  1.929998960E+00  1.700096390E+00  4.850038151E+00  2.920006259E+02  2.920006261E+02  5.463796968E-07  9.999994555E-01  5.649594113E-07  9.999994369E-01  2.253282154E-08  3.988394601E-02 
         8  1.149997690E+00  1.699993700E+00  6.550001821E+00  2.920001204E+02  2.920001210E+02  3.911758668E-05  9.999608731E-01  4.044768986E-05  9.999595430E-01  1.613219408E-06  3.988242347E-02 
         9  2.599530306E-01  1.699784014E+00  4.769789816E+00  2.920006004E+02  2.920006007E+02  2.401311145E-06  9.999976008E-01  2.482967838E-06  9.999975191E-01  9.903061770E-08  3.988387300E-02 
        10  2.500325889E-01  1.700141952E+00  3.039603904E+00  2.919736729E+02  2.919736733E+02  4.405239350E-03  9.955947625E-01  4.554282310E-03  9.954457196E-01  1.816616501E-04  3.970598874E-02 
        11  2.090000512E+00  6.999920786E-01  2.640018387E+00  2.894901708E+02  2.894901718E+02  8.505241064E-02  9.149476043E-01  8.761551770E-02  9.123844972E-01  3.532864697E-03  3.669774472E-02 
        12  1.930000944E+00  7.000071781E-01  4.849993220E+00  2.903714119E+02  2.903714126E+02  6.129822397E-02  9.387017667E-01  6.312891468E-02  9.368710760E-01  2.545402747E-03  3.756354828E-02 
        13  1.149999460E+00  7.000041210E-01  6.549999896E+00  2.902717615E+02  2.902717619E+02  7.053469054E-02  9.294653169E-01  7.264039894E-02  9.273596085E-01  2.926479492E-03  3.719603268E-02 
        14  2.599937070E-01  6.999245510E-01  4.770022657E+00  2.904448499E+02  2.904448503E+02  5.543601591E-02  9.445639776E-01  5.717381445E-02  9.428261790E-01  2.297512916E-03  3.780060660E-02 
        15  2.500057384E-01  7.000450448E-01  3.040068823E+00  2.896869364E+02  2.896869366E+02  9.763931207E-02  9.023606935E-01  1.005445882E-01  8.994554174E-01  4.052083549E-03  3.615144224E-02 
        16  1.179999658E+00  1.300002449E+00  4.500000716E-01  2.920001978E+02  2.920001978E+02  2.317561255E-04  9.997682438E-01  2.396351262E-04  9.997603648E-01  9.557614102E-06  3.987446924E-02 
        17  2.090000552E+00  1.299991228E+00  2.640042717E+00  2.920008088E+02  2.920008162E+02  7.575558407E-06  9.999924170E-01  7.833162953E-06  9.999921594E-01  3.124174764E-07  3.988363039E-02 
        18  1.930000128E+00  1.300009553E+00  4.849983633E+00  2.920008272E+02  2.920008273E+02  7.955041912E-06  9.999920599E-01  8.225551727E-06  9.999917893E-01  3.280674325E-07  3.988361401E-02 
