nodenumber     x-coordinate     y-coordinate     z-coordinate      temperature total-temperature               n2              air         molef-n2        molef-air concentration-n2 concentration-air 
         1  1.180011401E+00  7.000440735E-01  4.499552279E-01  2.899506631E+02  2.899506633E+02  6.484726731E-02  9.351527308E-01  6.684542348E-02  9.331545747E-01  2.693058550E-03  3.747379331E-02 
         2  1.150002942E+00  1.299996259E+00  6.549998111E+00  2.920006223E+02  2.920006227E+02  1.819460577E-05  9.999817905E-01  1.881329648E-05  9.999811718E-01  7.503493770E-07  3.988321734E-02 
         3  2.599979183E-01  1.299834635E+00  4.769962194E+00  2.919966780E+02  2.919966781E+02  4.877111975E-04  9.995122730E-01  5.042835339E-04  9.994957006E-01  2.011322448E-05  3.986439315E-02 
         4  2.499957813E-01  1.300216226E+00  3.040010943E+00  2.919880313E+02  2.919880316E+02  2.050550483E-03  9.979494495E-01  2.120125042E-03  9.978798750E-01  8.456286411E-05  3.980112588E-02 
         5  1.179989316E+00  1.700000987E+00  4.500025386E-01  2.919999748E+02  2.919999750E+02  2.513981395E-04  9.997485788E-01  2.599447151E-04  9.997400322E-01  1.036765009E-05  3.987368783E-02 
         6  2.090000749E+00  1.699988964E+00  2.640041275E+00  2.920005322E+02  2.920005336E+02  1.547959228E-05  9.999845241E-01  1.600596664E-05  9.999839978E-01  6.383817659E-07  3.988334310E-02 
         7  1.929998960E+00  1.700096390E+00  4.850038151E+00  2.920006259E+02  2.920006262E+02  4.563537221E-07  9.999995455E-01  4.718720954E-07  9.999995300E-01  1.882013020E-08  3.988394971E-02 
         8  1.149997690E+00  1.699993700E+00  6.550001821E+00  2.920002644E+02  2.920002649E+02  2.867737659E-05  9.999713133E-01  2.965249782E-05  9.999703382E-01  1.182662206E-06  3.988283436E-02 
         9  2.599530306E-01  1.699784014E+00  4.769789816E+00  2.920005987E+02  2.920005990E+02  2.648282028E-06  9.999973538E-01  2.738336922E-06  9.999972638E-01  1.092157521E-07  3.988386305E-02 
        10  2.500325889E-01  1.700141952E+00  3.039603904E+00  2.919807776E+02  2.919807780E+02  3.635104594E-03  9.963648973E-01  3.758207766E-03  9.962417941E-01  1.499034400E-04  3.973677635E-02 
        11  2.090000512E+00  6.999920786E-01  2.640018387E+00  2.894692063E+02  2.894692074E+02  8.761071535E-02  9.123892996E-01  9.023471166E-02  9.097653032E-01  3.639327887E-03  3.659426500E-02 
        12  1.930000944E+00  7.000071781E-01  4.849993220E+00  2.898826007E+02  2.898826014E+02  7.973361830E-02  9.202663724E-01  8.212465802E-02  9.178753327E-01  3.310087762E-03  3.686624538E-02 
        13  1.149999460E+00  7.000041210E-01  6.549999896E+00  2.905198263E+02  2.905198268E+02  6.167519108E-02  9.383248164E-01  6.356071651E-02  9.364392909E-01  2.555656042E-03  3.753221702E-02 
        14  2.599937070E-01  6.999245510E-01  4.770022657E+00  2.904466503E+02  2.904466508E+02  5.594968590E-02  9.440503076E-01  5.770381133E-02  9.422961821E-01  2.318648358E-03  3.777921216E-02 
        15  2.500057384E-01  7.000450448E-01  3.040068823E+00  2.897374945E+02  2.897374947E+02  9.336493514E-02  9.066350705E-01  9.613393093E-02  9.038660747E-01  3.876289853E-03  3.632042474E-02 
        16  1.179999658E+00  1.300002449E+00  4.500000716E-01  2.920001817E+02  2.920001817E+02  2.411271939E-04  9.997588727E-01  2.493247052E-04  9.997506752E-01  9.944074047E-06  3.987408498E-02 
        17  2.090000552E+00  1.299991228E+00  2.640042717E+00  2.920008121E+02  2.920008197E+02  7.378081627E-06  9.999926145E-01  7.628970961E-06  9.999923636E-01  3.042734895E-07  3.988363808E-02 
        18  1.930000128E+00  1.300009553E+00  4.849983633E+00  2.920008066E+02  2.920008067E+02  8.402253138E-06  9.999916126E-01  8.687969839E-06  9.999913269E-01  3.465105390E-07  3.988359838E-02 
