nodenumber     x-coordinate     y-coordinate     z-coordinate      temperature total-temperature               n2              air         molef-n2        molef-air concentration-n2 concentration-air 
         1  1.180011401E+00  7.000440735E-01  4.499552279E-01  2.882710780E+02  2.882710782E+02  2.091422172E-01  7.908577809E-01  2.143419305E-01  7.856580676E-01  8.691164649E-03  3.171091571E-02 
         2  1.150002942E+00  1.299996259E+00  6.549998111E+00  2.919984584E+02  2.919984590E+02  2.512870989E-04  9.997486980E-01  2.598285635E-04  9.997401565E-01  1.036312376E-05  3.987390014E-02 
         3  2.599979183E-01  1.299834635E+00  4.769962194E+00  2.919744109E+02  2.919744110E+02  3.775535266E-03  9.962244489E-01  3.903420400E-03  9.960965638E-01  1.556979167E-04  3.973185021E-02 
         4  2.499957813E-01  1.300216226E+00  3.040010943E+00  2.919856608E+02  2.919856611E+02  2.112413599E-03  9.978875864E-01  2.184087268E-03  9.978159127E-01  8.711461988E-05  3.979889794E-02 
         5  1.179989316E+00  1.700000987E+00  4.500025386E-01  2.919918027E+02  2.919918029E+02  1.669493914E-03  9.983304830E-01  1.726166610E-03  9.982738103E-01  6.884847262E-05  3.981632326E-02 
         6  2.090000749E+00  1.699988964E+00  2.640041275E+00  2.920001809E+02  2.920001825E+02  8.679594858E-05  9.999132078E-01  8.974711243E-05  9.999102566E-01  3.579478085E-06  3.988044999E-02 
         7  1.929998960E+00  1.700096390E+00  4.850038151E+00  2.920006411E+02  2.920006415E+02  7.091032564E-06  9.999929108E-01  7.332158501E-06  9.999926697E-01  2.924354931E-07  3.988367402E-02 
         8  1.149997690E+00  1.699993700E+00  6.550001821E+00  2.919970833E+02  2.919970842E+02  3.489016660E-04  9.996510890E-01  3.607586514E-04  9.996392320E-01  1.438878987E-05  3.987006274E-02 
         9  2.599530306E-01  1.699784014E+00  4.769789816E+00  2.919674199E+02  2.919674203E+02  5.026133664E-03  9.949738684E-01  5.196158653E-03  9.948038434E-01  2.072670283E-04  3.968123760E-02 
        10  2.500325889E-01  1.700141952E+00  3.039603904E+00  2.919800139E+02  2.919800144E+02  3.290563320E-03  9.967094385E-01  3.402072729E-03  9.965979291E-01  1.356979058E-04  3.975108619E-02 
        11  2.090000512E+00  6.999920786E-01  2.640018387E+00  2.878948320E+02  2.878948327E+02  2.150602761E-01  7.849397388E-01  2.204655016E-01  7.795345133E-01  8.938878124E-03  3.151513614E-02 
        12  1.930000944E+00  7.000071781E-01  4.849993220E+00  2.881398836E+02  2.881398841E+02  2.110854852E-01  7.889145055E-01  2.163429558E-01  7.836570349E-01  8.773476235E-03  3.164676382E-02 
        13  1.149999460E+00  7.000041210E-01  6.549999896E+00  2.889689889E+02  2.889689893E+02  1.827020310E-01  8.172979764E-01  1.874040232E-01  8.125959843E-01  7.578850884E-03  3.272513476E-02 
        14  2.599937070E-01  6.999245510E-01  4.770022657E+00  2.892195245E+02  2.892195249E+02  1.499408923E-01  8.500591012E-01  1.540920506E-01  8.459079429E-01  6.218321882E-03  3.405006666E-02 
        15  2.500057384E-01  7.000450448E-01  3.040068823E+00  2.874800753E+02  2.874800756E+02  2.697146098E-01  7.302853958E-01  2.759105819E-01  7.240894237E-01  1.121261701E-02  2.930077222E-02 
        16  1.179999658E+00  1.300002449E+00  4.500000716E-01  2.919935202E+02  2.919935203E+02  1.385620370E-03  9.986143795E-01  1.432670944E-03  9.985673289E-01  5.714199845E-05  3.982779696E-02 
        17  2.090000552E+00  1.299991228E+00  2.640042717E+00  2.920006096E+02  2.920006173E+02  4.421753560E-05  9.999557750E-01  4.572104114E-05  9.999542715E-01  1.823537782E-06  3.988214647E-02 
        18  1.930000128E+00  1.300009553E+00  4.849983633E+00  2.920008472E+02  2.920008474E+02  6.324720508E-05  9.999367677E-01  6.539775214E-05  9.999346171E-01  2.608320040E-06  3.988133103E-02 
