nodenumber     x-coordinate     y-coordinate     z-coordinate      temperature total-temperature               n2              air         molef-n2        molef-air concentration-n2 concentration-air 
         1  1.180011401E+00  7.000440735E-01  4.499552279E-01  2.881455355E+02  2.881455358E+02  2.296230596E-01  7.703769386E-01  2.351355822E-01  7.648644159E-01  9.538178632E-03  3.088149450E-02 
         2  1.150002942E+00  1.299996259E+00  6.549998111E+00  2.919611041E+02  2.919611048E+02  4.314515491E-03  9.956854696E-01  4.460538139E-03  9.955394470E-01  1.779294519E-04  3.971143675E-02 
         3  2.599979183E-01  1.299834635E+00  4.769962194E+00  2.919766503E+02  2.919766506E+02  3.117398055E-03  9.968825861E-01  3.223060991E-03  9.967769232E-01  1.285591494E-04  3.975868304E-02 
         4  2.499957813E-01  1.300216226E+00  3.040010943E+00  2.919800094E+02  2.919800096E+02  3.160141206E-03  9.968398588E-01  3.267246616E-03  9.967327534E-01  1.303201230E-04  3.975646445E-02 
         5  1.179989316E+00  1.700000987E+00  4.500025386E-01  2.919771010E+02  2.919771012E+02  3.665635971E-03  9.963343410E-01  3.789813510E-03  9.962101634E-01  1.511649945E-04  3.973601504E-02 
         6  2.090000749E+00  1.699988964E+00  2.640041275E+00  2.919995994E+02  2.919996011E+02  2.201525571E-04  9.997798512E-01  2.276368007E-04  9.997723669E-01  9.079098167E-06  3.987502979E-02 
         7  1.929998960E+00  1.700096390E+00  4.850038151E+00  2.919960970E+02  2.919960975E+02  9.162803477E-04  9.990837215E-01  9.474051542E-04  9.990525967E-01  3.778694516E-05  3.984680019E-02 
         8  1.149997690E+00  1.699993700E+00  6.550001821E+00  2.919397487E+02  2.919397495E+02  6.750030393E-03  9.932499603E-01  6.977929963E-03  9.930220607E-01  2.783668077E-04  3.961391775E-02 
         9  2.599530306E-01  1.699784014E+00  4.769789816E+00  2.919679220E+02  2.919679224E+02  4.202903899E-03  9.957970982E-01  4.345200799E-03  9.956548013E-01  1.733233436E-04  3.971511269E-02 
        10  2.500325889E-01  1.700141952E+00  3.039603904E+00  2.919770354E+02  2.919770358E+02  3.848118735E-03  9.961518831E-01  3.978451731E-03  9.960215501E-01  1.586893304E-04  3.972850166E-02 
        11  2.090000512E+00  6.999920786E-01  2.640018387E+00  2.878802012E+02  2.878802020E+02  2.588602415E-01  7.411397734E-01  2.648058059E-01  7.351942090E-01  1.074727180E-02  2.970945536E-02 
        12  1.930000944E+00  7.000071781E-01  4.849993220E+00  2.893646502E+02  2.893646508E+02  1.573785138E-01  8.426214769E-01  1.615605191E-01  8.384394716E-01  6.524242596E-03  3.372432176E-02 
        13  1.149999460E+00  7.000041210E-01  6.549999896E+00  2.897718451E+02  2.897718457E+02  1.403252356E-01  8.596747718E-01  1.441340281E-01  8.558659794E-01  5.811369627E-03  3.438038265E-02 
        14  2.599937070E-01  6.999245510E-01  4.770022657E+00  2.887430823E+02  2.887430831E+02  2.109764728E-01  7.890235207E-01  2.162504257E-01  7.837495678E-01  8.746909573E-03  3.158843497E-02 
        15  2.500057384E-01  7.000450448E-01  3.040068823E+00  2.892501241E+02  2.892501245E+02  1.637588100E-01  8.362411955E-01  1.681420249E-01  8.318579807E-01  6.787762342E-03  3.347650275E-02 
        16  1.179999658E+00  1.300002449E+00  4.500000716E-01  2.919813424E+02  2.919813426E+02  3.046332879E-03  9.969536670E-01  3.149597300E-03  9.968504026E-01  1.256267470E-04  3.976097571E-02 
        17  2.090000552E+00  1.299991228E+00  2.640042717E+00  2.920001058E+02  2.920001126E+02  1.286419950E-04  9.998713506E-01  1.330155566E-04  9.998669770E-01  5.305206111E-06  3.987873362E-02 
        18  1.930000128E+00  1.300009553E+00  4.849983633E+00  2.919970478E+02  2.919970480E+02  7.292529370E-04  9.992707620E-01  7.540299020E-04  9.992459850E-01  3.007413461E-05  3.985438418E-02 
