nodenumber     x-coordinate     y-coordinate     z-coordinate      temperature total-temperature               n2              air         molef-n2        molef-air concentration-n2 concentration-air 
         1  1.180011401E+00  7.000440735E-01  4.499552279E-01  2.886883595E+02  2.886883596E+02  1.448864000E-01  8.551135981E-01  1.488633937E-01  8.511366045E-01  6.027236621E-03  3.431611484E-02 
         2  1.150002942E+00  1.299996259E+00  6.549998111E+00  2.919996226E+02  2.919996231E+02  1.167670666E-04  9.998832180E-01  1.207369363E-04  9.998792482E-01  4.815498937E-06  3.987928873E-02 
         3  2.599979183E-01  1.299834635E+00  4.769962194E+00  2.919931436E+02  2.919931439E+02  9.404175487E-04  9.990595666E-01  9.723592825E-04  9.990276249E-01  3.878276221E-05  3.984620639E-02 
         4  2.499957813E-01  1.300216226E+00  3.040010943E+00  2.919718868E+02  2.919718870E+02  3.476995170E-03  9.965230048E-01  3.594784925E-03  9.964052151E-01  1.433892340E-04  3.974450500E-02 
         5  1.179989316E+00  1.700000987E+00  4.500025386E-01  2.919953674E+02  2.919953675E+02  1.075450937E-03  9.989245260E-01  1.111980930E-03  9.988879960E-01  4.435101543E-05  3.984033379E-02 
         6  2.090000749E+00  1.699988964E+00  2.640041275E+00  2.920004214E+02  2.920004230E+02  4.054121086E-05  9.999594625E-01  4.191974272E-05  9.999580840E-01  1.671927286E-06  3.988232469E-02 
         7  1.929998960E+00  1.700096390E+00  4.850038151E+00  2.920006204E+02  2.920006207E+02  1.075621561E-05  9.999892456E-01  1.112197562E-05  9.999888799E-01  4.435885185E-07  3.988352570E-02 
         8  1.149997690E+00  1.699993700E+00  6.550001821E+00  2.919990717E+02  2.919990723E+02  1.474550306E-04  9.998525357E-01  1.524678539E-04  9.998475228E-01  6.081082613E-06  3.987809885E-02 
         9  2.599530306E-01  1.699784014E+00  4.769789816E+00  2.920003645E+02  2.920003650E+02  4.235522274E-05  9.999576469E-01  4.379543108E-05  9.999562067E-01  1.746737748E-06  3.988225752E-02 
        10  2.500325889E-01  1.700141952E+00  3.039603904E+00  2.919601777E+02  2.919601782E+02  5.722483584E-03  9.942775183E-01  5.915894095E-03  9.940841078E-01  2.359830514E-04  3.965351104E-02 
        11  2.090000512E+00  6.999920786E-01  2.640018387E+00  2.884737261E+02  2.884737270E+02  1.661961146E-01  8.338039003E-01  1.706236493E-01  8.293763656E-01  6.909148557E-03  3.346387837E-02 
        12  1.930000944E+00  7.000071781E-01  4.849993220E+00  2.885987835E+02  2.885987837E+02  1.782751684E-01  8.217248223E-01  1.828451765E-01  8.171548142E-01  7.411502967E-03  3.294492055E-02 
        13  1.149999460E+00  7.000041210E-01  6.549999896E+00  2.889190318E+02  2.889190323E+02  1.689535995E-01  8.310464079E-01  1.734789079E-01  8.265210996E-01  7.011036185E-03  3.329953882E-02 
        14  2.599937070E-01  6.999245510E-01  4.770022657E+00  2.889766330E+02  2.889766339E+02  1.445915085E-01  8.554084849E-01  1.486283913E-01  8.513716022E-01  6.003691648E-03  3.429867029E-02 
        15  2.500057384E-01  7.000450448E-01  3.040068823E+00  2.881026527E+02  2.881026534E+02  2.041366161E-01  7.958633895E-01  2.093640487E-01  7.906359568E-01  8.487061126E-03  3.193830241E-02 
        16  1.179999658E+00  1.300002449E+00  4.500000716E-01  2.919952657E+02  2.919952657E+02  1.100186207E-03  9.988998137E-01  1.137555661E-03  9.988624442E-01  4.537106739E-05  3.983932947E-02 
        17  2.090000552E+00  1.299991228E+00  2.640042717E+00  2.920007574E+02  2.920007650E+02  1.831959434E-05  9.999816730E-01  1.894253354E-05  9.999810500E-01  7.555032857E-07  3.988319433E-02 
        18  1.930000128E+00  1.300009553E+00  4.849983633E+00  2.920007357E+02  2.920007358E+02  4.379528232E-05  9.999562196E-01  4.528446295E-05  9.999547304E-01  1.806123605E-06  3.988214846E-02 
