nodenumber     x-coordinate     y-coordinate     z-coordinate      temperature total-temperature               n2              air         molef-n2        molef-air concentration-n2 concentration-air 
         1  1.180011401E+00  7.000440735E-01  4.499552279E-01  2.880032936E+02  2.880032939E+02  2.273648425E-01  7.726351557E-01  2.329330855E-01  7.670669127E-01  9.447853184E-03  3.099152204E-02 
         2  1.150002942E+00  1.299996259E+00  6.549998111E+00  2.919945479E+02  2.919945486E+02  6.494486814E-04  9.993505364E-01  6.715130565E-04  9.993284720E-01  2.678337108E-05  3.985801403E-02 
         3  2.599979183E-01  1.299834635E+00  4.769962194E+00  2.919747434E+02  2.919747437E+02  3.559164487E-03  9.964408197E-01  3.679745612E-03  9.963202386E-01  1.467760431E-04  3.974072665E-02 
         4  2.499957813E-01  1.300216226E+00  3.040010943E+00  2.919782199E+02  2.919782203E+02  3.149318932E-03  9.968506811E-01  3.256043635E-03  9.967439564E-01  1.298745719E-04  3.975715447E-02 
         5  1.179989316E+00  1.700000987E+00  4.500025386E-01  2.919882588E+02  2.919882589E+02  2.179494734E-03  9.978204822E-01  2.253441408E-03  9.977465355E-01  8.988000126E-05  3.979577583E-02 
         6  2.090000749E+00  1.699988964E+00  2.640041275E+00  2.919998845E+02  2.919998860E+02  1.500432879E-04  9.998499604E-01  1.551445342E-04  9.998448592E-01  6.187799716E-06  3.987788215E-02 
         7  1.929998960E+00  1.700096390E+00  4.850038151E+00  2.920006234E+02  2.920006238E+02  1.356157611E-05  9.999864403E-01  1.402272305E-05  9.999859791E-01  5.592818032E-07  3.988340960E-02 
         8  1.149997690E+00  1.699993700E+00  6.550001821E+00  2.919934203E+02  2.919934212E+02  7.240353664E-04  9.992759553E-01  7.486292793E-04  9.992513614E-01  2.985938183E-05  3.985509250E-02 
         9  2.599530306E-01  1.699784014E+00  4.769789816E+00  2.919705129E+02  2.919705133E+02  4.526937628E-03  9.954730645E-01  4.680155740E-03  9.953198464E-01  1.866824651E-04  3.970139961E-02 
        10  2.500325889E-01  1.700141952E+00  3.039603904E+00  2.919706913E+02  2.919706917E+02  4.596518227E-03  9.954034836E-01  4.752042363E-03  9.952479595E-01  1.895509045E-04  3.969850681E-02 
        11  2.090000512E+00  6.999920786E-01  2.640018387E+00  2.881269982E+02  2.881269993E+02  2.051255306E-01  7.948744843E-01  2.102397303E-01  7.897602846E-01  8.526371565E-03  3.189556476E-02 
        12  1.930000944E+00  7.000071781E-01  4.849993220E+00  2.886188063E+02  2.886188066E+02  1.851581920E-01  8.148417987E-01  1.898992782E-01  8.101007125E-01  7.691173789E-03  3.266194663E-02 
        13  1.149999460E+00  7.000041210E-01  6.549999896E+00  2.893943255E+02  2.893943260E+02  1.616196083E-01  8.383803991E-01  1.658309320E-01  8.341690755E-01  6.700472067E-03  3.354428057E-02 
        14  2.599937070E-01  6.999245510E-01  4.770022657E+00  2.893701939E+02  2.893701943E+02  1.495972217E-01  8.504027718E-01  1.537528175E-01  8.462471759E-01  6.199792069E-03  3.404748982E-02 
        15  2.500057384E-01  7.000450448E-01  3.040068823E+00  2.875526064E+02  2.875526066E+02  2.671070260E-01  7.328929795E-01  2.734404760E-01  7.265595296E-01  1.109668751E-02  2.940571756E-02 
        16  1.179999658E+00  1.300002449E+00  4.500000716E-01  2.919923044E+02  2.919923046E+02  1.530488225E-03  9.984695117E-01  1.582450059E-03  9.984175498E-01  6.311619529E-05  3.982198883E-02 
        17  2.090000552E+00  1.299991228E+00  2.640042717E+00  2.920004495E+02  2.920004573E+02  6.872757674E-05  9.999312650E-01  7.106441485E-05  9.999289281E-01  2.834334772E-06  3.988115755E-02 
        18  1.930000128E+00  1.300009553E+00  4.849983633E+00  2.920008008E+02  2.920008009E+02  7.638226530E-05  9.999236326E-01  7.897940853E-05  9.999210355E-01  3.150010482E-06  3.988079568E-02 
