nodenumber     x-coordinate     y-coordinate     z-coordinate      temperature total-temperature               n2              air         molef-n2        molef-air concentration-n2 concentration-air 
         1  1.180011401E+00  7.000440735E-01  4.499552279E-01  2.884781608E+02  2.884781610E+02  1.912918872E-01  8.087081109E-01  1.960615006E-01  8.039384976E-01  7.951560845E-03  3.242172454E-02 
         2  1.150002942E+00  1.299996259E+00  6.549998111E+00  2.919811894E+02  2.919811903E+02  2.065020589E-03  9.979349645E-01  2.135063915E-03  9.978649212E-01  8.516156101E-05  3.980146065E-02 
         3  2.599979183E-01  1.299834635E+00  4.769962194E+00  2.919546540E+02  2.919546546E+02  4.942206788E-03  9.950577774E-01  5.109351539E-03  9.948906326E-01  2.038158525E-04  3.968643159E-02 
         4  2.499957813E-01  1.300216226E+00  3.040010943E+00  2.919857434E+02  2.919857438E+02  2.407671642E-03  9.975923284E-01  2.489339201E-03  9.975106608E-01  9.928986137E-05  3.978671141E-02 
         5  1.179989316E+00  1.700000987E+00  4.500025386E-01  2.919862970E+02  2.919862973E+02  2.451394416E-03  9.975485825E-01  2.534539955E-03  9.974654370E-01  1.010925560E-04  3.978483126E-02 
         6  2.090000749E+00  1.699988964E+00  2.640041275E+00  2.920002721E+02  2.920002736E+02  1.455744564E-04  9.998544293E-01  1.505239105E-04  9.998494798E-01  6.003499133E-06  3.987801351E-02 
         7  1.929998960E+00  1.700096390E+00  4.850038151E+00  2.919994332E+02  2.919994337E+02  2.786136053E-04  9.997213883E-01  2.880845699E-04  9.997119173E-01  1.149001308E-05  3.987264143E-02 
         8  1.149997690E+00  1.699993700E+00  6.550001821E+00  2.919829674E+02  2.919829686E+02  1.826108349E-03  9.981738823E-01  1.888036762E-03  9.981119539E-01  7.530892902E-05  3.981107087E-02 
         9  2.599530306E-01  1.699784014E+00  4.769789816E+00  2.919430141E+02  2.919430148E+02  6.360017158E-03  9.936399849E-01  6.574794480E-03  9.934252076E-01  2.622834019E-04  3.962955591E-02 
        10  2.500325889E-01  1.700141952E+00  3.039603904E+00  2.919805152E+02  2.919805157E+02  3.359768091E-03  9.966402338E-01  3.473614979E-03  9.965263869E-01  1.385512655E-04  3.974816435E-02 
        11  2.090000512E+00  6.999920786E-01  2.640018387E+00  2.875929297E+02  2.875929305E+02  2.609486046E-01  7.390514103E-01  2.669358366E-01  7.330641783E-01  1.084452793E-02  2.965269401E-02 
        12  1.930000944E+00  7.000071781E-01  4.849993220E+00  2.886667606E+02  2.886667612E+02  2.026370907E-01  7.973629000E-01  2.078120057E-01  7.921879850E-01  8.404573134E-03  3.194121693E-02 
        13  1.149999460E+00  7.000041210E-01  6.549999896E+00  2.887554502E+02  2.887554508E+02  1.959305176E-01  8.040694899E-01  2.010311804E-01  7.989688271E-01  8.124008307E-03  3.220912369E-02 
        14  2.599937070E-01  6.999245510E-01  4.770022657E+00  2.885900352E+02  2.885900359E+02  2.121212318E-01  7.878787617E-01  2.175824771E-01  7.824175163E-01  8.794944474E-03  3.156128367E-02 
        15  2.500057384E-01  7.000450448E-01  3.040068823E+00  2.876073460E+02  2.876073468E+02  2.893369933E-01  7.106630123E-01  2.957678567E-01  7.042321489E-01  1.200937682E-02  2.848560166E-02 
        16  1.179999658E+00  1.300002449E+00  4.500000716E-01  2.919860192E+02  2.919860194E+02  2.468096784E-03  9.975319031E-01  2.551810339E-03  9.974481895E-01  1.017814249E-04  3.978418216E-02 
        17  2.090000552E+00  1.299991228E+00  2.640042717E+00  2.920006953E+02  2.920007023E+02  6.040237983E-05  9.999395902E-01  6.245618566E-05  9.999375364E-01  2.491000683E-06  3.988146731E-02 
        18  1.930000128E+00  1.300009553E+00  4.849983633E+00  2.919992037E+02  2.919992039E+02  3.451315846E-04  9.996548833E-01  3.568632693E-04  9.996431516E-01  1.423320050E-05  3.986993063E-02 
