nodenumber     x-coordinate     y-coordinate     z-coordinate      temperature total-temperature               n2              air         molef-n2        molef-air concentration-n2 concentration-air 
         1  1.180011401E+00  7.000440735E-01  4.499552279E-01  2.890050472E+02  2.890050474E+02  1.383660166E-01  8.616339816E-01  1.421216020E-01  8.578783961E-01  5.753881011E-03  3.454554431E-02 
         2  1.150002942E+00  1.299996259E+00  6.549998111E+00  2.919998182E+02  2.919998186E+02  1.032605273E-04  9.998967246E-01  1.067712775E-04  9.998932138E-01  4.258484797E-06  3.987981904E-02 
         3  2.599979183E-01  1.299834635E+00  4.769962194E+00  2.919725286E+02  2.919725287E+02  3.742587412E-03  9.962573968E-01  3.869352886E-03  9.961306313E-01  1.543403033E-04  3.973346497E-02 
         4  2.499957813E-01  1.300216226E+00  3.040010943E+00  2.919808889E+02  2.919808892E+02  2.561424105E-03  9.974385759E-01  2.648274121E-03  9.973517259E-01  1.056315088E-04  3.978103292E-02 
         5  1.179989316E+00  1.700000987E+00  4.500025386E-01  2.919953602E+02  2.919953604E+02  1.000541858E-03  9.989994351E-01  1.034529696E-03  9.989654473E-01  4.126190508E-05  3.984342389E-02 
         6  2.090000749E+00  1.699988964E+00  2.640041275E+00  2.920002781E+02  2.920002797E+02  7.112237599E-05  9.999288813E-01  7.354068555E-05  9.999264630E-01  2.933098691E-06  3.988108308E-02 
         7  1.929998960E+00  1.700096390E+00  4.850038151E+00  2.920006184E+02  2.920006188E+02  1.099957200E-05  9.999890023E-01  1.137360638E-05  9.999886283E-01  4.536245675E-07  3.988351593E-02 
         8  1.149997690E+00  1.699993700E+00  6.550001821E+00  2.919990358E+02  2.919990365E+02  1.616665856E-04  9.998383241E-01  1.671623562E-04  9.998328283E-01  6.667166332E-06  3.987751767E-02 
         9  2.599530306E-01  1.699784014E+00  4.769789816E+00  2.919722046E+02  2.919722051E+02  4.078271676E-03  9.959217304E-01  4.216301464E-03  9.957837006E-01  1.681812841E-04  3.971966973E-02 
        10  2.500325889E-01  1.700141952E+00  3.039603904E+00  2.919783270E+02  2.919783274E+02  3.454746188E-03  9.965452557E-01  3.571798517E-03  9.964282033E-01  1.424685715E-04  3.974454597E-02 
        11  2.090000512E+00  6.999920786E-01  2.640018387E+00  2.881150870E+02  2.881150879E+02  1.913457718E-01  8.086542431E-01  1.962814973E-01  8.037185176E-01  7.956774220E-03  3.246658836E-02 
        12  1.930000944E+00  7.000071781E-01  4.849993220E+00  2.882669699E+02  2.882669700E+02  1.987789793E-01  8.012210114E-01  2.037233299E-01  7.962766608E-01  8.266283746E-03  3.213662646E-02 
        13  1.149999460E+00  7.000041210E-01  6.549999896E+00  2.889095064E+02  2.889095070E+02  1.782938757E-01  8.217061317E-01  1.830264391E-01  8.169735683E-01  7.395684878E-03  3.291617133E-02 
        14  2.599937070E-01  6.999245510E-01  4.770022657E+00  2.890051975E+02  2.890051979E+02  1.533894110E-01  8.466105825E-01  1.576343509E-01  8.423656426E-01  6.365144191E-03  3.393310703E-02 
        15  2.500057384E-01  7.000450448E-01  3.040068823E+00  2.879390793E+02  2.879390796E+02  2.344981012E-01  7.655019044E-01  2.401246514E-01  7.598753542E-01  9.746154388E-03  3.070256846E-02 
        16  1.179999658E+00  1.300002449E+00  4.500000716E-01  2.919974080E+02  2.919974082E+02  6.515738544E-04  9.993484260E-01  6.737153738E-04  9.993262845E-01  2.687074884E-05  3.985753716E-02 
        17  2.090000552E+00  1.299991228E+00  2.640042717E+00  2.920006882E+02  2.920006959E+02  3.312872342E-05  9.999668638E-01  3.425520338E-05  9.999657373E-01  1.366233739E-06  3.988259305E-02 
        18  1.930000128E+00  1.300009553E+00  4.849983633E+00  2.920007931E+02  2.920007933E+02  4.599505508E-05  9.999540198E-01  4.755902756E-05  9.999524559E-01  1.896841723E-06  3.988204989E-02 
