nodenumber     x-coordinate     y-coordinate     z-coordinate      temperature total-temperature               n2              air         molef-n2        molef-air concentration-n2 concentration-air 
         1  1.180011401E+00  7.000440735E-01  4.499552279E-01  2.885925739E+02  2.885925742E+02  1.505931936E-01  8.494068046E-01  1.547072020E-01  8.452927962E-01  6.265583755E-03  3.409126696E-02 
         2  1.150002942E+00  1.299996259E+00  6.549998111E+00  2.920001624E+02  2.920001628E+02  6.768686308E-05  9.999322982E-01  6.998828054E-05  9.999299968E-01  2.791419967E-06  3.988123908E-02 
         3  2.599979183E-01  1.299834635E+00  4.769962194E+00  2.919742225E+02  2.919742226E+02  3.493660716E-03  9.965063235E-01  3.612027122E-03  9.963879570E-01  1.440752524E-04  3.974349861E-02 
         4  2.499957813E-01  1.300216226E+00  3.040010943E+00  2.919732013E+02  2.919732015E+02  3.464831174E-03  9.965351688E-01  3.582187844E-03  9.964178122E-01  1.428868759E-04  3.974482779E-02 
         5  1.179989316E+00  1.700000987E+00  4.500025386E-01  2.919954141E+02  2.919954142E+02  1.102694453E-03  9.988972825E-01  1.140148904E-03  9.988598280E-01  4.547447611E-05  3.983920396E-02 
         6  2.090000749E+00  1.699988964E+00  2.640041275E+00  2.920003618E+02  2.920003634E+02  4.991070848E-05  9.999500930E-01  5.160783391E-05  9.999483959E-01  2.058327308E-06  3.988194642E-02 
         7  1.929998960E+00  1.700096390E+00  4.850038151E+00  2.920005695E+02  2.920005699E+02  2.314435117E-05  9.999768575E-01  2.393134456E-05  9.999760705E-01  9.544773008E-07  3.988302176E-02 
         8  1.149997690E+00  1.699993700E+00  6.550001821E+00  2.919990050E+02  2.919990056E+02  1.560909114E-04  9.998438998E-01  1.613972972E-04  9.998385934E-01  6.437227771E-06  3.987775181E-02 
         9  2.599530306E-01  1.699784014E+00  4.769789816E+00  2.919938548E+02  2.919938552E+02  1.035565407E-03  9.989644367E-01  1.070725044E-03  9.989292771E-01  4.270622285E-05  3.984218722E-02 
        10  2.500325889E-01  1.700141952E+00  3.039603904E+00  2.919714559E+02  2.919714565E+02  4.672127413E-03  9.953278744E-01  4.830138991E-03  9.951698629E-01  1.926671544E-04  3.969528614E-02 
        11  2.090000512E+00  6.999920786E-01  2.640018387E+00  2.879726712E+02  2.879726720E+02  1.786238628E-01  8.213761521E-01  1.833229943E-01  8.166770206E-01  7.437320834E-03  3.300629610E-02 
        12  1.930000944E+00  7.000071781E-01  4.849993220E+00  2.883865551E+02  2.883865554E+02  1.673370486E-01  8.326629421E-01  1.717708573E-01  8.282291334E-01  6.963600523E-03  3.342229128E-02 
        13  1.149999460E+00  7.000041210E-01  6.549999896E+00  2.886548078E+02  2.886548083E+02  1.700914864E-01  8.299085211E-01  1.745919922E-01  8.254080153E-01  7.067066435E-03  3.328074958E-02 
        14  2.599937070E-01  6.999245510E-01  4.770022657E+00  2.890002365E+02  2.890002369E+02  1.378331849E-01  8.621668086E-01  1.417456979E-01  8.582542956E-01  5.722728546E-03  3.457614415E-02 
        15  2.500057384E-01  7.000450448E-01  3.040068823E+00  2.881238768E+02  2.881238770E+02  2.149372618E-01  7.850627438E-01  2.202198956E-01  7.797801100E-01  8.936514710E-03  3.148653091E-02 
        16  1.179999658E+00  1.300002449E+00  4.500000716E-01  2.919975062E+02  2.919975064E+02  7.122218897E-04  9.992877780E-01  7.364231540E-04  9.992635767E-01  2.937179447E-05  3.985502270E-02 
        17  2.090000552E+00  1.299991228E+00  2.640042717E+00  2.920007328E+02  2.920007405E+02  2.122740416E-05  9.999787651E-01  2.194921969E-05  9.999780433E-01  8.754219308E-07  3.988307777E-02 
        18  1.930000128E+00  1.300009553E+00  4.849983633E+00  2.920006581E+02  2.920006583E+02  5.919909991E-05  9.999408158E-01  6.121202645E-05  9.999388029E-01  2.441378535E-06  3.988152380E-02 
