nodenumber     x-coordinate     y-coordinate     z-coordinate      temperature total-temperature               n2              air         molef-n2        molef-air concentration-n2 concentration-air 
         1  1.180011401E+00  7.000440735E-01  4.499552279E-01  2.912542614E+02  2.912542617E+02  1.424352183E-02  9.857564763E-01  1.472007342E-02  9.852799247E-01  5.888230594E-04  3.939741281E-02 
         2  1.150002942E+00  1.299996259E+00  6.549998111E+00  2.919876772E+02  2.919876783E+02  3.328145283E-04  9.996671706E-01  3.441275888E-04  9.996558575E-01  1.372585288E-05  3.987201008E-02 
         3  2.599979183E-01  1.299834635E+00  4.769962194E+00  2.919976938E+02  2.919976939E+02  7.956261293E-05  9.999204216E-01  8.226791014E-05  9.999177163E-01  3.281206785E-06  3.988108641E-02 
         4  2.499957813E-01  1.300216226E+00  3.040010943E+00  2.919924043E+02  2.919924045E+02  3.389574889E-04  9.996610425E-01  3.504794977E-04  9.996495205E-01  1.397893267E-05  3.987111246E-02 
         5  1.179989316E+00  1.700000987E+00  4.500025386E-01  2.920004666E+02  2.920004667E+02  1.822209923E-05  9.999817549E-01  1.884172939E-05  9.999811352E-01  7.514834482E-07  3.988323682E-02 
         6  2.090000749E+00  1.699988964E+00  2.640041275E+00  2.919974542E+02  2.919974555E+02  7.184115411E-05  9.999281626E-01  7.428390440E-05  9.999257198E-01  2.962775929E-06  3.988143912E-02 
         7  1.929998960E+00  1.700096390E+00  4.850038151E+00  2.920006219E+02  2.920006220E+02  9.041758419E-08  9.999999114E-01  9.349225053E-08  9.999999084E-01  3.728841741E-09  3.988396535E-02 
         8  1.149997690E+00  1.699993700E+00  6.550001821E+00  2.919798725E+02  2.919798736E+02  5.481990453E-04  9.994517916E-01  5.668295691E-04  9.994331611E-01  2.260909494E-05  3.986419344E-02 
         9  2.599530306E-01  1.699784014E+00  4.769789816E+00  2.920004353E+02  2.920004356E+02  4.826398053E-06  9.999951757E-01  4.990519588E-06  9.999950116E-01  1.990418804E-07  3.988379555E-02 
        10  2.500325889E-01  1.700141952E+00  3.039603904E+00  2.920000768E+02  2.920000770E+02  3.459083255E-05  9.999654110E-01  3.576705198E-05  9.999642348E-01  1.426535066E-06  3.988261700E-02 
        11  2.090000512E+00  6.999920786E-01  2.640018387E+00  2.907823636E+02  2.907823641E+02  2.390785516E-02  9.760921597E-01  2.469904606E-02  9.753009688E-01  9.895162790E-04  3.906159281E-02 
        12  1.930000944E+00  7.000071781E-01  4.849993220E+00  2.913620885E+02  2.913620891E+02  1.363611532E-02  9.863638754E-01  1.408942824E-02  9.859105624E-01  5.638831303E-04  3.940759973E-02 
        13  1.149999460E+00  7.000041210E-01  6.549999896E+00  2.919051388E+02  2.919051393E+02  2.411760266E-03  9.975882472E-01  2.493136046E-03  9.975068714E-01  9.953476412E-05  3.979748924E-02 
        14  2.599937070E-01  6.999245510E-01  4.770022657E+00  2.917846642E+02  2.917846643E+02  5.112350818E-03  9.948876427E-01  5.284746692E-03  9.947152468E-01  2.110509320E-04  3.970245843E-02 
        15  2.500057384E-01  7.000450448E-01  3.040068823E+00  2.912878895E+02  2.912878897E+02  1.860658321E-02  9.813934224E-01  1.922277184E-02  9.807772338E-01  7.694219689E-04  3.921228248E-02 
        16  1.179999658E+00  1.300002449E+00  4.500000716E-01  2.919972882E+02  2.919972883E+02  1.380085874E-04  9.998619913E-01  1.427008877E-04  9.998572990E-01  5.691546992E-06  3.987873273E-02 
        17  2.090000552E+00  1.299991228E+00  2.640042717E+00  2.920000162E+02  2.920000233E+02  1.780375887E-05  9.999821888E-01  1.840915750E-05  9.999815834E-01  7.342336910E-07  3.988331683E-02 
        18  1.930000128E+00  1.300009553E+00  4.849983633E+00  2.919996420E+02  2.919996420E+02  1.977510429E-05  9.999802398E-01  2.044753999E-05  9.999795674E-01  8.155334295E-07  3.988328843E-02 
