nodenumber     x-coordinate     y-coordinate     z-coordinate      temperature total-temperature               n2              air         molef-n2        molef-air concentration-n2 concentration-air 
         1  1.180011401E+00  7.000440735E-01  4.499552279E-01  2.879515894E+02  2.879515896E+02  2.338554042E-01  7.661445939E-01  2.395398778E-01  7.604601203E-01  9.716637065E-03  3.072995779E-02 
         2  1.150002942E+00  1.299996259E+00  6.549998111E+00  2.919662136E+02  2.919662144E+02  3.483665431E-03  9.965163197E-01  3.601617930E-03  9.963983672E-01  1.436670294E-04  3.974500116E-02 
         3  2.599979183E-01  1.299834635E+00  4.769962194E+00  2.919659106E+02  2.919659109E+02  4.327578662E-03  9.956724055E-01  4.474075886E-03  9.955259083E-01  1.784653265E-04  3.971024409E-02 
         4  2.499957813E-01  1.300216226E+00  3.040010943E+00  2.919846534E+02  2.919846537E+02  2.328113351E-03  9.976718866E-01  2.407089397E-03  9.975929106E-01  9.600958807E-05  3.979014058E-02 
         5  1.179989316E+00  1.700000987E+00  4.500025386E-01  2.919831446E+02  2.919831448E+02  2.941600665E-03  9.970583763E-01  3.041324748E-03  9.969586522E-01  1.213074026E-04  3.976504703E-02 
         6  2.090000749E+00  1.699988964E+00  2.640041275E+00  2.919993784E+02  2.919993800E+02  2.380366256E-04  9.997619671E-01  2.461283934E-04  9.997538753E-01  9.816633554E-06  3.987432244E-02 
         7  1.929998960E+00  1.700096390E+00  4.850038151E+00  2.919928591E+02  2.919928595E+02  1.400241645E-03  9.985997602E-01  1.447780456E-03  9.985522214E-01  5.774494200E-05  3.982728449E-02 
         8  1.149997690E+00  1.699993700E+00  6.550001821E+00  2.919493161E+02  2.919493173E+02  5.217778666E-03  9.947822120E-01  5.394120574E-03  9.946058701E-01  2.151818209E-04  3.967579555E-02 
         9  2.599530306E-01  1.699784014E+00  4.769789816E+00  2.919580891E+02  2.919580896E+02  5.636412649E-03  9.943635894E-01  5.826961189E-03  9.941730409E-01  2.324362596E-04  3.965734319E-02 
        10  2.500325889E-01  1.700141952E+00  3.039603904E+00  2.919758126E+02  2.919758131E+02  3.802901541E-03  9.961971003E-01  3.931705110E-03  9.960682968E-01  1.568255229E-04  3.973053252E-02 
        11  2.090000512E+00  6.999920786E-01  2.640018387E+00  2.875876478E+02  2.875876485E+02  2.715578474E-01  7.284421675E-01  2.777211430E-01  7.222788719E-01  1.128054206E-02  2.921733080E-02 
        12  1.930000944E+00  7.000071781E-01  4.849993220E+00  2.888076670E+02  2.888076673E+02  1.883892528E-01  8.116107379E-01  1.933030673E-01  8.066969234E-01  7.813903711E-03  3.251215385E-02 
        13  1.149999460E+00  7.000041210E-01  6.549999896E+00  2.886697136E+02  2.886697141E+02  2.086206053E-01  7.913794022E-01  2.139128344E-01  7.860871730E-01  8.649950840E-03  3.169534810E-02 
        14  2.599937070E-01  6.999245510E-01  4.770022657E+00  2.888686103E+02  2.888686105E+02  2.010023420E-01  7.989976515E-01  2.061019057E-01  7.938980878E-01  8.332967110E-03  3.198482695E-02 
        15  2.500057384E-01  7.000450448E-01  3.040068823E+00  2.892096637E+02  2.892096642E+02  1.682139527E-01  8.317860529E-01  1.726805349E-01  8.273194707E-01  6.973195220E-03  3.329682882E-02 
        16  1.179999658E+00  1.300002449E+00  4.500000716E-01  2.919860258E+02  2.919860259E+02  2.431104732E-03  9.975688952E-01  2.513566474E-03  9.974864334E-01  1.002560372E-04  3.978570664E-02 
        17  2.090000552E+00  1.299991228E+00  2.640042717E+00  2.920001592E+02  2.920001656E+02  1.175737373E-04  9.998824188E-01  1.215710435E-04  9.998784215E-01  4.848751177E-06  3.987918278E-02 
        18  1.930000128E+00  1.300009553E+00  4.849983633E+00  2.919960913E+02  2.919960915E+02  8.487126449E-04  9.991513023E-01  8.775441032E-04  9.991224708E-01  3.500058067E-05  3.984958838E-02 
