nodenumber     x-coordinate     y-coordinate     z-coordinate      temperature total-temperature               n2              air         molef-n2        molef-air concentration-n2 concentration-air 
         1  1.180011401E+00  7.000440735E-01  4.499552279E-01  2.878952831E+02  2.878952833E+02  2.387417238E-01  7.612582743E-01  2.443977161E-01  7.556022821E-01  9.923626747E-03  3.053143449E-02 
         2  1.150002942E+00  1.299996259E+00  6.549998111E+00  2.919947313E+02  2.919947320E+02  6.318763859E-04  9.993681087E-01  6.533432878E-04  9.993466418E-01  2.605868418E-05  3.985871367E-02 
         3  2.599979183E-01  1.299834635E+00  4.769962194E+00  2.919739599E+02  2.919739602E+02  3.608572589E-03  9.963914116E-01  3.730815989E-03  9.962691682E-01  1.488137411E-04  3.973879600E-02 
         4  2.499957813E-01  1.300216226E+00  3.040010943E+00  2.919871539E+02  2.919871542E+02  2.238943655E-03  9.977610563E-01  2.314901305E-03  9.976850987E-01  9.233176553E-05  3.979347683E-02 
         5  1.179989316E+00  1.700000987E+00  4.500025386E-01  2.919862848E+02  2.919862850E+02  2.480292996E-03  9.975196840E-01  2.564419195E-03  9.974355578E-01  1.022842430E-04  3.978364124E-02 
         6  2.090000749E+00  1.699988964E+00  2.640041275E+00  2.919995145E+02  2.919995159E+02  1.951591944E-04  9.998048445E-01  2.017941645E-04  9.997982096E-01  8.048385381E-06  3.987607210E-02 
         7  1.929998960E+00  1.700096390E+00  4.850038151E+00  2.920006339E+02  2.920006343E+02  1.306418544E-05  9.999869377E-01  1.350841776E-05  9.999864934E-01  5.387692255E-07  3.988342867E-02 
         8  1.149997690E+00  1.699993700E+00  6.550001821E+00  2.919953163E+02  2.919953171E+02  5.541912739E-04  9.994457994E-01  5.730189839E-04  9.994269717E-01  2.285494614E-05  3.986183795E-02 
         9  2.599530306E-01  1.699784014E+00  4.769789816E+00  2.919656530E+02  2.919656535E+02  5.014637433E-03  9.949853647E-01  5.184262140E-03  9.948157400E-01  2.067942367E-04  3.968195180E-02 
        10  2.500325889E-01  1.700141952E+00  3.039603904E+00  2.919824578E+02  2.919824582E+02  3.274644876E-03  9.967253570E-01  3.385620302E-03  9.966143816E-01  1.350404241E-04  3.975140982E-02 
        11  2.090000512E+00  6.999920786E-01  2.640018387E+00  2.876781068E+02  2.876781076E+02  2.287468558E-01  7.712531591E-01  2.343540359E-01  7.656459790E-01  9.512104896E-03  3.097265497E-02 
        12  1.930000944E+00  7.000071781E-01  4.849993220E+00  2.884372270E+02  2.884372271E+02  1.977921290E-01  8.022078617E-01  2.027775190E-01  7.972224717E-01  8.217361328E-03  3.216125228E-02 
        13  1.149999460E+00  7.000041210E-01  6.549999896E+00  2.891978713E+02  2.891978719E+02  1.691712528E-01  8.308287547E-01  1.736480620E-01  8.263519455E-01  7.013405461E-03  3.325833063E-02 
        14  2.599937070E-01  6.999245510E-01  4.770022657E+00  2.892487669E+02  2.892487673E+02  1.522945357E-01  8.477054578E-01  1.565076215E-01  8.434923720E-01  6.314360643E-03  3.394991455E-02 
        15  2.500057384E-01  7.000450448E-01  3.040068823E+00  2.875398629E+02  2.875398633E+02  2.737639228E-01  7.262360828E-01  2.801292607E-01  7.198707449E-01  1.137260515E-02  2.913182780E-02 
        16  1.179999658E+00  1.300002449E+00  4.500000716E-01  2.919907119E+02  2.919907121E+02  1.779542411E-03  9.982204575E-01  1.839944358E-03  9.981600555E-01  7.338678340E-05  3.981193578E-02 
        17  2.090000552E+00  1.299991228E+00  2.640042717E+00  2.920003719E+02  2.920003797E+02  8.055184375E-05  9.999194407E-01  8.329069136E-05  9.999167019E-01  3.321968819E-06  3.988068052E-02 
        18  1.930000128E+00  1.300009553E+00  4.849983633E+00  2.920008454E+02  2.920008456E+02  6.422673694E-05  9.999357882E-01  6.641059810E-05  9.999336043E-01  2.648716251E-06  3.988129088E-02 
