nodenumber     x-coordinate     y-coordinate     z-coordinate      temperature total-temperature               n2              air         molef-n2        molef-air concentration-n2 concentration-air 
         1  1.180011401E+00  7.000440735E-01  4.499552279E-01  2.886717541E+02  2.886717543E+02  1.835842474E-01  8.164157508E-01  1.882654200E-01  8.117345782E-01  7.626427595E-03  3.271949513E-02 
         2  1.150002942E+00  1.299996259E+00  6.549998111E+00  2.919864998E+02  2.919865006E+02  1.430229873E-03  9.985697552E-01  1.478778906E-03  9.985212062E-01  5.898298815E-05  3.982691378E-02 
         3  2.599979183E-01  1.299834635E+00  4.769962194E+00  2.919761118E+02  2.919761123E+02  3.315317973E-03  9.966846662E-01  3.427665601E-03  9.965723186E-01  1.367204909E-04  3.975059526E-02 
         4  2.499957813E-01  1.300216226E+00  3.040010943E+00  2.919853316E+02  2.919853320E+02  2.554170273E-03  9.974458297E-01  2.640793703E-03  9.973592063E-01  1.053309162E-04  3.978072660E-02 
         5  1.179989316E+00  1.700000987E+00  4.500025386E-01  2.919822852E+02  2.919822853E+02  3.231628848E-03  9.967683481E-01  3.341153344E-03  9.966588236E-01  1.332668337E-04  3.975320500E-02 
         6  2.090000749E+00  1.699988964E+00  2.640041275E+00  2.920003443E+02  2.920003460E+02  7.102184219E-05  9.999289819E-01  7.343671458E-05  9.999265670E-01  2.928951447E-06  3.988107819E-02 
         7  1.929998960E+00  1.700096390E+00  4.850038151E+00  2.920005902E+02  2.920005907E+02  2.424597315E-05  9.999757559E-01  2.507040948E-05  9.999749315E-01  9.999076661E-07  3.988297350E-02 
         8  1.149997690E+00  1.699993700E+00  6.550001821E+00  2.919874713E+02  2.919874722E+02  1.331660013E-03  9.986683307E-01  1.376864183E-03  9.986231265E-01  5.491793625E-05  3.983084658E-02 
         9  2.599530306E-01  1.699784014E+00  4.769789816E+00  2.919604211E+02  2.919604217E+02  5.568461234E-03  9.944315409E-01  5.756715774E-03  9.942432863E-01  2.296326753E-04  3.965982817E-02 
        10  2.500325889E-01  1.700141952E+00  3.039603904E+00  2.919753963E+02  2.919753967E+02  4.232964143E-03  9.957670377E-01  4.376273361E-03  9.956237285E-01  1.745583349E-04  3.971285657E-02 
        11  2.090000512E+00  6.999920786E-01  2.640018387E+00  2.884140933E+02  2.884140941E+02  1.947704716E-01  8.052295433E-01  1.997223079E-01  8.002777070E-01  8.090262398E-03  3.229125290E-02 
        12  1.930000944E+00  7.000071781E-01  4.849993220E+00  2.882319955E+02  2.882319958E+02  2.149917460E-01  7.850082447E-01  2.202994425E-01  7.797005482E-01  8.931331480E-03  3.147597207E-02 
        13  1.149999460E+00  7.000041210E-01  6.549999896E+00  2.896210676E+02  2.896210681E+02  1.448954404E-01  8.551045670E-01  1.487802819E-01  8.512197255E-01  6.004515588E-03  3.420839310E-02 
        14  2.599937070E-01  6.999245510E-01  4.770022657E+00  2.891972601E+02  2.891972605E+02  1.614964260E-01  8.385035675E-01  1.658908752E-01  8.341091183E-01  6.695409273E-03  3.357614413E-02 
        15  2.500057384E-01  7.000450448E-01  3.040068823E+00  2.881704276E+02  2.881704280E+02  2.334524785E-01  7.665475271E-01  2.391426789E-01  7.608573267E-01  9.689655560E-03  3.072586939E-02 
        16  1.179999658E+00  1.300002449E+00  4.500000716E-01  2.919879970E+02  2.919879972E+02  2.283087119E-03  9.977169128E-01  2.360540089E-03  9.976394598E-01  9.415179284E-05  3.979154162E-02 
        17  2.090000552E+00  1.299991228E+00  2.640042717E+00  2.920006474E+02  2.920006549E+02  4.689082664E-05  9.999531017E-01  4.848522995E-05  9.999515073E-01  1.933784214E-06  3.988203107E-02 
        18  1.930000128E+00  1.300009553E+00  4.849983633E+00  2.920007038E+02  2.920007040E+02  9.279557577E-05  9.999072193E-01  9.595073881E-05  9.999040642E-01  3.826895692E-06  3.988013204E-02 
