nodenumber     x-coordinate     y-coordinate     z-coordinate      temperature total-temperature               n2              air         molef-n2        molef-air concentration-n2 concentration-air 
         1  1.180011401E+00  7.000440735E-01  4.499552279E-01  2.879515795E+02  2.879515796E+02  2.436808882E-01  7.563191100E-01  2.495623849E-01  7.504376132E-01  1.011912421E-02  3.032725093E-02 
         2  1.150002942E+00  1.299996259E+00  6.549998111E+00  2.919729627E+02  2.919729635E+02  3.069088020E-03  9.969308971E-01  3.173071008E-03  9.968269141E-01  1.265684938E-04  3.976117760E-02 
         3  2.599979183E-01  1.299834635E+00  4.769962194E+00  2.919830374E+02  2.919830377E+02  2.572025448E-03  9.974279587E-01  2.659252390E-03  9.973407318E-01  1.060680059E-04  3.978030165E-02 
         4  2.499957813E-01  1.300216226E+00  3.040010943E+00  2.919781556E+02  2.919781558E+02  3.317394685E-03  9.966826053E-01  3.429806894E-03  9.965701931E-01  1.368051598E-04  3.975023266E-02 
         5  1.179989316E+00  1.700000987E+00  4.500025386E-01  2.919789223E+02  2.919789224E+02  3.493780322E-03  9.965061966E-01  3.612157046E-03  9.963878199E-01  1.440778869E-04  3.974285334E-02 
         6  2.090000749E+00  1.699988964E+00  2.640041275E+00  2.919981898E+02  2.919981911E+02  4.189159121E-04  9.995810878E-01  4.331545838E-04  9.995668491E-01  1.727607888E-05  3.986702536E-02 
         7  1.929998960E+00  1.700096390E+00  4.850038151E+00  2.919962026E+02  2.919962030E+02  8.341936413E-04  9.991658082E-01  8.625308253E-04  9.991374710E-01  3.440178962E-05  3.985017093E-02 
         8  1.149997690E+00  1.699993700E+00  6.550001821E+00  2.919595003E+02  2.919595014E+02  4.513459364E-03  9.954865313E-01  4.666147276E-03  9.953338434E-01  1.861334268E-04  3.970345237E-02 
         9  2.599530306E-01  1.699784014E+00  4.769789816E+00  2.919694443E+02  2.919694447E+02  4.519221297E-03  9.954807808E-01  4.672175784E-03  9.953278263E-01  1.863649381E-04  3.970186313E-02 
        10  2.500325889E-01  1.700141952E+00  3.039603904E+00  2.919715287E+02  2.919715291E+02  4.544785394E-03  9.954552165E-01  4.698591336E-03  9.953014105E-01  1.874175672E-04  3.970052572E-02 
        11  2.090000512E+00  6.999920786E-01  2.640018387E+00  2.872935696E+02  2.872935704E+02  2.968926780E-01  7.031073369E-01  3.033434953E-01  6.966565196E-01  1.233616797E-02  2.820345391E-02 
        12  1.930000944E+00  7.000071781E-01  4.849993220E+00  2.894892171E+02  2.894892176E+02  1.483449992E-01  8.516549915E-01  1.523385649E-01  8.476614257E-01  6.148995099E-03  3.408217595E-02 
        13  1.149999460E+00  7.000041210E-01  6.549999896E+00  2.887010097E+02  2.887010103E+02  2.039834835E-01  7.960165239E-01  2.090971531E-01  7.909028544E-01  8.461391662E-03  3.187994052E-02 
        14  2.599937070E-01  6.999245510E-01  4.770022657E+00  2.888344769E+02  2.888344779E+02  1.993122712E-01  8.006877223E-01  2.043831360E-01  7.956168575E-01  8.263779453E-03  3.205869994E-02 
        15  2.500057384E-01  7.000450448E-01  3.040068823E+00  2.890377870E+02  2.890377875E+02  1.793098667E-01  8.206901389E-01  1.840080142E-01  8.159919914E-01  7.433223338E-03  3.286064302E-02 
        16  1.179999658E+00  1.300002449E+00  4.500000716E-01  2.919839995E+02  2.919839996E+02  2.760400567E-03  9.972395993E-01  2.854000150E-03  9.971459997E-01  1.138353471E-04  3.977240414E-02 
        17  2.090000552E+00  1.299991228E+00  2.640042717E+00  2.919993657E+02  2.919993725E+02  2.343612652E-04  9.997656313E-01  2.423282092E-04  9.997576643E-01  9.665068163E-06  3.987447485E-02 
        18  1.930000128E+00  1.300009553E+00  4.849983633E+00  2.919965386E+02  2.919965388E+02  7.425353408E-04  9.992574796E-01  7.677613664E-04  9.992322535E-01  3.062192060E-05  3.985390594E-02 
