nodenumber     x-coordinate     y-coordinate     z-coordinate      temperature total-temperature               n2              air         molef-n2        molef-air concentration-n2 concentration-air 
         1  1.180011401E+00  7.000440735E-01  4.499552279E-01  2.881126896E+02  2.881126897E+02  2.261787914E-01  7.738212067E-01  2.317212566E-01  7.682787415E-01  9.394571777E-03  3.102932632E-02 
         2  1.150002942E+00  1.299996259E+00  6.549998111E+00  2.919530633E+02  2.919530641E+02  5.091682038E-03  9.949083031E-01  5.263878054E-03  9.947361070E-01  2.099798304E-04  3.968048498E-02 
         3  2.599979183E-01  1.299834635E+00  4.769962194E+00  2.919626734E+02  2.919626738E+02  4.562951442E-03  9.954370327E-01  4.717370890E-03  9.952826133E-01  1.881725109E-04  3.970097919E-02 
         4  2.499957813E-01  1.300216226E+00  3.040010943E+00  2.919848029E+02  2.919848032E+02  2.499122140E-03  9.975008779E-01  2.583883400E-03  9.974161166E-01  1.030611961E-04  3.978306855E-02 
         5  1.179989316E+00  1.700000987E+00  4.500025386E-01  2.919798845E+02  2.919798847E+02  3.274636922E-03  9.967253400E-01  3.385614401E-03  9.966143625E-01  1.350413309E-04  3.975175845E-02 
         6  2.090000749E+00  1.699988964E+00  2.640041275E+00  2.919993884E+02  2.919993899E+02  2.298178376E-04  9.997701859E-01  2.376305564E-04  9.997623732E-01  9.477698948E-06  3.987466001E-02 
         7  1.929998960E+00  1.700096390E+00  4.850038151E+00  2.919909223E+02  2.919909227E+02  1.849626993E-03  9.981503749E-01  1.912391834E-03  9.980876100E-01  7.627658535E-05  3.980901740E-02 
         8  1.149997690E+00  1.699993700E+00  6.550001821E+00  2.919552406E+02  2.919552419E+02  4.699123556E-03  9.953008671E-01  4.858060108E-03  9.951419306E-01  1.937918192E-04  3.969637599E-02 
         9  2.599530306E-01  1.699784014E+00  4.769789816E+00  2.919521137E+02  2.919521143E+02  6.303249549E-03  9.936967525E-01  6.516191518E-03  9.934838106E-01  2.599348931E-04  3.963066099E-02 
        10  2.500325889E-01  1.700141952E+00  3.039603904E+00  2.919810166E+02  2.919810170E+02  3.300235363E-03  9.966997665E-01  3.412075147E-03  9.965879267E-01  1.360963073E-04  3.975055082E-02 
        11  2.090000512E+00  6.999920786E-01  2.640018387E+00  2.873489749E+02  2.873489757E+02  2.885326370E-01  7.114673779E-01  2.948354268E-01  7.051645881E-01  1.199174450E-02  2.854026047E-02 
        12  1.930000944E+00  7.000071781E-01  4.849993220E+00  2.889378142E+02  2.889378146E+02  1.809729364E-01  8.190270543E-01  1.857099828E-01  8.142900079E-01  7.505732525E-03  3.280223931E-02 
        13  1.149999460E+00  7.000041210E-01  6.549999896E+00  2.884373276E+02  2.884373282E+02  2.208822055E-01  7.791178020E-01  2.263884330E-01  7.736115744E-01  9.162114596E-03  3.121577662E-02 
        14  2.599937070E-01  6.999245510E-01  4.770022657E+00  2.889480638E+02  2.889480642E+02  1.966117183E-01  8.033882751E-01  2.016315802E-01  7.983684132E-01  8.149800626E-03  3.215686132E-02 
        15  2.500057384E-01  7.000450448E-01  3.040068823E+00  2.889237817E+02  2.889237822E+02  1.876675038E-01  8.123325018E-01  1.924201880E-01  8.075798176E-01  7.783287736E-03  3.252690656E-02 
        16  1.179999658E+00  1.300002449E+00  4.500000716E-01  2.919849722E+02  2.919849723E+02  2.523659382E-03  9.974763405E-01  2.609252469E-03  9.973907474E-01  1.040729358E-04  3.978203368E-02 
        17  2.090000552E+00  1.299991228E+00  2.640042717E+00  2.920002122E+02  2.920002188E+02  1.082621440E-04  9.998917304E-01  1.119429164E-04  9.998880496E-01  4.464741102E-06  3.987955956E-02 
        18  1.930000128E+00  1.300009553E+00  4.849983633E+00  2.919930115E+02  2.919930116E+02  1.391676355E-03  9.986083385E-01  1.438927367E-03  9.985610875E-01  5.739175965E-05  3.982761789E-02 
