nodenumber     x-coordinate     y-coordinate     z-coordinate      temperature total-temperature               n2              air         molef-n2        molef-air concentration-n2 concentration-air 
         1  1.180011401E+00  7.000440735E-01  4.499552279E-01  2.895790417E+02  2.895790421E+02  9.186716735E-02  9.081328308E-01  9.460334912E-02  9.053966490E-01  3.815571460E-03  3.640299917E-02 
         2  1.150002942E+00  1.299996259E+00  6.549998111E+00  2.920005839E+02  2.920005842E+02  2.341135944E-05  9.999765737E-01  2.420743283E-05  9.999757777E-01  9.654893243E-07  3.988300745E-02 
         3  2.599979183E-01  1.299834635E+00  4.769962194E+00  2.919932767E+02  2.919932769E+02  8.891473469E-04  9.991108368E-01  9.193464670E-04  9.990806377E-01  3.666840196E-05  3.984830257E-02 
         4  2.499957813E-01  1.300216226E+00  3.040010943E+00  2.919890597E+02  2.919890600E+02  1.902994722E-03  9.980970053E-01  1.967572842E-03  9.980324272E-01  7.847788700E-05  3.980707037E-02 
         5  1.179989316E+00  1.700000987E+00  4.500025386E-01  2.920002019E+02  2.920002021E+02  2.228045585E-04  9.997771724E-01  2.303792722E-04  9.997695977E-01  9.188453162E-06  3.987483600E-02 
         6  2.090000749E+00  1.699988964E+00  2.640041275E+00  2.920004964E+02  2.920004977E+02  2.928122152E-05  9.999707225E-01  3.027689722E-05  9.999697268E-01  1.207563492E-06  3.988277881E-02 
         7  1.929998960E+00  1.700096390E+00  4.850038151E+00  2.920006251E+02  2.920006253E+02  7.724208149E-07  9.999992294E-01  7.986870572E-07  9.999992032E-01  3.185480692E-08  3.988393679E-02 
         8  1.149997690E+00  1.699993700E+00  6.550001821E+00  2.919999717E+02  2.919999723E+02  5.759089964E-05  9.999423998E-01  5.954907258E-05  9.999404416E-01  2.375063156E-06  3.988168193E-02 
         9  2.599530306E-01  1.699784014E+00  4.769789816E+00  2.920005755E+02  2.920005759E+02  6.096056179E-06  9.999939060E-01  6.303351188E-06  9.999936987E-01  2.514027206E-07  3.988372403E-02 
        10  2.500325889E-01  1.700141952E+00  3.039603904E+00  2.919870992E+02  2.919870996E+02  2.403681211E-03  9.975963207E-01  2.485197756E-03  9.975148041E-01  9.912456190E-05  3.978669165E-02 
        11  2.090000512E+00  6.999920786E-01  2.640018387E+00  2.890250346E+02  2.890250354E+02  1.167083514E-01  8.832916635E-01  1.200458236E-01  8.799541913E-01  4.851511313E-03  3.544426337E-02 
        12  1.930000944E+00  7.000071781E-01  4.849993220E+00  2.892903598E+02  2.892903600E+02  1.166720278E-01  8.833279629E-01  1.199748552E-01  8.800251355E-01  4.848238210E-03  3.541086616E-02 
        13  1.149999460E+00  7.000041210E-01  6.549999896E+00  2.897400814E+02  2.897400822E+02  9.266506658E-02  9.073349409E-01  9.541377993E-02  9.045862275E-01  3.845318735E-03  3.635064541E-02 
        14  2.599937070E-01  6.999245510E-01  4.770022657E+00  2.897693854E+02  2.897693858E+02  8.879237256E-02  9.112076209E-01  9.147372793E-02  9.085262656E-01  3.683517868E-03  3.650822508E-02 
        15  2.500057384E-01  7.000450448E-01  3.040068823E+00  2.892270605E+02  2.892270607E+02  1.390612451E-01  8.609387605E-01  1.429073097E-01  8.570926959E-01  5.772869325E-03  3.449493049E-02 
        16  1.179999658E+00  1.300002449E+00  4.500000716E-01  2.920001114E+02  2.920001115E+02  2.609953639E-04  9.997390045E-01  2.698681566E-04  9.997301317E-01  1.076343222E-05  3.987327522E-02 
        17  2.090000552E+00  1.299991228E+00  2.640042717E+00  2.920008046E+02  2.920008121E+02  1.044053853E-05  9.999895520E-01  1.079556412E-05  9.999891970E-01  4.305697457E-07  3.988351282E-02 
        18  1.930000128E+00  1.300009553E+00  4.849983633E+00  2.920008174E+02  2.920008175E+02  1.630915917E-05  9.999837057E-01  1.686374188E-05  9.999831512E-01  6.725925163E-07  3.988327082E-02 
