nodenumber     x-coordinate     y-coordinate     z-coordinate      temperature total-temperature               n2              air         molef-n2        molef-air concentration-n2 concentration-air 
         1  1.180011401E+00  7.000440735E-01  4.499552279E-01  2.885672417E+02  2.885672418E+02  2.005475632E-01  7.994524350E-01  2.056364397E-01  7.943635585E-01  8.323988136E-03  3.203603214E-02 
         2  1.150002942E+00  1.299996259E+00  6.549998111E+00  2.919593600E+02  2.919593609E+02  4.238513797E-03  9.957614713E-01  4.381926348E-03  9.956180588E-01  1.747966773E-04  3.971480788E-02 
         3  2.599979183E-01  1.299834635E+00  4.769962194E+00  2.919696661E+02  2.919696664E+02  4.012423223E-03  9.959875609E-01  4.148297275E-03  9.958516869E-01  1.654682367E-04  3.972272810E-02 
         4  2.499957813E-01  1.300216226E+00  3.040010943E+00  2.919843015E+02  2.919843018E+02  2.563609385E-03  9.974363906E-01  2.650553328E-03  9.973494467E-01  1.057205313E-04  3.978047771E-02 
         5  1.179989316E+00  1.700000987E+00  4.500025386E-01  2.919825796E+02  2.919825798E+02  3.008967988E-03  9.969910090E-01  3.110966597E-03  9.968890104E-01  1.240854600E-04  3.976234616E-02 
         6  2.090000749E+00  1.699988964E+00  2.640041275E+00  2.919985343E+02  2.919985359E+02  3.632006007E-04  9.996368031E-01  3.755458400E-04  9.996244579E-01  1.497838400E-05  3.986927598E-02 
         7  1.929998960E+00  1.700096390E+00  4.850038151E+00  2.919926091E+02  2.919926095E+02  1.418178890E-03  9.985818230E-01  1.466315750E-03  9.985336861E-01  5.848452923E-05  3.982657904E-02 
         8  1.149997690E+00  1.699993700E+00  6.550001821E+00  2.919472080E+02  2.919472092E+02  5.418415199E-03  9.945815755E-01  5.601489477E-03  9.943985012E-01  2.234562018E-04  3.966780924E-02 
         9  2.599530306E-01  1.699784014E+00  4.769789816E+00  2.919666781E+02  2.919666785E+02  4.530616050E-03  9.954693860E-01  4.683958392E-03  9.953160437E-01  1.868365877E-04  3.970176939E-02 
        10  2.500325889E-01  1.700141952E+00  3.039603904E+00  2.919795083E+02  2.919795087E+02  3.459184993E-03  9.965408169E-01  3.576392958E-03  9.964236089E-01  1.426511035E-04  3.974420207E-02 
        11  2.090000512E+00  6.999920786E-01  2.640018387E+00  2.874812790E+02  2.874812798E+02  2.822697290E-01  7.177302859E-01  2.884693126E-01  7.115307023E-01  1.172868674E-02  2.878465071E-02 
        12  1.930000944E+00  7.000071781E-01  4.849993220E+00  2.895676941E+02  2.895676943E+02  1.448396470E-01  8.551603437E-01  1.488095741E-01  8.511904166E-01  6.001051578E-03  3.421896195E-02 
        13  1.149999460E+00  7.000041210E-01  6.549999896E+00  2.891857883E+02  2.891857888E+02  1.761205233E-01  8.238794841E-01  1.808017778E-01  8.191982297E-01  7.296814480E-03  3.297624155E-02 
        14  2.599937070E-01  6.999245510E-01  4.770022657E+00  2.893245210E+02  2.893245217E+02  1.740263543E-01  8.259736392E-01  1.786001935E-01  8.213998000E-01  7.209302238E-03  3.304471786E-02 
        15  2.500057384E-01  7.000450448E-01  3.040068823E+00  2.887803349E+02  2.887803357E+02  1.949445296E-01  8.050554760E-01  1.998905181E-01  8.001094875E-01  8.086160683E-03  3.224396776E-02 
        16  1.179999658E+00  1.300002449E+00  4.500000716E-01  2.919848062E+02  2.919848063E+02  2.658375424E-03  9.973416245E-01  2.748524938E-03  9.972514749E-01  1.096280385E-04  3.977650124E-02 
        17  2.090000552E+00  1.299991228E+00  2.640042717E+00  2.919997551E+02  2.919997621E+02  1.748987908E-04  9.998250938E-01  1.808446047E-04  9.998191479E-01  7.212836658E-06  3.987687390E-02 
        18  1.930000128E+00  1.300009553E+00  4.849983633E+00  2.919958182E+02  2.919958183E+02  8.332064789E-04  9.991668084E-01  8.615086043E-04  9.991385063E-01  3.436113236E-05  3.985026513E-02 
