nodenumber     x-coordinate     y-coordinate     z-coordinate      temperature total-temperature               n2              air         molef-n2        molef-air concentration-n2 concentration-air 
         1  1.180011401E+00  7.000440735E-01  4.499552279E-01  2.887550425E+02  2.887550426E+02  1.799245620E-01  8.200754361E-01  1.845130114E-01  8.154869868E-01  7.474170168E-03  3.286021762E-02 
         2  1.150002942E+00  1.299996259E+00  6.549998111E+00  2.919995058E+02  2.919995063E+02  1.441358920E-04  9.998558492E-01  1.490359980E-04  9.998509491E-01  5.944189806E-06  3.987817600E-02 
         3  2.599979183E-01  1.299834635E+00  4.769962194E+00  2.919741132E+02  2.919741133E+02  3.609812318E-03  9.963901718E-01  3.732096623E-03  9.962678875E-01  1.488646953E-04  3.973872411E-02 
         4  2.499957813E-01  1.300216226E+00  3.040010943E+00  2.919861621E+02  2.919861623E+02  2.124317710E-03  9.978756823E-01  2.196386490E-03  9.978036135E-01  8.760526939E-05  3.979833882E-02 
         5  1.179989316E+00  1.700000987E+00  4.500025386E-01  2.919940550E+02  2.919940552E+02  1.301490223E-03  9.986984867E-01  1.345687551E-03  9.986542894E-01  5.367257804E-05  3.983119150E-02 
         6  2.090000749E+00  1.699988964E+00  2.640041275E+00  2.920000509E+02  2.920000524E+02  1.061954153E-04  9.998938083E-01  1.098060640E-04  9.998901977E-01  4.379513544E-06  3.987966771E-02 
         7  1.929998960E+00  1.700096390E+00  4.850038151E+00  2.920006003E+02  2.920006007E+02  2.362437036E-05  9.999763775E-01  2.442767898E-05  9.999755742E-01  9.742729018E-07  3.988299775E-02 
         8  1.149997690E+00  1.699993700E+00  6.550001821E+00  2.919985540E+02  2.919985547E+02  2.234618756E-04  9.997765288E-01  2.310577218E-04  9.997689330E-01  9.215610776E-06  3.987503503E-02 
         9  2.599530306E-01  1.699784014E+00  4.769789816E+00  2.919557098E+02  2.919557103E+02  6.559139139E-03  9.934408630E-01  6.780621979E-03  9.932193801E-01  2.704811835E-04  3.961962338E-02 
        10  2.500325889E-01  1.700141952E+00  3.039603904E+00  2.919835411E+02  2.919835415E+02  2.953172253E-03  9.970468296E-01  3.053281977E-03  9.969467199E-01  1.217843029E-04  3.976451796E-02 
        11  2.090000512E+00  6.999920786E-01  2.640018387E+00  2.877851840E+02  2.877851849E+02  2.129714963E-01  7.870285186E-01  2.183585362E-01  7.816414787E-01  8.857689142E-03  3.161188676E-02 
        12  1.930000944E+00  7.000071781E-01  4.849993220E+00  2.887513485E+02  2.887513487E+02  1.727870901E-01  8.272129006E-01  1.772826568E-01  8.227173339E-01  7.177975135E-03  3.315663081E-02 
        13  1.149999460E+00  7.000041210E-01  6.549999896E+00  2.890116072E+02  2.890116076E+02  1.726392347E-01  8.273607727E-01  1.770349822E-01  8.229650253E-01  7.166497560E-03  3.313193919E-02 
        14  2.599937070E-01  6.999245510E-01  4.770022657E+00  2.891923973E+02  2.891923981E+02  1.489007548E-01  8.510992387E-01  1.529684038E-01  8.470315897E-01  6.178651526E-03  3.409385354E-02 
        15  2.500057384E-01  7.000450448E-01  3.040068823E+00  2.878779251E+02  2.878779253E+02  2.487549328E-01  7.512450728E-01  2.546857988E-01  7.453142068E-01  1.033199028E-02  3.012496971E-02 
        16  1.179999658E+00  1.300002449E+00  4.500000716E-01  2.919963971E+02  2.919963973E+02  8.704187629E-04  9.991295811E-01  8.999906430E-04  9.991000092E-01  3.589572343E-05  3.984865027E-02 
        17  2.090000552E+00  1.299991228E+00  2.640042717E+00  2.920004850E+02  2.920004927E+02  5.946594616E-05  9.999405266E-01  6.148788457E-05  9.999385047E-01  2.452384286E-06  3.988153465E-02 
        18  1.930000128E+00  1.300009553E+00  4.849983633E+00  2.920007108E+02  2.920007109E+02  8.017458865E-05  9.999198403E-01  8.290067146E-05  9.999171142E-01  3.306407086E-06  3.988065158E-02 
