nodenumber     x-coordinate     y-coordinate     z-coordinate      temperature total-temperature               n2              air         molef-n2        molef-air concentration-n2 concentration-air 
         1  1.180011401E+00  7.000440735E-01  4.499552279E-01  2.882614140E+02  2.882614141E+02  2.005953174E-01  7.994046807E-01  2.056290316E-01  7.943709666E-01  8.339984066E-03  3.206356202E-02 
         2  1.150002942E+00  1.299996259E+00  6.549998111E+00  2.919994059E+02  2.919994064E+02  1.523455833E-04  9.998476395E-01  1.575247496E-04  9.998424603E-01  6.282759595E-06  3.987785107E-02 
         3  2.599979183E-01  1.299834635E+00  4.769962194E+00  2.919746284E+02  2.919746285E+02  3.502397715E-03  9.964975865E-01  3.621055682E-03  9.963789285E-01  1.444353124E-04  3.974308310E-02 
         4  2.499957813E-01  1.300216226E+00  3.040010943E+00  2.919866169E+02  2.919866171E+02  2.077213072E-03  9.979227869E-01  2.147690858E-03  9.978523091E-01  8.566275509E-05  3.980021920E-02 
         5  1.179989316E+00  1.700000987E+00  4.500025386E-01  2.919941798E+02  2.919941800E+02  1.274559790E-03  9.987254172E-01  1.317843846E-03  9.986821331E-01  5.256201215E-05  3.983228502E-02 
         6  2.090000749E+00  1.699988964E+00  2.640041275E+00  2.919999853E+02  2.919999868E+02  1.184809356E-04  9.998815228E-01  1.225092683E-04  9.998774945E-01  4.886169540E-06  3.987917001E-02 
         7  1.929998960E+00  1.700096390E+00  4.850038151E+00  2.920005894E+02  2.920005898E+02  2.720272578E-05  9.999727991E-01  2.812770424E-05  9.999718742E-01  1.121844707E-06  3.988285167E-02 
         8  1.149997690E+00  1.699993700E+00  6.550001821E+00  2.919985548E+02  2.919985555E+02  2.195979616E-04  9.997803927E-01  2.270623801E-04  9.997729283E-01  9.056264042E-06  3.987519427E-02 
         9  2.599530306E-01  1.699784014E+00  4.769789816E+00  2.919634081E+02  2.919634086E+02  5.471081730E-03  9.945289204E-01  5.656064234E-03  9.943439379E-01  2.256153559E-04  3.966343739E-02 
        10  2.500325889E-01  1.700141952E+00  3.039603904E+00  2.919815647E+02  2.919815651E+02  3.240865591E-03  9.967591363E-01  3.350695182E-03  9.966493067E-01  1.336479276E-04  3.975292433E-02 
        11  2.090000512E+00  6.999920786E-01  2.640018387E+00  2.880878501E+02  2.880878511E+02  2.012104063E-01  7.987896086E-01  2.063531297E-01  7.936468852E-01  8.363368661E-03  3.206369086E-02 
        12  1.930000944E+00  7.000071781E-01  4.849993220E+00  2.885671773E+02  2.885671775E+02  1.828677328E-01  8.171322579E-01  1.874953875E-01  8.125046032E-01  7.601631392E-03  3.275916193E-02 
        13  1.149999460E+00  7.000041210E-01  6.549999896E+00  2.889210772E+02  2.889210778E+02  1.802025149E-01  8.197974925E-01  1.849029861E-01  8.150970213E-01  7.475243290E-03  3.283517174E-02 
        14  2.599937070E-01  6.999245510E-01  4.770022657E+00  2.891298245E+02  2.891298252E+02  1.523989445E-01  8.476010490E-01  1.566105226E-01  8.433894708E-01  6.321794532E-03  3.395911447E-02 
        15  2.500057384E-01  7.000450448E-01  3.040068823E+00  2.876974089E+02  2.876974092E+02  2.504353478E-01  7.495646578E-01  2.563350951E-01  7.436649104E-01  1.041050036E-02  3.007220805E-02 
        16  1.179999658E+00  1.300002449E+00  4.500000716E-01  2.919965362E+02  2.919965363E+02  8.455975385E-04  9.991544023E-01  8.743268970E-04  9.991256730E-01  3.487211933E-05  3.984965487E-02 
        17  2.090000552E+00  1.299991228E+00  2.640042717E+00  2.920004667E+02  2.920004739E+02  6.304275771E-05  9.999369498E-01  6.518630905E-05  9.999348062E-01  2.599892381E-06  3.988138965E-02 
        18  1.930000128E+00  1.300009553E+00  4.849983633E+00  2.920007065E+02  2.920007067E+02  7.998504856E-05  9.999200299E-01  8.270468237E-05  9.999173102E-01  3.298590371E-06  3.988065997E-02 
