nodenumber     x-coordinate     y-coordinate     z-coordinate      temperature total-temperature               n2              air         molef-n2        molef-air concentration-n2 concentration-air 
         1  1.180011401E+00  7.000440735E-01  4.499552279E-01  2.906981038E+02  2.906981039E+02  3.724219479E-02  9.627578033E-01  3.841925244E-02  9.615807457E-01  1.545210435E-03  3.851819264E-02 
         2  1.150002942E+00  1.299996259E+00  6.549998111E+00  2.920007198E+02  2.920007202E+02  9.624491110E-06  9.999903606E-01  9.951768032E-06  9.999900333E-01  3.969160122E-07  3.988355745E-02 
         3  2.599979183E-01  1.299834635E+00  4.769962194E+00  2.919982589E+02  2.919982590E+02  2.168152402E-04  9.997831689E-01  2.241860282E-04  9.997757981E-01  8.941519093E-06  3.987534892E-02 
         4  2.499957813E-01  1.300216226E+00  3.040010943E+00  2.919989995E+02  2.919989998E+02  7.020412001E-04  9.992979588E-01  7.258959196E-04  9.992741041E-01  2.895178103E-05  3.985523875E-02 
         5  1.179989316E+00  1.700000987E+00  4.500025386E-01  2.920003255E+02  2.920003257E+02  1.092925604E-04  9.998906844E-01  1.130085920E-04  9.998869684E-01  4.507236285E-06  3.987950034E-02 
         6  2.090000749E+00  1.699988964E+00  2.640041275E+00  2.920005082E+02  2.920005096E+02  1.520295023E-05  9.999848008E-01  1.571991981E-05  9.999842838E-01  6.269730933E-07  3.988335778E-02 
         7  1.929998960E+00  1.700096390E+00  4.850038151E+00  2.920006248E+02  2.920006250E+02  4.302229761E-07  9.999995716E-01  4.448527677E-07  9.999995570E-01  1.774249246E-08  3.988395094E-02 
         8  1.149997690E+00  1.699993700E+00  6.550001821E+00  2.920003688E+02  2.920003693E+02  1.902326575E-05  9.999809674E-01  1.967013037E-05  9.999803206E-01  7.845241969E-07  3.988321823E-02 
         9  2.599530306E-01  1.699784014E+00  4.769789816E+00  2.920005839E+02  2.920005842E+02  3.967794153E-06  9.999960343E-01  4.102718965E-06  9.999958994E-01  1.636327376E-07  3.988381065E-02 
        10  2.500325889E-01  1.700141952E+00  3.039603904E+00  2.919985510E+02  2.919985513E+02  5.536823102E-04  9.994463196E-01  5.724962439E-04  9.994275056E-01  2.283363665E-05  3.986141831E-02 
        11  2.090000512E+00  6.999920786E-01  2.640018387E+00  2.898447390E+02  2.898447400E+02  7.508283495E-02  9.249171799E-01  7.736184680E-02  9.226381681E-01  3.116486130E-03  3.706491325E-02 
        12  1.930000944E+00  7.000071781E-01  4.849993220E+00  2.904940194E+02  2.904940197E+02  4.665943584E-02  9.533405548E-01  4.810987827E-02  9.518901124E-01  1.936547567E-03  3.815510567E-02 
        13  1.149999460E+00  7.000041210E-01  6.549999896E+00  2.908030244E+02  2.908030251E+02  4.153668983E-02  9.584633176E-01  4.284704902E-02  9.571529584E-01  1.720542059E-03  3.832809467E-02 
        14  2.599937070E-01  6.999245510E-01  4.770022657E+00  2.905411921E+02  2.905411925E+02  4.889637979E-02  9.511036137E-01  5.045253799E-02  9.495474555E-01  2.025403361E-03  3.805924224E-02 
        15  2.500057384E-01  7.000450448E-01  3.040068823E+00  2.901851452E+02  2.901851456E+02  7.978762096E-02  9.202123846E-01  8.214024549E-02  9.178597601E-01  3.309095510E-03  3.682534712E-02 
        16  1.179999658E+00  1.300002449E+00  4.500000716E-01  2.920001770E+02  2.920001771E+02  2.057789081E-04  9.997942210E-01  2.127749155E-04  9.997872250E-01  8.486321915E-06  3.987554336E-02 
        17  2.090000552E+00  1.299991228E+00  2.640042717E+00  2.920008106E+02  2.920008178E+02  5.813012660E-06  9.999941795E-01  6.010683149E-06  9.999939819E-01  2.397297813E-07  3.988370283E-02 
        18  1.930000128E+00  1.300009553E+00  4.849983633E+00  2.920007532E+02  2.920007533E+02  1.280109442E-05  9.999872138E-01  1.323639028E-05  9.999867785E-01  5.279196010E-07  3.988342427E-02 
