nodenumber     x-coordinate     y-coordinate     z-coordinate      temperature total-temperature               n2              air         molef-n2        molef-air concentration-n2 concentration-air 
         1  1.180011401E+00  7.000440735E-01  4.499552279E-01  2.878191776E+02  2.878191778E+02  2.328384450E-01  7.671615531E-01  2.384283732E-01  7.615716249E-01  9.683285307E-03  3.078246385E-02 
         2  1.150002942E+00  1.299996259E+00  6.549998111E+00  2.919972582E+02  2.919972589E+02  3.634132990E-04  9.996365718E-01  3.757641190E-04  9.996242210E-01  1.498723464E-05  3.986943996E-02 
         3  2.599979183E-01  1.299834635E+00  4.769962194E+00  2.919747127E+02  2.919747129E+02  3.668696130E-03  9.963312880E-01  3.792975872E-03  9.962070083E-01  1.512924184E-04  3.973621447E-02 
         4  2.499957813E-01  1.300216226E+00  3.040010943E+00  2.919823780E+02  2.919823783E+02  2.578666682E-03  9.974213333E-01  2.666110740E-03  9.973338893E-01  1.063420560E-04  3.978011895E-02 
         5  1.179989316E+00  1.700000987E+00  4.500025386E-01  2.919908461E+02  2.919908463E+02  1.803484214E-03  9.981964927E-01  1.864696935E-03  9.981352800E-01  7.437402132E-05  3.981092838E-02 
         6  2.090000749E+00  1.699988964E+00  2.640041275E+00  2.920000545E+02  2.920000560E+02  1.116583836E-04  9.998883453E-01  1.154548155E-04  9.998845489E-01  4.604807096E-06  3.987944192E-02 
         7  1.929998960E+00  1.700096390E+00  4.850038151E+00  2.920006329E+02  2.920006334E+02  1.378972813E-05  9.999862121E-01  1.425862858E-05  9.999857432E-01  5.686906203E-07  3.988339888E-02 
         8  1.149997690E+00  1.699993700E+00  6.550001821E+00  2.919954683E+02  2.919954692E+02  5.059468988E-04  9.994940438E-01  5.231370243E-04  9.994768537E-01  2.086537728E-05  3.986380676E-02 
         9  2.599530306E-01  1.699784014E+00  4.769789816E+00  2.919684249E+02  2.919684253E+02  4.887546985E-03  9.951124551E-01  5.052908421E-03  9.949470937E-01  2.015522809E-04  3.968681505E-02 
        10  2.500325889E-01  1.700141952E+00  3.039603904E+00  2.919809043E+02  2.919809047E+02  3.186204950E-03  9.968137969E-01  3.294192909E-03  9.967058090E-01  1.313944254E-04  3.975526804E-02 
        11  2.090000512E+00  6.999920786E-01  2.640018387E+00  2.877371848E+02  2.877371859E+02  2.286058121E-01  7.713942028E-01  2.341189856E-01  7.658810293E-01  9.506610140E-03  3.097015221E-02 
        12  1.930000944E+00  7.000071781E-01  4.849993220E+00  2.886793892E+02  2.886793896E+02  1.811887877E-01  8.188112030E-01  1.858254744E-01  8.141745163E-01  7.526840396E-03  3.281791750E-02 
        13  1.149999460E+00  7.000041210E-01  6.549999896E+00  2.893375681E+02  2.893375685E+02  1.634506166E-01  8.365493909E-01  1.677452182E-01  8.322547892E-01  6.776061686E-03  3.347643077E-02 
        14  2.599937070E-01  6.999245510E-01  4.770022657E+00  2.889903212E+02  2.889903216E+02  1.633009404E-01  8.366990530E-01  1.677531481E-01  8.322468454E-01  6.774453708E-03  3.352592227E-02 
        15  2.500057384E-01  7.000450448E-01  3.040068823E+00  2.879745788E+02  2.879745792E+02  2.421513280E-01  7.578486775E-01  2.479059957E-01  7.520940099E-01  1.006041667E-02  3.038338865E-02 
        16  1.179999658E+00  1.300002449E+00  4.500000716E-01  2.919933464E+02  2.919933466E+02  1.401333284E-03  9.985986666E-01  1.448916572E-03  9.985510833E-01  5.778999048E-05  3.982717270E-02 
        17  2.090000552E+00  1.299991228E+00  2.640042717E+00  2.920005317E+02  2.920005392E+02  5.687991206E-05  9.999431126E-01  5.881394150E-05  9.999411786E-01  2.345735610E-06  3.988163492E-02 
        18  1.930000128E+00  1.300009553E+00  4.849983633E+00  2.920008244E+02  2.920008246E+02  6.760753296E-05  9.999324074E-01  6.990633420E-05  9.999301086E-01  2.788140268E-06  3.988115432E-02 
