nodenumber     x-coordinate     y-coordinate     z-coordinate      temperature total-temperature               n2              air         molef-n2        molef-air concentration-n2 concentration-air 
         1  1.180011401E+00  7.000440735E-01  4.499552279E-01  2.905737172E+02  2.905737173E+02  3.971018193E-02  9.602898162E-01  4.096653731E-02  9.590334608E-01  1.647909684E-03  3.843266617E-02 
         2  1.150002942E+00  1.299996259E+00  6.549998111E+00  2.920007332E+02  2.920007335E+02  8.620954425E-06  9.999913641E-01  8.914107035E-06  9.999910710E-01  3.555299423E-07  3.988359700E-02 
         3  2.599979183E-01  1.299834635E+00  4.769962194E+00  2.919982019E+02  2.919982020E+02  2.157476688E-04  9.997842365E-01  2.230821795E-04  9.997769020E-01  8.897494721E-06  3.987540073E-02 
         4  2.499957813E-01  1.300216226E+00  3.040010943E+00  2.919991637E+02  2.919991639E+02  5.818160276E-04  9.994181840E-01  6.015880986E-04  9.993984119E-01  2.399385524E-05  3.986017426E-02 
         5  1.179989316E+00  1.700000987E+00  4.500025386E-01  2.920003388E+02  2.920003390E+02  1.061945413E-04  9.998937824E-01  1.098052386E-04  9.998901717E-01  4.379473582E-06  3.987962629E-02 
         6  2.090000749E+00  1.699988964E+00  2.640041275E+00  2.920004959E+02  2.920004972E+02  1.603048844E-05  9.999839732E-01  1.657559752E-05  9.999834281E-01  6.611009701E-07  3.988332534E-02 
         7  1.929998960E+00  1.700096390E+00  4.850038151E+00  2.920006249E+02  2.920006251E+02  4.232682790E-07  9.999995786E-01  4.376615781E-07  9.999995642E-01  1.745567937E-08  3.988395121E-02 
         8  1.149997690E+00  1.699993700E+00  6.550001821E+00  2.920003337E+02  2.920003342E+02  2.053278445E-05  9.999794579E-01  2.123097661E-05  9.999787597E-01  8.467772362E-07  3.988316077E-02 
         9  2.599530306E-01  1.699784014E+00  4.769789816E+00  2.920005816E+02  2.920005819E+02  4.126394031E-06  9.999958757E-01  4.266712007E-06  9.999957354E-01  1.701734338E-07  3.988380443E-02 
        10  2.500325889E-01  1.700141952E+00  3.039603904E+00  2.919988438E+02  2.919988441E+02  5.341324277E-04  9.994658694E-01  5.522799476E-04  9.994477219E-01  2.202733222E-05  3.986218462E-02 
        11  2.090000512E+00  6.999920786E-01  2.640018387E+00  2.894157339E+02  2.894157349E+02  9.176352947E-02  9.082364854E-01  9.449357410E-02  9.055064408E-01  3.812162596E-03  3.642894006E-02 
        12  1.930000944E+00  7.000071781E-01  4.849993220E+00  2.902465952E+02  2.902465955E+02  5.186713449E-02  9.481328562E-01  5.348361051E-02  9.465163802E-01  2.153184632E-03  3.797260886E-02 
        13  1.149999460E+00  7.000041210E-01  6.549999896E+00  2.910239020E+02  2.910239027E+02  3.233105176E-02  9.676689557E-01  3.336193052E-02  9.666380769E-01  1.338659287E-03  3.867949860E-02 
        14  2.599937070E-01  6.999245510E-01  4.770022657E+00  2.904489205E+02  2.904489211E+02  5.041616217E-02  9.495838313E-01  5.201729766E-02  9.479826958E-01  2.089062034E-03  3.800835567E-02 
        15  2.500057384E-01  7.000450448E-01  3.040068823E+00  2.896047723E+02  2.896047727E+02  1.086186285E-01  8.913813771E-01  1.117078211E-01  8.882921845E-01  4.509226082E-03  3.570595747E-02 
        16  1.179999658E+00  1.300002449E+00  4.500000716E-01  2.920001471E+02  2.920001472E+02  2.079973313E-04  9.997920026E-01  2.150687416E-04  9.997849311E-01  8.577809877E-06  3.987545596E-02 
        17  2.090000552E+00  1.299991228E+00  2.640042717E+00  2.920008049E+02  2.920008125E+02  5.965610479E-06  9.999940269E-01  6.168470033E-06  9.999938241E-01  2.460229517E-07  3.988369731E-02 
        18  1.930000128E+00  1.300009553E+00  4.849983633E+00  2.920007344E+02  2.920007345E+02  1.352579772E-05  9.999864891E-01  1.398573612E-05  9.999860292E-01  5.578065361E-07  3.988339694E-02 
