nodenumber     x-coordinate     y-coordinate     z-coordinate      temperature total-temperature               n2              air         molef-n2        molef-air concentration-n2 concentration-air 
         1  1.180011401E+00  7.000440735E-01  4.499552279E-01  2.884785935E+02  2.884785936E+02  1.995172362E-01  8.004827619E-01  2.044950040E-01  7.955049941E-01  8.288149311E-03  3.208479090E-02 
         2  1.150002942E+00  1.299996259E+00  6.549998111E+00  2.919703305E+02  2.919703314E+02  3.068156635E-03  9.969318285E-01  3.172059170E-03  9.968279259E-01  1.265313966E-04  3.976157436E-02 
         3  2.599979183E-01  1.299834635E+00  4.769962194E+00  2.919612378E+02  2.919612381E+02  4.590905875E-03  9.954090783E-01  4.746257708E-03  9.952537265E-01  1.893261291E-04  3.970002173E-02 
         4  2.499957813E-01  1.300216226E+00  3.040010943E+00  2.919890496E+02  2.919890498E+02  1.956456441E-03  9.980435436E-01  2.022850482E-03  9.979771495E-01  8.068253470E-05  3.980486711E-02 
         5  1.179989316E+00  1.700000987E+00  4.500025386E-01  2.919823944E+02  2.919823946E+02  3.032082886E-03  9.969678941E-01  3.134864336E-03  9.968651126E-01  1.250386889E-04  3.976141823E-02 
         6  2.090000749E+00  1.699988964E+00  2.640041275E+00  2.919985068E+02  2.919985084E+02  3.862026089E-04  9.996138011E-01  3.993295811E-04  9.996006741E-01  1.592697784E-05  3.986833115E-02 
         7  1.929998960E+00  1.700096390E+00  4.850038151E+00  2.919904167E+02  2.919904170E+02  1.752616314E-03  9.982473855E-01  1.812098573E-03  9.981879033E-01  7.227639765E-05  3.981308665E-02 
         8  1.149997690E+00  1.699993700E+00  6.550001821E+00  2.919594424E+02  2.919594437E+02  4.181668263E-03  9.958183224E-01  4.323105080E-03  9.956768856E-01  1.724526713E-04  3.971714115E-02 
         9  2.599530306E-01  1.699784014E+00  4.769789816E+00  2.919502539E+02  2.919502545E+02  6.378971664E-03  9.936210304E-01  6.594450901E-03  9.934055512E-01  2.630585563E-04  3.962779144E-02 
        10  2.500325889E-01  1.700141952E+00  3.039603904E+00  2.919810994E+02  2.919810998E+02  3.228078362E-03  9.967719235E-01  3.337481340E-03  9.966625205E-01  1.331209601E-04  3.975351485E-02 
        11  2.090000512E+00  6.999920786E-01  2.640018387E+00  2.876294656E+02  2.876294664E+02  2.682735225E-01  7.317264924E-01  2.743479107E-01  7.256521042E-01  1.114536878E-02  2.934680733E-02 
        12  1.930000944E+00  7.000071781E-01  4.849993220E+00  2.884225557E+02  2.884225563E+02  2.063868287E-01  7.936131620E-01  2.116840568E-01  7.883159339E-01  8.565355886E-03  3.181448517E-02 
        13  1.149999460E+00  7.000041210E-01  6.549999896E+00  2.894885180E+02  2.894885183E+02  1.571865150E-01  8.428134924E-01  1.614412763E-01  8.385587312E-01  6.510472446E-03  3.372047836E-02 
        14  2.599937070E-01  6.999245510E-01  4.770022657E+00  2.886633093E+02  2.886633096E+02  2.140609947E-01  7.859389987E-01  2.194176925E-01  7.805823010E-01  8.876964750E-03  3.146961051E-02 
        15  2.500057384E-01  7.000450448E-01  3.040068823E+00  2.887650429E+02  2.887650435E+02  1.893164836E-01  8.106835220E-01  1.942374672E-01  8.057625384E-01  7.853469725E-03  3.247857635E-02 
        16  1.179999658E+00  1.300002449E+00  4.500000716E-01  2.919844981E+02  2.919844982E+02  2.671996138E-03  9.973280037E-01  2.762606495E-03  9.972373934E-01  1.101898067E-04  3.977598156E-02 
        17  2.090000552E+00  1.299991228E+00  2.640042717E+00  2.919994817E+02  2.919994883E+02  2.169034838E-04  9.997830891E-01  2.242771486E-04  9.997757154E-01  8.945111026E-06  3.987517897E-02 
        18  1.930000128E+00  1.300009553E+00  4.849983633E+00  2.919954698E+02  2.919954700E+02  9.171005468E-04  9.990829144E-01  9.482534911E-04  9.990517614E-01  3.782086853E-05  3.984685299E-02 
