nodenumber     x-coordinate     y-coordinate     z-coordinate      temperature total-temperature               n2              air         molef-n2        molef-air concentration-n2 concentration-air 
         1  1.180011401E+00  7.000440735E-01  4.499552279E-01  2.885020793E+02  2.885020795E+02  1.909227170E-01  8.090772811E-01  1.957416282E-01  8.042583699E-01  7.934505749E-03  3.243528829E-02 
         2  1.150002942E+00  1.299996259E+00  6.549998111E+00  2.919902398E+02  2.919902406E+02  1.082051102E-03  9.989179340E-01  1.118794711E-03  9.988811904E-01  4.462397116E-05  3.984076191E-02 
         3  2.599979183E-01  1.299834635E+00  4.769962194E+00  2.919727412E+02  2.919727416E+02  3.647116518E-03  9.963528676E-01  3.770662644E-03  9.962293215E-01  1.504036389E-04  3.973737260E-02 
         4  2.499957813E-01  1.300216226E+00  3.040010943E+00  2.919842211E+02  2.919842214E+02  2.701583437E-03  9.972984166E-01  2.793191117E-03  9.972068089E-01  1.114099186E-04  3.977479931E-02 
         5  1.179989316E+00  1.700000987E+00  4.500025386E-01  2.919811545E+02  2.919811546E+02  3.393327815E-03  9.966066491E-01  3.508313262E-03  9.964916637E-01  1.399347937E-04  3.974669150E-02 
         6  2.090000749E+00  1.699988964E+00  2.640041275E+00  2.920003224E+02  2.920003241E+02  7.148347589E-05  9.999285202E-01  7.391401723E-05  9.999260897E-01  2.947988902E-06  3.988106215E-02 
         7  1.929998960E+00  1.700096390E+00  4.850038151E+00  2.920005906E+02  2.920005910E+02  2.348843193E-05  9.999765134E-01  2.428711325E-05  9.999757147E-01  9.686666747E-07  3.988300469E-02 
         8  1.149997690E+00  1.699993700E+00  6.550001821E+00  2.919930991E+02  2.919931001E+02  7.648209480E-04  9.992351697E-01  7.907981976E-04  9.992091925E-01  3.154137684E-05  3.985345439E-02 
         9  2.599530306E-01  1.699784014E+00  4.769789816E+00  2.919675487E+02  2.919675495E+02  4.622588224E-03  9.953774139E-01  4.779026157E-03  9.952209759E-01  1.906281852E-04  3.969785885E-02 
        10  2.500325889E-01  1.700141952E+00  3.039603904E+00  2.919747962E+02  2.919747965E+02  4.341573568E-03  9.956584283E-01  4.488541842E-03  9.955114600E-01  1.790368496E-04  3.970846005E-02 
        11  2.090000512E+00  6.999920786E-01  2.640018387E+00  2.880450794E+02  2.880450800E+02  2.161654824E-01  7.838345325E-01  2.215563571E-01  7.784436578E-01  8.980620598E-03  3.145239750E-02 
        12  1.930000944E+00  7.000071781E-01  4.849993220E+00  2.884735752E+02  2.884735756E+02  1.996397004E-01  8.003602903E-01  2.045911005E-01  7.954088901E-01  8.293901197E-03  3.207982113E-02 
        13  1.149999460E+00  7.000041210E-01  6.549999896E+00  2.894956879E+02  2.894956883E+02  1.545499547E-01  8.454500527E-01  1.586298304E-01  8.413701771E-01  6.405857868E-03  3.382462771E-02 
        14  2.599937070E-01  6.999245510E-01  4.770022657E+00  2.886118056E+02  2.886118061E+02  1.894384078E-01  8.105615857E-01  1.944928965E-01  8.055070970E-01  7.859361357E-03  3.249365913E-02 
        15  2.500057384E-01  7.000450448E-01  3.040068823E+00  2.881877878E+02  2.881877882E+02  2.394599175E-01  7.605400881E-01  2.452488757E-01  7.547511299E-01  9.935133780E-03  3.047785042E-02 
        16  1.179999658E+00  1.300002449E+00  4.500000716E-01  2.919868102E+02  2.919868103E+02  2.479861821E-03  9.975201381E-01  2.563973293E-03  9.974360266E-01  1.022662799E-04  3.978358925E-02 
        17  2.090000552E+00  1.299991228E+00  2.640042717E+00  2.920006639E+02  2.920006713E+02  4.075147946E-05  9.999592411E-01  4.213713833E-05  9.999578554E-01  1.680596949E-06  3.988228200E-02 
        18  1.930000128E+00  1.300009553E+00  4.849983633E+00  2.920007075E+02  2.920007077E+02  8.926998329E-05  9.999107449E-01  9.230529138E-05  9.999077096E-01  3.681500631E-06  3.988027693E-02 
