nodenumber     x-coordinate     y-coordinate     z-coordinate      temperature total-temperature               n2              air         molef-n2        molef-air concentration-n2 concentration-air 
         1  1.180011401E+00  7.000440735E-01  4.499552279E-01  2.886823820E+02  2.886823822E+02  1.758216663E-01  8.241783318E-01  1.804092558E-01  8.195907423E-01  7.303888203E-03  3.304022982E-02 
         2  1.150002942E+00  1.299996259E+00  6.549998111E+00  2.919869808E+02  2.919869816E+02  1.387055939E-03  9.986129292E-01  1.434139829E-03  9.985658453E-01  5.720246792E-05  3.982862860E-02 
         3  2.599979183E-01  1.299834635E+00  4.769962194E+00  2.919708738E+02  2.919708743E+02  3.698670246E-03  9.963013139E-01  3.823957886E-03  9.961760263E-01  1.525304113E-04  3.973550094E-02 
         4  2.499957813E-01  1.300216226E+00  3.040010943E+00  2.919778888E+02  2.919778890E+02  3.496505540E-03  9.965034945E-01  3.614942442E-03  9.963850576E-01  1.441906224E-04  3.974288367E-02 
         5  1.179989316E+00  1.700000987E+00  4.500025386E-01  2.919798381E+02  2.919798381E+02  3.500365524E-03  9.964996114E-01  3.618964770E-03  9.963810122E-01  1.443489634E-04  3.974245717E-02 
         6  2.090000749E+00  1.699988964E+00  2.640041275E+00  2.920000989E+02  2.920001005E+02  1.254441586E-04  9.998745596E-01  1.297093004E-04  9.998702944E-01  5.173331930E-06  3.987886733E-02 
         7  1.929998960E+00  1.700096390E+00  4.850038151E+00  2.919996218E+02  2.919996223E+02  2.032941908E-04  9.997967077E-01  2.102035511E-04  9.997897983E-01  8.383826996E-06  3.987572186E-02 
         8  1.149997690E+00  1.699993700E+00  6.550001821E+00  2.919911247E+02  2.919911257E+02  9.009969344E-04  9.990989938E-01  9.315913588E-04  9.990683993E-01  3.715740807E-05  3.984810806E-02 
         9  2.599530306E-01  1.699784014E+00  4.769789816E+00  2.919642084E+02  2.919642092E+02  4.743106875E-03  9.952568952E-01  4.903604043E-03  9.950963981E-01  1.955996772E-04  3.969334372E-02 
        10  2.500325889E-01  1.700141952E+00  3.039603904E+00  2.919747205E+02  2.919747209E+02  4.438866024E-03  9.955611358E-01  4.589108294E-03  9.954108936E-01  1.830483736E-04  3.970445886E-02 
        11  2.090000512E+00  6.999920786E-01  2.640018387E+00  2.878769589E+02  2.878769595E+02  2.270678552E-01  7.729321597E-01  2.325633352E-01  7.674366797E-01  9.440849598E-03  3.101646487E-02 
        12  1.930000944E+00  7.000071781E-01  4.849993220E+00  2.885111416E+02  2.885111418E+02  2.079005488E-01  7.920994418E-01  2.130119370E-01  7.869880537E-01  8.631867752E-03  3.173648285E-02 
        13  1.149999460E+00  7.000041210E-01  6.549999896E+00  2.890542163E+02  2.890542167E+02  1.794299370E-01  8.205700704E-01  1.840661340E-01  8.159338735E-01  7.441602707E-03  3.285045118E-02 
        14  2.599937070E-01  6.999245510E-01  4.770022657E+00  2.891243006E+02  2.891243010E+02  1.706048955E-01  8.293950979E-01  1.751651135E-01  8.248348800E-01  7.072654350E-03  3.320912007E-02 
        15  2.500057384E-01  7.000450448E-01  3.040068823E+00  2.876484113E+02  2.876484116E+02  2.855002747E-01  7.144997309E-01  2.920316431E-01  7.079683625E-01  1.185044682E-02  2.863868934E-02 
        16  1.179999658E+00  1.300002449E+00  4.500000716E-01  2.919821073E+02  2.919821073E+02  3.144495842E-03  9.968555040E-01  3.251076953E-03  9.967489229E-01  1.296740838E-04  3.975682388E-02 
        17  2.090000552E+00  1.299991228E+00  2.640042717E+00  2.920005636E+02  2.920005708E+02  6.057906530E-05  9.999394135E-01  6.263888274E-05  9.999373537E-01  2.498288852E-06  3.988147801E-02 
        18  1.930000128E+00  1.300009553E+00  4.849983633E+00  2.919993008E+02  2.919993010E+02  2.963009410E-04  9.997037140E-01  3.063721843E-04  9.996936427E-01  1.221942917E-05  3.987193114E-02 
