nodenumber     x-coordinate     y-coordinate     z-coordinate      temperature total-temperature               n2              air         molef-n2        molef-air concentration-n2 concentration-air 
         1  1.180011401E+00  7.000440735E-01  4.499552279E-01  2.878655732E+02  2.878655734E+02  2.316332331E-01  7.683667650E-01  2.372342772E-01  7.627657210E-01  9.629874338E-03  3.082904477E-02 
         2  1.150002942E+00  1.299996259E+00  6.549998111E+00  2.919618000E+02  2.919618006E+02  4.484110707E-03  9.955158744E-01  4.635864583E-03  9.953641205E-01  1.849220278E-04  3.970434908E-02 
         3  2.599979183E-01  1.299834635E+00  4.769962194E+00  2.919567670E+02  2.919567673E+02  5.095293152E-03  9.949046910E-01  5.267610520E-03  9.947323736E-01  2.101262551E-04  3.967983244E-02 
         4  2.499957813E-01  1.300216226E+00  3.040010943E+00  2.919896914E+02  2.919896917E+02  1.953709837E-03  9.980462902E-01  2.020008829E-03  9.979799912E-01  8.056908067E-05  3.980489290E-02 
         5  1.179989316E+00  1.700000987E+00  4.500025386E-01  2.919823701E+02  2.919823704E+02  2.987958802E-03  9.970120181E-01  3.089247539E-03  9.969107294E-01  1.232192414E-04  3.976324100E-02 
         6  2.090000749E+00  1.699988964E+00  2.640041275E+00  2.919977392E+02  2.919977405E+02  4.817110854E-04  9.995182926E-01  4.980830558E-04  9.995019207E-01  1.986573816E-05  3.986449724E-02 
         7  1.929998960E+00  1.700096390E+00  4.850038151E+00  2.919989317E+02  2.919989322E+02  3.414366572E-04  9.996585652E-01  3.530397400E-04  9.996469621E-01  1.408077923E-05  3.987011916E-02 
         8  1.149997690E+00  1.699993700E+00  6.550001821E+00  2.919492164E+02  2.919492172E+02  5.878047815E-03  9.941219429E-01  6.076693995E-03  9.939232967E-01  2.424061335E-04  3.964858472E-02 
         9  2.599530306E-01  1.699784014E+00  4.769789816E+00  2.919489477E+02  2.919489483E+02  6.167437236E-03  9.938325649E-01  6.375822227E-03  9.936241799E-01  2.543382114E-04  3.963669025E-02 
        10  2.500325889E-01  1.700141952E+00  3.039603904E+00  2.919842431E+02  2.919842435E+02  2.915872158E-03  9.970841297E-01  3.014725204E-03  9.969852767E-01  1.202460329E-04  3.976596033E-02 
        11  2.090000512E+00  6.999920786E-01  2.640018387E+00  2.874491566E+02  2.874491574E+02  2.792356805E-01  7.207643344E-01  2.855167182E-01  7.144832967E-01  1.160236354E-02  2.891509618E-02 
        12  1.930000944E+00  7.000071781E-01  4.849993220E+00  2.888980444E+02  2.888980448E+02  1.907002060E-01  8.092997847E-01  1.956075737E-01  8.043924170E-01  7.907578237E-03  3.240604029E-02 
        13  1.149999460E+00  7.000041210E-01  6.549999896E+00  2.884687498E+02  2.884687503E+02  2.147604718E-01  7.852395356E-01  2.200677046E-01  7.799323029E-01  8.912361649E-03  3.146152525E-02 
        14  2.599937070E-01  6.999245510E-01  4.770022657E+00  2.887062310E+02  2.887062318E+02  2.107786649E-01  7.892213285E-01  2.161079960E-01  7.838919975E-01  8.739043679E-03  3.160132100E-02 
        15  2.500057384E-01  7.000450448E-01  3.040068823E+00  2.889692112E+02  2.889692117E+02  1.836050898E-01  8.163949158E-01  1.882611278E-01  8.117388778E-01  7.615300780E-03  3.268860637E-02 
        16  1.179999658E+00  1.300002449E+00  4.500000716E-01  2.919903899E+02  2.919903902E+02  1.736751016E-03  9.982632489E-01  1.795700859E-03  9.982042990E-01  7.162225440E-05  3.981374429E-02 
        17  2.090000552E+00  1.299991228E+00  2.640042717E+00  2.919994272E+02  2.919994347E+02  2.225946640E-04  9.997773979E-01  2.301617857E-04  9.997698308E-01  9.179816247E-06  3.987495171E-02 
        18  1.930000128E+00  1.300009553E+00  4.849983633E+00  2.919996350E+02  2.919996352E+02  2.931017443E-04  9.997069132E-01  3.030648597E-04  9.996969500E-01  1.208748579E-05  3.987201743E-02 
