nodenumber     x-coordinate     y-coordinate     z-coordinate      temperature total-temperature               n2              air         molef-n2        molef-air concentration-n2 concentration-air 
         1  1.180011401E+00  7.000440735E-01  4.499552279E-01  2.885289490E+02  2.885289491E+02  2.019079872E-01  7.980920109E-01  2.069905050E-01  7.930094932E-01  8.382446184E-03  3.198310440E-02 
         2  1.150002942E+00  1.299996259E+00  6.549998111E+00  2.919602927E+02  2.919602934E+02  4.405506313E-03  9.955944788E-01  4.554585277E-03  9.954453998E-01  1.816818017E-04  3.970779526E-02 
         3  2.599979183E-01  1.299834635E+00  4.769962194E+00  2.919650864E+02  2.919650867E+02  4.277769503E-03  9.957222147E-01  4.422583320E-03  9.955774008E-01  1.764120886E-04  3.971240994E-02 
         4  2.499957813E-01  1.300216226E+00  3.040010943E+00  2.919779354E+02  2.919779357E+02  2.975340713E-03  9.970246593E-01  3.076190107E-03  9.969238099E-01  1.227008186E-04  3.976436710E-02 
         5  1.179989316E+00  1.700000987E+00  4.500025386E-01  2.919806801E+02  2.919806803E+02  3.134893374E-03  9.968650836E-01  3.241149398E-03  9.967588276E-01  1.292787565E-04  3.975741235E-02 
         6  2.090000749E+00  1.699988964E+00  2.640041275E+00  2.919989764E+02  2.919989781E+02  3.290481583E-04  9.996709556E-01  3.402333046E-04  9.996597704E-01  1.356993873E-05  3.987062404E-02 
         7  1.929998960E+00  1.700096390E+00  4.850038151E+00  2.919939431E+02  2.919939435E+02  1.225202232E-03  9.987747996E-01  1.266799172E-03  9.987332027E-01  5.052646091E-05  3.983435490E-02 
         8  1.149997690E+00  1.699993700E+00  6.550001821E+00  2.919441545E+02  2.919441555E+02  6.282153506E-03  9.937178372E-01  6.494336723E-03  9.935056540E-01  2.590719757E-04  3.963261057E-02 
         9  2.599530306E-01  1.699784014E+00  4.769789816E+00  2.919576572E+02  2.919576577E+02  5.663319872E-03  9.943366822E-01  5.854772255E-03  9.941452298E-01  2.335459938E-04  3.965629246E-02 
        10  2.500325889E-01  1.700141952E+00  3.039603904E+00  2.919763834E+02  2.919763839E+02  3.575207068E-03  9.964247948E-01  3.696323096E-03  9.963036788E-01  1.474365984E-04  3.973984347E-02 
        11  2.090000512E+00  6.999920786E-01  2.640018387E+00  2.876388100E+02  2.876388108E+02  2.678461870E-01  7.321538279E-01  2.737836728E-01  7.262163421E-01  1.113217397E-02  2.935929381E-02 
        12  1.930000944E+00  7.000071781E-01  4.849993220E+00  2.894448877E+02  2.894448880E+02  1.529624751E-01  8.470375156E-01  1.571133028E-01  8.428866879E-01  6.338523196E-03  3.389860689E-02 
        13  1.149999460E+00  7.000041210E-01  6.549999896E+00  2.888166306E+02  2.888166312E+02  2.001140835E-01  7.998859240E-01  2.052838405E-01  7.947161670E-01  8.294567023E-03  3.203005012E-02 
        14  2.599937070E-01  6.999245510E-01  4.770022657E+00  2.894212822E+02  2.894212824E+02  1.669422536E-01  8.330577398E-01  1.713412505E-01  8.286587430E-01  6.916112193E-03  3.332452843E-02 
        15  2.500057384E-01  7.000450448E-01  3.040068823E+00  2.890471097E+02  2.890471103E+02  1.824115591E-01  8.175884465E-01  1.871087012E-01  8.128913044E-01  7.562942043E-03  3.272993044E-02 
        16  1.179999658E+00  1.300002449E+00  4.500000716E-01  2.919860046E+02  2.919860048E+02  2.396569561E-03  9.976034303E-01  2.477862722E-03  9.975221372E-01  9.883196630E-05  3.978713362E-02 
        17  2.090000552E+00  1.299991228E+00  2.640042717E+00  2.920000643E+02  2.920000709E+02  1.429911543E-04  9.998570014E-01  1.478525493E-04  9.998521400E-01  5.896965101E-06  3.987814753E-02 
        18  1.930000128E+00  1.300009553E+00  4.849983633E+00  2.919946754E+02  2.919946756E+02  9.748718666E-04  9.990251430E-01  1.007976711E-03  9.989920382E-01  4.020328093E-05  3.984457909E-02 
