nodenumber     x-coordinate     y-coordinate     z-coordinate      temperature total-temperature               n2              air         molef-n2        molef-air concentration-n2 concentration-air 
         1  1.180011401E+00  7.000440735E-01  4.499552279E-01  2.892403157E+02  2.892403159E+02  1.135542612E-01  8.864457369E-01  1.167987164E-01  8.832012818E-01  4.721465815E-03  3.554482818E-02 
         2  1.150002942E+00  1.299996259E+00  6.549998111E+00  2.920005707E+02  2.920005711E+02  2.697780704E-05  9.999730073E-01  2.789514610E-05  9.999720900E-01  1.112570209E-06  3.988286216E-02 
         3  2.599979183E-01  1.299834635E+00  4.769962194E+00  2.919922247E+02  2.919922250E+02  1.062335300E-03  9.989376489E-01  1.098412943E-03  9.989015712E-01  4.381058877E-05  3.984130408E-02 
         4  2.499957813E-01  1.300216226E+00  3.040010943E+00  2.919822467E+02  2.919822469E+02  2.446535912E-03  9.975534641E-01  2.529509209E-03  9.974704908E-01  1.008935666E-04  3.978558537E-02 
         5  1.179989316E+00  1.700000987E+00  4.500025386E-01  2.919990927E+02  2.919990929E+02  4.679793028E-04  9.995319976E-01  4.838850755E-04  9.995160919E-01  1.929936158E-05  3.986487660E-02 
         6  2.090000749E+00  1.699988964E+00  2.640041275E+00  2.920004959E+02  2.920004972E+02  3.984914794E-05  9.999601546E-01  4.120415977E-05  9.999587996E-01  1.643386280E-06  3.988234306E-02 
         7  1.929998960E+00  1.700096390E+00  4.850038151E+00  2.920006220E+02  2.920006223E+02  3.850652550E-06  9.999961512E-01  3.981593496E-06  9.999960203E-01  1.588017424E-07  3.988381027E-02 
         8  1.149997690E+00  1.699993700E+00  6.550001821E+00  2.920001308E+02  2.920001314E+02  4.952821636E-05  9.999504625E-01  5.121225818E-05  9.999487784E-01  2.042555024E-06  3.988199271E-02 
         9  2.599530306E-01  1.699784014E+00  4.769789816E+00  2.920005206E+02  2.920005210E+02  1.355314141E-05  9.999864490E-01  1.401400742E-05  9.999859881E-01  5.589345292E-07  3.988342400E-02 
        10  2.500325889E-01  1.700141952E+00  3.039603904E+00  2.919807683E+02  2.919807688E+02  3.175583907E-03  9.968244180E-01  3.283211844E-03  9.967167900E-01  1.309565368E-04  3.975572451E-02 
        11  2.090000512E+00  6.999920786E-01  2.640018387E+00  2.884266517E+02  2.884266524E+02  1.511950011E-01  8.488050138E-01  1.553415116E-01  8.446585033E-01  6.289362546E-03  3.409010876E-02 
        12  1.930000944E+00  7.000071781E-01  4.849993220E+00  2.888452042E+02  2.888452043E+02  1.450433646E-01  8.549566261E-01  1.489994336E-01  8.510005571E-01  6.030294930E-03  3.429113213E-02 
        13  1.149999460E+00  7.000041210E-01  6.549999896E+00  2.893263295E+02  2.893263302E+02  1.234762206E-01  8.765237869E-01  1.270025197E-01  8.729974878E-01  5.124958822E-03  3.512861522E-02 
        14  2.599937070E-01  6.999245510E-01  4.770022657E+00  2.895147944E+02  2.895147946E+02  1.090726850E-01  8.909273085E-01  1.122730494E-01  8.877269441E-01  4.525858242E-03  3.570135926E-02 
        15  2.500057384E-01  7.000450448E-01  3.040068823E+00  2.885009274E+02  2.885009277E+02  1.792240412E-01  8.207759644E-01  1.839000957E-01  8.160999099E-01  7.449175320E-03  3.292041080E-02 
        16  1.179999658E+00  1.300002449E+00  4.500000716E-01  2.919993609E+02  2.919993610E+02  3.980325917E-04  9.996019673E-01  4.115621064E-04  9.995884378E-01  1.641480322E-05  3.986772635E-02 
        17  2.090000552E+00  1.299991228E+00  2.640042717E+00  2.920008004E+02  2.920008077E+02  1.419250983E-05  9.999858000E-01  1.467511704E-05  9.999853174E-01  5.853016384E-07  3.988335866E-02 
        18  1.930000128E+00  1.300009553E+00  4.849983633E+00  2.920007827E+02  2.920007828E+02  3.349057587E-05  9.999665243E-01  3.462937361E-05  9.999653855E-01  1.381156218E-06  3.988256700E-02 
