nodenumber     x-coordinate     y-coordinate     z-coordinate      temperature total-temperature               n2              air         molef-n2        molef-air concentration-n2 concentration-air 
         1  1.180011401E+00  7.000440735E-01  4.499552279E-01  2.880446321E+02  2.880446323E+02  2.123161677E-01  7.876838305E-01  2.176497413E-01  7.823502569E-01  8.825439668E-03  3.160794788E-02 
         2  1.150002942E+00  1.299996259E+00  6.549998111E+00  2.919767627E+02  2.919767635E+02  2.378330661E-03  9.976216544E-01  2.458963825E-03  9.975410213E-01  9.808299108E-05  3.978914398E-02 
         3  2.599979183E-01  1.299834635E+00  4.769962194E+00  2.919694937E+02  2.919694942E+02  3.527191804E-03  9.964727924E-01  3.646690191E-03  9.963532940E-01  1.454603819E-04  3.974275952E-02 
         4  2.499957813E-01  1.300216226E+00  3.040010943E+00  2.919899980E+02  2.919899984E+02  1.933747846E-03  9.980662522E-01  1.999373295E-03  9.980006267E-01  7.974586059E-05  3.980567423E-02 
         5  1.179989316E+00  1.700000987E+00  4.500025386E-01  2.919841132E+02  2.919841134E+02  2.884864207E-03  9.971151127E-01  2.982670887E-03  9.970173061E-01  1.189675093E-04  3.976725461E-02 
         6  2.090000749E+00  1.699988964E+00  2.640041275E+00  2.919997306E+02  2.919997321E+02  2.265313653E-04  9.997734724E-01  2.342326596E-04  9.997657711E-01  9.342159490E-06  3.987474881E-02 
         7  1.929998960E+00  1.700096390E+00  4.850038151E+00  2.919974215E+02  2.919974220E+02  5.888620738E-04  9.994111398E-01  6.088687835E-04  9.993911331E-01  2.428448996E-05  3.986012174E-02 
         8  1.149997690E+00  1.699993700E+00  6.550001821E+00  2.919901348E+02  2.919901359E+02  1.016306419E-03  9.989836843E-01  1.050803932E-03  9.989491868E-01  4.191279083E-05  3.984348790E-02 
         9  2.599530306E-01  1.699784014E+00  4.769789816E+00  2.919632568E+02  2.919632576E+02  4.450483886E-03  9.955495182E-01  4.601120825E-03  9.953988813E-01  1.835347086E-04  3.970553871E-02 
        10  2.500325889E-01  1.700141952E+00  3.039603904E+00  2.919863904E+02  2.919863909E+02  2.727506659E-03  9.972724952E-01  2.819993063E-03  9.971800088E-01  1.124780344E-04  3.977343500E-02 
        11  2.090000512E+00  6.999920786E-01  2.640018387E+00  2.874132573E+02  2.874132577E+02  2.541439701E-01  7.458560448E-01  2.601994110E-01  7.398006039E-01  1.056996396E-02  2.995230186E-02 
        12  1.930000944E+00  7.000071781E-01  4.849993220E+00  2.883512835E+02  2.883512838E+02  2.270607238E-01  7.729392669E-01  2.325631967E-01  7.674367940E-01  9.423454017E-03  3.096707465E-02 
        13  1.149999460E+00  7.000041210E-01  6.549999896E+00  2.880196181E+02  2.880196187E+02  2.375369958E-01  7.624630117E-01  2.433787007E-01  7.566213068E-01  9.861733689E-03  3.057478257E-02 
        14  2.599937070E-01  6.999245510E-01  4.770022657E+00  2.886379136E+02  2.886379142E+02  2.061108384E-01  7.938891550E-01  2.113348199E-01  7.886651735E-01  8.549683072E-03  3.180030391E-02 
        15  2.500057384E-01  7.000450448E-01  3.040068823E+00  2.889657329E+02  2.889657332E+02  1.850382816E-01  8.149617240E-01  1.897814012E-01  8.102186044E-01  7.672796869E-03  3.263137998E-02 
        16  1.179999658E+00  1.300002449E+00  4.500000716E-01  2.919831861E+02  2.919831861E+02  2.958297048E-03  9.970417028E-01  3.058586758E-03  9.969414131E-01  1.219958659E-04  3.976435474E-02 
        17  2.090000552E+00  1.299991228E+00  2.640042717E+00  2.920002670E+02  2.920002738E+02  1.227699052E-04  9.998772226E-01  1.269440311E-04  9.998730485E-01  5.063041206E-06  3.987895377E-02 
        18  1.930000128E+00  1.300009553E+00  4.849983633E+00  2.919968443E+02  2.919968445E+02  6.927243164E-04  9.993072906E-01  7.162605455E-04  9.992837544E-01  2.856775826E-05  3.985591835E-02 
