nodenumber     x-coordinate     y-coordinate     z-coordinate      temperature total-temperature               n2              air         molef-n2        molef-air concentration-n2 concentration-air 
         1  1.180011401E+00  7.000440735E-01  4.499552279E-01  2.879067241E+02  2.879067242E+02  1.997291735E-01  8.002708246E-01  2.048055286E-01  7.951944695E-01  8.314311746E-03  3.213897222E-02 
         2  1.150002942E+00  1.299996259E+00  6.549998111E+00  2.919999614E+02  2.919999618E+02  9.311703976E-05  9.999068681E-01  9.628293755E-05  9.999037022E-01  3.840164410E-06  3.988021779E-02 
         3  2.599979183E-01  1.299834635E+00  4.769962194E+00  2.919759558E+02  2.919759559E+02  3.075768800E-03  9.969242154E-01  3.180024291E-03  9.968199599E-01  1.268428566E-04  3.976049422E-02 
         4  2.499957813E-01  1.300216226E+00  3.040010943E+00  2.919815801E+02  2.919815804E+02  2.534367624E-03  9.974656324E-01  2.620311292E-03  9.973796887E-01  1.045156655E-04  3.978205434E-02 
         5  1.179989316E+00  1.700000987E+00  4.500025386E-01  2.919954326E+02  2.919954328E+02  1.039414299E-03  9.989605627E-01  1.074721244E-03  9.989252557E-01  4.286492241E-05  3.984181098E-02 
         6  2.090000749E+00  1.699988964E+00  2.640041275E+00  2.920002540E+02  2.920002556E+02  8.430129144E-05  9.999157024E-01  8.716764346E-05  9.999128361E-01  3.476597392E-06  3.988054288E-02 
         7  1.929998960E+00  1.700096390E+00  4.850038151E+00  2.920006083E+02  2.920006086E+02  3.288354953E-05  9.999671183E-01  3.400168875E-05  9.999660002E-01  1.356122422E-06  3.988261482E-02 
         8  1.149997690E+00  1.699993700E+00  6.550001821E+00  2.919982410E+02  2.919982417E+02  2.429081451E-04  9.997570825E-01  2.511645641E-04  9.997488261E-01  1.001758569E-05  3.987427581E-02 
         9  2.599530306E-01  1.699784014E+00  4.769789816E+00  2.919737544E+02  2.919737550E+02  3.802578047E-03  9.961974240E-01  3.931349241E-03  9.960686529E-01  1.568131784E-04  3.973082608E-02 
        10  2.500325889E-01  1.700141952E+00  3.039603904E+00  2.919715093E+02  2.919715097E+02  4.346700207E-03  9.956533017E-01  4.493805603E-03  9.955061963E-01  1.792499628E-04  3.970869600E-02 
        11  2.090000512E+00  6.999920786E-01  2.640018387E+00  2.878823573E+02  2.878823582E+02  2.142727841E-01  7.857272308E-01  2.196128803E-01  7.803871346E-01  8.908957966E-03  3.154709056E-02 
        12  1.930000944E+00  7.000071781E-01  4.849993220E+00  2.883644975E+02  2.883644980E+02  1.946349914E-01  8.053649993E-01  1.995132169E-01  8.004867737E-01  8.091797885E-03  3.229731790E-02 
        13  1.149999460E+00  7.000041210E-01  6.549999896E+00  2.886552261E+02  2.886552267E+02  1.963767162E-01  8.036232913E-01  2.014348963E-01  7.985651111E-01  8.149122671E-03  3.219851194E-02 
        14  2.599937070E-01  6.999245510E-01  4.770022657E+00  2.890540070E+02  2.890540076E+02  1.531652581E-01  8.468347353E-01  1.573718493E-01  8.426281442E-01  6.355935853E-03  3.393565967E-02 
        15  2.500057384E-01  7.000450448E-01  3.040068823E+00  2.876215241E+02  2.876215245E+02  2.530152239E-01  7.469847817E-01  2.590021495E-01  7.409978561E-01  1.051921407E-02  2.997413845E-02 
        16  1.179999658E+00  1.300002449E+00  4.500000716E-01  2.919966787E+02  2.919966789E+02  7.918028082E-04  9.992081971E-01  8.187059889E-04  9.991812939E-01  3.265368961E-05  3.985185383E-02 
        17  2.090000552E+00  1.299991228E+00  2.640042717E+00  2.920006445E+02  2.920006525E+02  4.285968216E-05  9.999571329E-01  4.431702266E-05  9.999556755E-01  1.767539580E-06  3.988219770E-02 
        18  1.930000128E+00  1.300009553E+00  4.849983633E+00  2.920007899E+02  2.920007901E+02  6.681387239E-05  9.999332010E-01  6.908569807E-05  9.999309292E-01  2.755410348E-06  3.988119176E-02 
