nodenumber     x-coordinate     y-coordinate     z-coordinate      temperature total-temperature               n2              air         molef-n2        molef-air concentration-n2 concentration-air 
         1  1.180011401E+00  7.000440735E-01  4.499552279E-01  2.912841746E+02  2.912841753E+02  8.477276703E-03  9.915227214E-01  8.762647989E-03  9.912373501E-01  3.504764389E-04  3.963162728E-02 
         2  1.150002942E+00  1.299996259E+00  6.549998111E+00  2.920001192E+02  2.920001205E+02  2.658716503E-08  9.999999585E-01  2.749126640E-08  9.999999576E-01  1.096461018E-09  3.988403531E-02 
         3  2.599979183E-01  1.299834635E+00  4.769962194E+00  2.919534931E+02  2.919534933E+02  5.375301677E-04  9.994624540E-01  5.557980073E-04  9.994441862E-01  2.217127745E-05  3.986823476E-02 
         4  2.499957813E-01  1.300216226E+00  3.040010943E+00  2.920073207E+02  2.920073213E+02  4.605283093E-06  9.999953947E-01  4.761885462E-06  9.999952381E-01  1.899189039E-07  3.988286405E-02 
         5  1.179989316E+00  1.700000987E+00  4.500025386E-01  2.919707696E+02  2.919707699E+02  3.519985372E-04  9.996479784E-01  3.639625485E-04  9.996360144E-01  1.451822366E-05  3.987352691E-02 
         6  2.090000749E+00  1.699988964E+00  2.640041275E+00  2.920003899E+02  2.920003939E+02  3.629842341E-07  9.999996407E-01  3.753275651E-07  9.999996284E-01  1.496957050E-08  3.988398595E-02 
         7  1.929998960E+00  1.700096390E+00  4.850038151E+00  2.919971827E+02  2.919971831E+02  3.260353127E-05  9.999673983E-01  3.371216706E-05  9.999662897E-01  1.344595333E-06  3.988309425E-02 
         8  1.149997690E+00  1.699993700E+00  6.550001821E+00  2.919995257E+02  2.919995265E+02  3.339556669E-20  9.999999907E-01  3.453118918E-20  9.999999907E-01  1.377246274E-21  3.988411792E-02 
         9  2.599530306E-01  1.699784014E+00  4.769789816E+00  2.919944973E+02  2.919944977E+02  6.666418130E-05  9.999333379E-01  6.893085234E-05  9.999310712E-01  2.749329468E-06  3.988205635E-02 
        10  2.500325889E-01  1.700141952E+00  3.039603904E+00  2.920043011E+02  2.920043018E+02  5.464350205E-06  9.999945375E-01  5.650165308E-06  9.999943517E-01  2.253483278E-07  3.988324120E-02 
        11  2.090000512E+00  6.999920786E-01  2.640018387E+00  2.919730117E+02  2.919730130E+02  3.604121353E-04  9.996396028E-01  3.726605829E-04  9.996273543E-01  1.486539614E-05  3.987287651E-02 
        12  1.930000944E+00  7.000071781E-01  4.849993220E+00  2.917423326E+02  2.917423361E+02  3.001315945E-03  9.969986747E-01  3.103033395E-03  9.968969573E-01  1.238803245E-04  3.979540131E-02 
        13  1.149999460E+00  7.000041210E-01  6.549999896E+00  2.919253360E+02  2.919253399E+02  1.024278312E-03  9.989757291E-01  1.058991728E-03  9.989410157E-01  4.227151456E-05  3.985198967E-02 
        14  2.599937070E-01  6.999245510E-01  4.770022657E+00  2.919160872E+02  2.919160887E+02  9.765050881E-04  9.990234884E-01  1.009677038E-03  9.989903164E-01  4.028184553E-05  3.985523647E-02 
        15  2.500057384E-01  7.000450448E-01  3.040068823E+00  2.919996571E+02  2.919996574E+02  3.172059017E-05  9.999682850E-01  3.279920467E-05  9.999672064E-01  1.308172592E-06  3.988279299E-02 
        16  1.179999658E+00  1.300002449E+00  4.500000716E-01  2.919141376E+02  2.919141390E+02  1.037355106E-03  9.989626448E-01  1.072588356E-03  9.989274115E-01  4.279320557E-05  3.985299239E-02 
        17  2.090000552E+00  1.299991228E+00  2.640042717E+00  2.919813126E+02  2.919813213E+02  2.924935025E-04  9.997074990E-01  3.024348473E-04  9.996975577E-01  1.206362537E-05  3.987454244E-02 
        18  1.930000128E+00  1.300009553E+00  4.849983633E+00  2.919863610E+02  2.919863637E+02  2.244758484E-04  9.997755391E-01  2.321063418E-04  9.997679086E-01  9.258116863E-06  3.987666007E-02 
