nodenumber     x-coordinate     y-coordinate     z-coordinate      temperature total-temperature               n2              air         molef-n2        molef-air concentration-n2 concentration-air 
         1  1.180011401E+00  7.000440735E-01  4.499552279E-01  2.884234472E+02  2.884234474E+02  2.157978866E-01  7.842021115E-01  2.211613569E-01  7.788386412E-01  8.956459321E-03  3.142375795E-02 
         2  1.150002942E+00  1.299996259E+00  6.549998111E+00  2.919538166E+02  2.919538174E+02  4.947930179E-03  9.950520549E-01  5.115273693E-03  9.948847114E-01  2.040520239E-04  3.968630988E-02 
         3  2.599979183E-01  1.299834635E+00  4.769962194E+00  2.919776793E+02  2.919776796E+02  3.000333813E-03  9.969996504E-01  3.102041539E-03  9.968979426E-01  1.237315581E-04  3.976337005E-02 
         4  2.499957813E-01  1.300216226E+00  3.040010943E+00  2.919812440E+02  2.919812442E+02  2.975391763E-03  9.970246082E-01  3.076255757E-03  9.969237442E-01  1.227015535E-04  3.976391436E-02 
         5  1.179989316E+00  1.700000987E+00  4.500025386E-01  2.919781183E+02  2.919781184E+02  3.620357583E-03  9.963796194E-01  3.743007382E-03  9.962569696E-01  1.492975025E-04  3.973774356E-02 
         6  2.090000749E+00  1.699988964E+00  2.640041275E+00  2.919985265E+02  2.919985280E+02  3.878882438E-04  9.996121155E-01  4.010725383E-04  9.995989312E-01  1.599649286E-05  3.986825894E-02 
         7  1.929998960E+00  1.700096390E+00  4.850038151E+00  2.919965627E+02  2.919965632E+02  8.258498739E-04  9.991741520E-01  8.539051934E-04  9.991460967E-01  3.405768073E-05  3.985046584E-02 
         8  1.149997690E+00  1.699993700E+00  6.550001821E+00  2.919459572E+02  2.919459583E+02  5.782816195E-03  9.942171745E-01  5.978194999E-03  9.940217957E-01  2.384821332E-04  3.965295414E-02 
         9  2.599530306E-01  1.699784014E+00  4.769789816E+00  2.919705307E+02  2.919705310E+02  4.048389079E-03  9.959516130E-01  4.185478014E-03  9.958145241E-01  1.669507044E-04  3.972112894E-02 
        10  2.500325889E-01  1.700141952E+00  3.039603904E+00  2.919738686E+02  2.919738689E+02  4.298329639E-03  9.957016722E-01  4.443836769E-03  9.955561651E-01  1.772543363E-04  3.971036929E-02 
        11  2.090000512E+00  6.999920786E-01  2.640018387E+00  2.878496764E+02  2.878496772E+02  2.605749822E-01  7.394250327E-01  2.664910137E-01  7.335090012E-01  1.082014680E-02  2.964105060E-02 
        12  1.930000944E+00  7.000071781E-01  4.849993220E+00  2.888944031E+02  2.888944036E+02  1.864177744E-01  8.135822163E-01  1.912427651E-01  8.087572256E-01  7.731255478E-03  3.258281727E-02 
        13  1.149999460E+00  7.000041210E-01  6.549999896E+00  2.891628986E+02  2.891628993E+02  1.802808750E-01  8.197191325E-01  1.849885148E-01  8.150114927E-01  7.470316183E-03  3.280616532E-02 
        14  2.599937070E-01  6.999245510E-01  4.770022657E+00  2.889054892E+02  2.889054899E+02  1.963050765E-01  8.036949170E-01  2.012982747E-01  7.987017188E-01  8.138524357E-03  3.217410502E-02 
        15  2.500057384E-01  7.000450448E-01  3.040068823E+00  2.892786739E+02  2.892786744E+02  1.599022317E-01  8.400977739E-01  1.641493920E-01  8.358506136E-01  6.629430722E-03  3.363101895E-02 
        16  1.179999658E+00  1.300002449E+00  4.500000716E-01  2.919804924E+02  2.919804925E+02  3.216599986E-03  9.967833999E-01  3.325616987E-03  9.966743829E-01  1.326479567E-04  3.975407061E-02 
        17  2.090000552E+00  1.299991228E+00  2.640042717E+00  2.919997459E+02  2.919997526E+02  1.874198058E-04  9.998125727E-01  1.937913114E-04  9.998062012E-01  7.729202052E-06  3.987635878E-02 
        18  1.930000128E+00  1.300009553E+00  4.849983633E+00  2.919978263E+02  2.919978265E+02  5.832549269E-04  9.994167600E-01  6.030743173E-04  9.993969406E-01  2.405328237E-05  3.986029869E-02 
