nodenumber     x-coordinate     y-coordinate     z-coordinate      temperature total-temperature               n2              air         molef-n2        molef-air concentration-n2 concentration-air 
         1  1.180011401E+00  7.000440735E-01  4.499552279E-01  2.878646530E+02  2.878646532E+02  2.329570860E-01  7.670429122E-01  2.387335650E-01  7.612664331E-01  9.678830983E-03  3.077949475E-02 
         2  1.150002942E+00  1.299996259E+00  6.549998111E+00  2.919727977E+02  2.919727984E+02  3.299057757E-03  9.967009273E-01  3.410830664E-03  9.965891544E-01  1.360514322E-04  3.975171717E-02 
         3  2.599979183E-01  1.299834635E+00  4.769962194E+00  2.919456366E+02  2.919456369E+02  6.043591975E-03  9.939563922E-01  6.247762160E-03  9.937522220E-01  2.492351728E-04  3.964224438E-02 
         4  2.499957813E-01  1.300216226E+00  3.040010943E+00  2.919895307E+02  2.919895310E+02  1.900581873E-03  9.980994181E-01  1.965083227E-03  9.980349168E-01  7.837833852E-05  3.980710559E-02 
         5  1.179989316E+00  1.700000987E+00  4.500025386E-01  2.919907056E+02  2.919907059E+02  1.795755637E-03  9.982042213E-01  1.856703378E-03  9.981432736E-01  7.405531375E-05  3.981126629E-02 
         6  2.090000749E+00  1.699988964E+00  2.640041275E+00  2.919994462E+02  2.919994478E+02  2.152076971E-04  9.997847960E-01  2.225237407E-04  9.997774800E-01  8.875177218E-06  3.987525464E-02 
         7  1.929998960E+00  1.700096390E+00  4.850038151E+00  2.920006354E+02  2.920006358E+02  9.241514593E-06  9.999907603E-01  9.555765056E-06  9.999904461E-01  3.811217667E-07  3.988358612E-02 
         8  1.149997690E+00  1.699993700E+00  6.550001821E+00  2.919510004E+02  2.919510012E+02  5.772702626E-03  9.942272881E-01  5.967803132E-03  9.940321876E-01  2.380611276E-04  3.965268598E-02 
         9  2.599530306E-01  1.699784014E+00  4.769789816E+00  2.919498450E+02  2.919498457E+02  6.043028064E-03  9.939569740E-01  6.247237324E-03  9.937527648E-01  2.492080070E-04  3.964169785E-02 
        10  2.500325889E-01  1.700141952E+00  3.039603904E+00  2.919782443E+02  2.919782449E+02  3.673926632E-03  9.963260752E-01  3.798376299E-03  9.962016256E-01  1.515061843E-04  3.973551966E-02 
        11  2.090000512E+00  6.999920786E-01  2.640018387E+00  2.869966674E+02  2.869966683E+02  3.047062757E-01  6.952937392E-01  3.113157613E-01  6.886842536E-01  1.267032623E-02  2.791123032E-02 
        12  1.930000944E+00  7.000071781E-01  4.849993220E+00  2.886294497E+02  2.886294500E+02  2.036505400E-01  7.963494506E-01  2.088303903E-01  7.911696003E-01  8.447986889E-03  3.190311616E-02 
        13  1.149999460E+00  7.000041210E-01  6.549999896E+00  2.886453056E+02  2.886453062E+02  2.037581302E-01  7.962418773E-01  2.088882515E-01  7.911117560E-01  8.453579197E-03  3.189550317E-02 
        14  2.599937070E-01  6.999245510E-01  4.770022657E+00  2.880904475E+02  2.880904479E+02  2.432666364E-01  7.567333570E-01  2.492374596E-01  7.507625339E-01  1.009401179E-02  3.033244139E-02 
        15  2.500057384E-01  7.000450448E-01  3.040068823E+00  2.891984328E+02  2.891984335E+02  1.665579452E-01  8.334420604E-01  1.709236601E-01  8.290763455E-01  6.907204470E-03  3.336464090E-02 
        16  1.179999658E+00  1.300002449E+00  4.500000716E-01  2.919904899E+02  2.919904900E+02  1.797001921E-03  9.982029980E-01  1.857994966E-03  9.981420049E-01  7.410680848E-05  3.981124608E-02 
        17  2.090000552E+00  1.299991228E+00  2.640042717E+00  2.920002804E+02  2.920002881E+02  9.618801059E-05  9.999038045E-01  9.945833076E-05  9.999005342E-01  3.966803673E-06  3.988004817E-02 
        18  1.930000128E+00  1.300009553E+00  4.849983633E+00  2.920008728E+02  2.920008730E+02  5.183868501E-05  9.999481762E-01  5.360135221E-05  9.999464135E-01  2.137832780E-06  3.988179802E-02 
