nodenumber     x-coordinate     y-coordinate     z-coordinate      temperature total-temperature               n2              air         molef-n2        molef-air concentration-n2 concentration-air 
         1  1.180011401E+00  7.000440735E-01  4.499552279E-01  2.886036458E+02  2.886036461E+02  1.454591886E-01  8.545408096E-01  1.494647706E-01  8.505352276E-01  6.052834061E-03  3.430241261E-02 
         2  1.150002942E+00  1.299996259E+00  6.549998111E+00  2.920000441E+02  2.920000445E+02  7.995262420E-05  9.999200325E-01  8.267104365E-05  9.999173141E-01  3.297262322E-06  3.988074940E-02 
         3  2.599979183E-01  1.299834635E+00  4.769962194E+00  2.919757702E+02  2.919757703E+02  3.058630110E-03  9.969413541E-01  3.162299769E-03  9.968376844E-01  1.261362269E-04  3.976122621E-02 
         4  2.499957813E-01  1.300216226E+00  3.040010943E+00  2.919784295E+02  2.919784297E+02  2.840672626E-03  9.971593274E-01  2.936966262E-03  9.970630337E-01  1.171474771E-04  3.976985294E-02 
         5  1.179989316E+00  1.700000987E+00  4.500025386E-01  2.919946822E+02  2.919946822E+02  1.254324781E-03  9.987456522E-01  1.296922841E-03  9.987030541E-01  5.172748440E-05  3.983305093E-02 
         6  2.090000749E+00  1.699988964E+00  2.640041275E+00  2.920003567E+02  2.920003582E+02  6.149064788E-05  9.999385131E-01  6.358149413E-05  9.999364222E-01  2.535885054E-06  3.988146957E-02 
         7  1.929998960E+00  1.700096390E+00  4.850038151E+00  2.920006023E+02  2.920006027E+02  1.643388712E-05  9.999835680E-01  1.699270789E-05  9.999830092E-01  6.777366840E-07  3.988329401E-02 
         8  1.149997690E+00  1.699993700E+00  6.550001821E+00  2.919993332E+02  2.919993338E+02  1.255395584E-04  9.998744511E-01  1.298075363E-04  9.998701832E-01  5.177281538E-06  3.987896693E-02 
         9  2.599530306E-01  1.699784014E+00  4.769789816E+00  2.919986458E+02  2.919986462E+02  2.998341234E-04  9.997001680E-01  3.100257360E-04  9.996899764E-01  1.236517230E-05  3.987187385E-02 
        10  2.500325889E-01  1.700141952E+00  3.039603904E+00  2.919673028E+02  2.919673034E+02  4.801600927E-03  9.951984009E-01  4.964037222E-03  9.950359646E-01  1.980091539E-04  3.969051148E-02 
        11  2.090000512E+00  6.999920786E-01  2.640018387E+00  2.881685220E+02  2.881685228E+02  1.766971833E-01  8.233028316E-01  1.813358932E-01  8.186641217E-01  7.351948750E-03  3.306410718E-02 
        12  1.930000944E+00  7.000071781E-01  4.849993220E+00  2.886545232E+02  2.886545234E+02  1.547126404E-01  8.452873503E-01  1.588882422E-01  8.411117485E-01  6.434537264E-03  3.391364165E-02 
        13  1.149999460E+00  7.000041210E-01  6.549999896E+00  2.884782387E+02  2.884782393E+02  1.836685534E-01  8.163314540E-01  1.885458900E-01  8.114541174E-01  7.628095789E-03  3.274398789E-02 
        14  2.599937070E-01  6.999245510E-01  4.770022657E+00  2.890841789E+02  2.890841791E+02  1.371953836E-01  8.628046098E-01  1.410638781E-01  8.589361154E-01  5.696275914E-03  3.459109783E-02 
        15  2.500057384E-01  7.000450448E-01  3.040068823E+00  2.887105657E+02  2.887105660E+02  1.843224166E-01  8.156775890E-01  1.889880437E-01  8.110119619E-01  7.656749411E-03  3.268389719E-02 
        16  1.179999658E+00  1.300002449E+00  4.500000716E-01  2.919972386E+02  2.919972387E+02  7.568340556E-04  9.992431658E-01  7.825500387E-04  9.992174498E-01  3.121156625E-05  3.985321948E-02 
        17  2.090000552E+00  1.299991228E+00  2.640042717E+00  2.920006809E+02  2.920006882E+02  3.597508530E-05  9.999640175E-01  3.719836058E-05  9.999627942E-01  1.483618377E-06  3.988247666E-02 
        18  1.930000128E+00  1.300009553E+00  4.849983633E+00  2.920006286E+02  2.920006287E+02  6.234189350E-05  9.999376730E-01  6.446166745E-05  9.999355532E-01  2.570987659E-06  3.988139822E-02 
