nodenumber     x-coordinate     y-coordinate     z-coordinate      temperature total-temperature               n2              air         molef-n2        molef-air concentration-n2 concentration-air 
         1  1.180011401E+00  7.000440735E-01  4.499552279E-01  2.915327469E+02  2.915327479E+02  5.997144209E-03  9.940028539E-01  6.199736758E-03  9.938002614E-01  2.476917562E-04  3.970029271E-02 
         2  1.150002942E+00  1.299996259E+00  6.549998111E+00  2.919196671E+02  2.919196680E+02  1.092441781E-03  9.989075433E-01  1.129519561E-03  9.988704655E-01  4.507080974E-05  3.984995961E-02 
         3  2.599979183E-01  1.299834635E+00  4.769962194E+00  2.919507700E+02  2.919507704E+02  5.977503519E-04  9.994022338E-01  6.180642882E-04  9.993819199E-01  2.465509900E-05  3.986612294E-02 
         4  2.499957813E-01  1.300216226E+00  3.040010943E+00  2.920049268E+02  2.920049269E+02  4.433296077E-06  9.999955667E-01  4.584050365E-06  9.999954159E-01  1.828273946E-07  3.988319811E-02 
         5  1.179989316E+00  1.700000987E+00  4.500025386E-01  2.919835663E+02  2.919835666E+02  2.071740001E-04  9.997928029E-01  2.142172471E-04  9.997857597E-01  8.544408983E-06  3.987775244E-02 
         6  2.090000749E+00  1.699988964E+00  2.640041275E+00  2.920005175E+02  2.920005208E+02  1.548128371E-07  9.999998489E-01  1.600772724E-07  9.999998436E-01  6.384520937E-09  3.988397711E-02 
         7  1.929998960E+00  1.700096390E+00  4.850038151E+00  2.919862999E+02  2.919863003E+02  2.131419281E-04  9.997868599E-01  2.203879278E-04  9.997796139E-01  8.790461063E-06  3.987713495E-02 
         8  1.149997690E+00  1.699993700E+00  6.550001821E+00  2.919996512E+02  2.919996522E+02  2.583166612E-06  9.999974075E-01  2.671007107E-06  9.999973197E-01  1.065307802E-07  3.988399425E-02 
         9  2.599530306E-01  1.699784014E+00  4.769789816E+00  2.919890032E+02  2.919890034E+02  1.397194516E-04  9.998602826E-01  1.444698319E-04  9.998555323E-01  5.762302540E-06  3.987979386E-02 
        10  2.500325889E-01  1.700141952E+00  3.039603904E+00  2.920016143E+02  2.920016152E+02  2.067083747E-05  9.999793310E-01  2.137373714E-05  9.999786281E-01  8.524673108E-07  3.988298107E-02 
        11  2.090000512E+00  6.999920786E-01  2.640018387E+00  2.919843127E+02  2.919843135E+02  2.352193145E-04  9.997647956E-01  2.432159435E-04  9.997567990E-01  9.700985086E-06  3.987649691E-02 
        12  1.930000944E+00  7.000071781E-01  4.849993220E+00  2.918759865E+02  2.918759891E+02  1.515094784E-03  9.984848959E-01  1.566533479E-03  9.984334572E-01  6.250681402E-05  3.983849259E-02 
        13  1.149999460E+00  7.000041210E-01  6.549999896E+00  2.915546931E+02  2.915546966E+02  5.528827624E-03  9.944711798E-01  5.715754839E-03  9.942842526E-01  2.283180610E-04  3.971665411E-02 
        14  2.599937070E-01  6.999245510E-01  4.770022657E+00  2.919012038E+02  2.919012050E+02  1.178122234E-03  9.988218712E-01  1.218126745E-03  9.987818667E-01  4.860316829E-05  3.984895002E-02 
        15  2.500057384E-01  7.000450448E-01  3.040068823E+00  2.920012188E+02  2.920012188E+02  2.969255565E-05  9.999703130E-01  3.070221965E-05  9.999693034E-01  1.224526378E-06  3.988266332E-02 
        16  1.179999658E+00  1.300002449E+00  4.500000716E-01  2.919681095E+02  2.919681102E+02  3.994870778E-04  9.996005128E-01  4.130650725E-04  9.995869348E-01  1.647682732E-05  3.987193349E-02 
        17  2.090000552E+00  1.299991228E+00  2.640042717E+00  2.920000749E+02  2.920000817E+02  8.524141029E-06  9.999914684E-01  8.814001057E-06  9.999911785E-01  3.515384833E-07  3.988369151E-02 
        18  1.930000128E+00  1.300009553E+00  4.849983633E+00  2.919614308E+02  2.919614312E+02  5.200391479E-04  9.994799758E-01  5.377119906E-04  9.994623029E-01  2.144949940E-05  3.986787453E-02 
