nodenumber     x-coordinate     y-coordinate     z-coordinate      temperature total-temperature               n2              air         molef-n2        molef-air concentration-n2 concentration-air 
         1  1.180011401E+00  7.000440735E-01  4.499552279E-01  2.883426410E+02  2.883426412E+02  2.075547117E-01  7.924452865E-01  2.127351399E-01  7.872648582E-01  8.621424356E-03  3.177033242E-02 
         2  1.150002942E+00  1.299996259E+00  6.549998111E+00  2.919747405E+02  2.919747414E+02  2.893753975E-03  9.971062311E-01  2.991816029E-03  9.970081691E-01  1.193377013E-04  3.976816551E-02 
         3  2.599979183E-01  1.299834635E+00  4.769962194E+00  2.919536873E+02  2.919536876E+02  5.163085682E-03  9.948368985E-01  5.337677279E-03  9.946623069E-01  2.129239504E-04  3.967745557E-02 
         4  2.499957813E-01  1.300216226E+00  3.040010943E+00  2.919906040E+02  2.919906044E+02  1.801217768E-03  9.981987822E-01  1.862353902E-03  9.981376461E-01  7.428062880E-05  3.981105668E-02 
         5  1.179989316E+00  1.700000987E+00  4.500025386E-01  2.919889125E+02  2.919889129E+02  2.013088221E-03  9.979868887E-01  2.081394494E-03  9.979185825E-01  8.301776580E-05  3.980254876E-02 
         6  2.090000749E+00  1.699988964E+00  2.640041275E+00  2.919982816E+02  2.919982831E+02  4.037735270E-04  9.995962302E-01  4.174977314E-04  9.995825060E-01  1.665161051E-05  3.986763727E-02 
         7  1.929998960E+00  1.700096390E+00  4.850038151E+00  2.920007225E+02  2.920007229E+02  1.431296071E-05  9.999856889E-01  1.479965280E-05  9.999852022E-01  5.902683295E-07  3.988336507E-02 
         8  1.149997690E+00  1.699993700E+00  6.550001821E+00  2.919495179E+02  2.919495189E+02  5.911391180E-03  9.940885995E-01  6.111142520E-03  9.938888482E-01  2.437805452E-04  3.964716912E-02 
         9  2.599530306E-01  1.699784014E+00  4.769789816E+00  2.919478445E+02  2.919478451E+02  6.180518164E-03  9.938194839E-01  6.389340146E-03  9.936106619E-01  2.548785151E-04  3.963630069E-02 
        10  2.500325889E-01  1.700141952E+00  3.039603904E+00  2.919845115E+02  2.919845121E+02  2.862316613E-03  9.971376852E-01  2.959360389E-03  9.970406415E-01  1.180375985E-04  3.976813210E-02 
        11  2.090000512E+00  6.999920786E-01  2.640018387E+00  2.876117338E+02  2.876117347E+02  2.702212622E-01  7.297787527E-01  2.763177020E-01  7.236823130E-01  1.122685751E-02  2.926790961E-02 
        12  1.930000944E+00  7.000071781E-01  4.849993220E+00  2.884063510E+02  2.884063513E+02  2.203372623E-01  7.796627284E-01  2.258767996E-01  7.741231911E-01  9.139505910E-03  3.124259653E-02 
        13  1.149999460E+00  7.000041210E-01  6.549999896E+00  2.889051985E+02  2.889051992E+02  1.919815743E-01  8.080184331E-01  1.968749632E-01  8.031250443E-01  7.961761060E-03  3.235104299E-02 
        14  2.599937070E-01  6.999245510E-01  4.770022657E+00  2.885798872E+02  2.885798876E+02  2.155590561E-01  7.844409374E-01  2.210710534E-01  7.789289401E-01  8.936898756E-03  3.142078406E-02 
        15  2.500057384E-01  7.000450448E-01  3.040068823E+00  2.886736753E+02  2.886736759E+02  1.952447447E-01  8.047552609E-01  2.002146802E-01  7.997853254E-01  8.101336814E-03  3.224366321E-02 
        16  1.179999658E+00  1.300002449E+00  4.500000716E-01  2.919908358E+02  2.919908361E+02  1.702989848E-03  9.982970100E-01  1.760796852E-03  9.982392030E-01  7.022996131E-05  3.981507567E-02 
        17  2.090000552E+00  1.299991228E+00  2.640042717E+00  2.919996899E+02  2.919996977E+02  1.898510655E-04  9.998101415E-01  1.963052578E-04  9.998036873E-01  7.829469302E-06  3.987626617E-02 
        18  1.930000128E+00  1.300009553E+00  4.849983633E+00  2.920005845E+02  2.920005847E+02  1.213427444E-04  9.998786722E-01  1.254681882E-04  9.998745467E-01  5.004175593E-06  3.987897105E-02 
