nodenumber     x-coordinate     y-coordinate     z-coordinate      temperature total-temperature               n2              air         molef-n2        molef-air concentration-n2 concentration-air 
         1  1.180011401E+00  7.000440735E-01  4.499552279E-01  2.895405421E+02  2.895405422E+02  1.012110571E-01  8.987889410E-01  1.041255627E-01  8.958744354E-01  4.206661587E-03  3.601784501E-02 
         2  1.150002942E+00  1.299996259E+00  6.549998111E+00  2.920005377E+02  2.920005381E+02  2.831048842E-05  9.999716746E-01  2.927314162E-05  9.999707120E-01  1.167530414E-06  3.988281171E-02 
         3  2.599979183E-01  1.299834635E+00  4.769962194E+00  2.919776898E+02  2.919776900E+02  2.868927107E-03  9.971310571E-01  2.966089097E-03  9.970338951E-01  1.183123318E-04  3.976878795E-02 
         4  2.499957813E-01  1.300216226E+00  3.040010943E+00  2.919766917E+02  2.919766918E+02  3.444984289E-03  9.965550157E-01  3.561707599E-03  9.964382924E-01  1.420668287E-04  3.974517097E-02 
         5  1.179989316E+00  1.700000987E+00  4.500025386E-01  2.920002391E+02  2.920002393E+02  2.087400507E-04  9.997912369E-01  2.158367140E-04  9.997841402E-01  8.608436339E-06  3.987541094E-02 
         6  2.090000749E+00  1.699988964E+00  2.640041275E+00  2.920004981E+02  2.920004996E+02  2.753322441E-05  9.999724705E-01  2.846946119E-05  9.999715343E-01  1.135475790E-06  3.988285066E-02 
         7  1.929998960E+00  1.700096390E+00  4.850038151E+00  2.920006244E+02  2.920006246E+02  9.262914652E-07  9.999990756E-01  9.577900638E-07  9.999990441E-01  3.820046551E-08  3.988393054E-02 
         8  1.149997690E+00  1.699993700E+00  6.550001821E+00  2.919998061E+02  2.919998067E+02  7.202400658E-05  9.999279667E-01  7.447287556E-05  9.999255178E-01  2.970288418E-06  3.988110932E-02 
         9  2.599530306E-01  1.699784014E+00  4.769789816E+00  2.920005333E+02  2.920005337E+02  1.228322005E-05  9.999877189E-01  1.270089802E-05  9.999873012E-01  5.065626096E-07  3.988347463E-02 
        10  2.500325889E-01  1.700141952E+00  3.039603904E+00  2.919710959E+02  2.919710965E+02  4.924494658E-03  9.950755072E-01  5.091000018E-03  9.949090018E-01  2.030725357E-04  3.968492993E-02 
        11  2.090000512E+00  6.999920786E-01  2.640018387E+00  2.891144510E+02  2.891144518E+02  1.133523885E-01  8.866476264E-01  1.166385178E-01  8.833614971E-01  4.709806670E-03  3.557328371E-02 
        12  1.930000944E+00  7.000071781E-01  4.849993220E+00  2.891151823E+02  2.891151828E+02  1.253988341E-01  8.746011566E-01  1.289281339E-01  8.710718568E-01  5.212810026E-03  3.507086718E-02 
        13  1.149999460E+00  7.000041210E-01  6.549999896E+00  2.903229131E+02  2.903229139E+02  7.336505232E-02  9.266349551E-01  7.559868563E-02  9.244013218E-01  3.039385183E-03  3.707558288E-02 
        14  2.599937070E-01  6.999245510E-01  4.770022657E+00  2.892304691E+02  2.892304695E+02  1.104859459E-01  8.895140476E-01  1.137744922E-01  8.862255012E-01  4.586217796E-03  3.568024279E-02 
        15  2.500057384E-01  7.000450448E-01  3.040068823E+00  2.887381308E+02  2.887381310E+02  1.566888837E-01  8.433111219E-01  1.610194852E-01  8.389805203E-01  6.510028416E-03  3.382598082E-02 
        16  1.179999658E+00  1.300002449E+00  4.500000716E-01  2.920001179E+02  2.920001179E+02  2.583899363E-04  9.997416099E-01  2.671741752E-04  9.997328257E-01  1.065598519E-05  3.987338178E-02 
        17  2.090000552E+00  1.299991228E+00  2.640042717E+00  2.920007971E+02  2.920008046E+02  1.143957494E-05  9.999885530E-01  1.182857106E-05  9.999881640E-01  4.717701781E-07  3.988347264E-02 
        18  1.930000128E+00  1.300009553E+00  4.849983633E+00  2.920008336E+02  2.920008337E+02  1.897571558E-05  9.999810392E-01  1.962097005E-05  9.999803939E-01  7.825615951E-07  3.988315864E-02 
