nodenumber     x-coordinate     y-coordinate     z-coordinate      temperature total-temperature               n2              air         molef-n2        molef-air concentration-n2 concentration-air 
         1  1.180011401E+00  7.000440735E-01  4.499552279E-01  2.884302795E+02  2.884302796E+02  1.635912891E-01  8.364087091E-01  1.679389691E-01  8.320610290E-01  6.807740181E-03  3.357198264E-02 
         2  1.150002942E+00  1.299996259E+00  6.549998111E+00  2.920001068E+02  2.920001073E+02  7.077540612E-05  9.999292097E-01  7.318181285E-05  9.999268033E-01  2.918792585E-06  3.988111930E-02 
         3  2.599979183E-01  1.299834635E+00  4.769962194E+00  2.919869534E+02  2.919869536E+02  1.780139723E-03  9.982198444E-01  1.840508960E-03  9.981594752E-01  7.341198231E-05  3.981242279E-02 
         4  2.499957813E-01  1.300216226E+00  3.040010943E+00  2.919671308E+02  2.919671311E+02  4.144091761E-03  9.958559082E-01  4.284343934E-03  9.957156561E-01  1.708985106E-04  3.971764551E-02 
         5  1.179989316E+00  1.700000987E+00  4.500025386E-01  2.919972181E+02  2.919972183E+02  7.379640162E-04  9.992620129E-01  7.630387156E-04  9.992369382E-01  3.043338214E-05  3.985399863E-02 
         6  2.090000749E+00  1.699988964E+00  2.640041275E+00  2.920004128E+02  2.920004144E+02  4.495939075E-05  9.999550443E-01  4.648815034E-05  9.999535156E-01  1.854133681E-06  3.988214366E-02 
         7  1.929998960E+00  1.700096390E+00  4.850038151E+00  2.920006326E+02  2.920006330E+02  1.526995379E-05  9.999847319E-01  1.578919508E-05  9.999842127E-01  6.297357112E-07  3.988333788E-02 
         8  1.149997690E+00  1.699993700E+00  6.550001821E+00  2.919991424E+02  2.919991431E+02  1.423514132E-04  9.998576393E-01  1.471907310E-04  9.998528000E-01  5.870607602E-06  3.987829966E-02 
         9  2.599530306E-01  1.699784014E+00  4.769789816E+00  2.919999976E+02  2.919999981E+02  9.808551432E-05  9.999019166E-01  1.014205200E-04  9.998985816E-01  4.045063417E-06  3.988000931E-02 
        10  2.500325889E-01  1.700141952E+00  3.039603904E+00  2.919706456E+02  2.919706461E+02  4.361168911E-03  9.956388330E-01  4.508790051E-03  9.954912118E-01  1.798473001E-04  3.970821663E-02 
        11  2.090000512E+00  6.999920786E-01  2.640018387E+00  2.880469441E+02  2.880469450E+02  1.913926670E-01  8.086073479E-01  1.963725461E-01  8.036274688E-01  7.958458563E-03  3.247418353E-02 
        12  1.930000944E+00  7.000071781E-01  4.849993220E+00  2.884436152E+02  2.884436156E+02  1.827885656E-01  8.172114250E-01  1.874383253E-01  8.125616654E-01  7.602242898E-03  3.277593654E-02 
        13  1.149999460E+00  7.000041210E-01  6.549999896E+00  2.893032382E+02  2.893032387E+02  1.515510705E-01  8.484489369E-01  1.555952678E-01  8.444047397E-01  6.287785796E-03  3.396959657E-02 
        14  2.599937070E-01  6.999245510E-01  4.770022657E+00  2.889248175E+02  2.889248181E+02  1.492720969E-01  8.507278965E-01  1.534316009E-01  8.465683926E-01  6.197163266E-03  3.411232200E-02 
        15  2.500057384E-01  7.000450448E-01  3.040068823E+00  2.878737978E+02  2.878737983E+02  2.154509006E-01  7.845491050E-01  2.208654118E-01  7.791345938E-01  8.963117547E-03  3.149473930E-02 
        16  1.179999658E+00  1.300002449E+00  4.500000716E-01  2.919959981E+02  2.919959982E+02  9.428986433E-04  9.990571012E-01  9.749306625E-04  9.990250692E-01  3.888472437E-05  3.984571577E-02 
        17  2.090000552E+00  1.299991228E+00  2.640042717E+00  2.920007264E+02  2.920007339E+02  2.552917899E-05  9.999744634E-01  2.639726282E-05  9.999735953E-01  1.052827583E-06  3.988290123E-02 
        18  1.930000128E+00  1.300009553E+00  4.849983633E+00  2.920007905E+02  2.920007906E+02  4.977590896E-05  9.999502390E-01  5.146842743E-05  9.999485465E-01  2.052764118E-06  3.988189433E-02 
