nodenumber     x-coordinate     y-coordinate     z-coordinate      temperature total-temperature               n2              air         molef-n2        molef-air concentration-n2 concentration-air 
         1  1.180011401E+00  7.000440735E-01  4.499552279E-01  2.888262486E+02  2.888262490E+02  1.306780400E-01  8.693219582E-01  1.343930647E-01  8.656069334E-01  5.434652624E-03  3.488918543E-02 
         2  1.150002942E+00  1.299996259E+00  6.549998111E+00  2.920005214E+02  2.920005217E+02  2.988468709E-05  9.999701004E-01  3.090086279E-05  9.999690842E-01  1.232450715E-06  3.988274902E-02 
         3  2.599979183E-01  1.299834635E+00  4.769962194E+00  2.919746119E+02  2.919746121E+02  3.039363242E-03  9.969606209E-01  3.142370902E-03  9.968576133E-01  1.253422055E-04  3.976217847E-02 
         4  2.499957813E-01  1.300216226E+00  3.040010943E+00  2.919757091E+02  2.919757093E+02  3.253684370E-03  9.967463156E-01  3.363934033E-03  9.966360660E-01  1.341792415E-04  3.975319282E-02 
         5  1.179989316E+00  1.700000987E+00  4.500025386E-01  2.919998423E+02  2.919998425E+02  3.060120255E-04  9.996939649E-01  3.164145708E-04  9.996835624E-01  1.261990424E-05  3.987145367E-02 
         6  2.090000749E+00  1.699988964E+00  2.640041275E+00  2.920005101E+02  2.920005116E+02  2.342447786E-05  9.999765792E-01  2.422100334E-05  9.999757827E-01  9.660303125E-07  3.988301846E-02 
         7  1.929998960E+00  1.700096390E+00  4.850038151E+00  2.920006260E+02  2.920006263E+02  8.737685882E-07  9.999991281E-01  9.034811616E-07  9.999990984E-01  3.603441043E-08  3.988393249E-02 
         8  1.149997690E+00  1.699993700E+00  6.550001821E+00  2.919997438E+02  2.919997444E+02  7.876712891E-05  9.999212236E-01  8.144521608E-05  9.999185455E-01  3.248376489E-06  3.988083975E-02 
         9  2.599530306E-01  1.699784014E+00  4.769789816E+00  2.919999445E+02  2.919999449E+02  9.194109424E-05  9.999080610E-01  9.506706690E-05  9.999049350E-01  3.791666607E-06  3.988026995E-02 
        10  2.500325889E-01  1.700141952E+00  3.039603904E+00  2.919737606E+02  2.919737611E+02  4.328990855E-03  9.956710110E-01  4.475508312E-03  9.955244936E-01  1.785183418E-04  3.970912004E-02 
        11  2.090000512E+00  6.999920786E-01  2.640018387E+00  2.885733349E+02  2.885733358E+02  1.390503392E-01  8.609496757E-01  1.429472842E-01  8.570527307E-01  5.783644071E-03  3.457523718E-02 
        12  1.930000944E+00  7.000071781E-01  4.849993220E+00  2.887936640E+02  2.887936643E+02  1.433060847E-01  8.566939060E-01  1.472676476E-01  8.527323431E-01  5.958307732E-03  3.437019727E-02 
        13  1.149999460E+00  7.000041210E-01  6.549999896E+00  2.895446755E+02  2.895446762E+02  1.099093624E-01  8.900906450E-01  1.130850619E-01  8.869149456E-01  4.561403870E-03  3.566182907E-02 
        14  2.599937070E-01  6.999245510E-01  4.770022657E+00  2.894376853E+02  2.894376857E+02  1.041314001E-01  8.958685933E-01  1.072393832E-01  8.927606103E-01  4.321009352E-03  3.591667892E-02 
        15  2.500057384E-01  7.000450448E-01  3.040068823E+00  2.885734722E+02  2.885734725E+02  1.739621207E-01  8.260378849E-01  1.785683986E-01  8.214316070E-01  7.230425158E-03  3.312907501E-02 
        16  1.179999658E+00  1.300002449E+00  4.500000716E-01  2.919999459E+02  2.919999460E+02  3.017416882E-04  9.996982582E-01  3.119992175E-04  9.996880007E-01  1.244379703E-05  3.987161746E-02 
        17  2.090000552E+00  1.299991228E+00  2.640042717E+00  2.920007930E+02  2.920008007E+02  1.139446634E-05  9.999885981E-01  1.178192816E-05  9.999882106E-01  4.699098905E-07  3.988347506E-02 
        18  1.930000128E+00  1.300009553E+00  4.849983633E+00  2.920007997E+02  2.920007998E+02  2.354249574E-05  9.999764724E-01  2.434303253E-05  9.999756719E-01  9.708962552E-07  3.988297494E-02 
