nodenumber     x-coordinate     y-coordinate     z-coordinate      temperature total-temperature               n2              air         molef-n2        molef-air concentration-n2 concentration-air 
         1  1.180011401E+00  7.000440735E-01  4.499552279E-01  2.913815594E+02  2.913815597E+02  1.048502928E-02  9.895149689E-01  1.083730610E-02  9.891626920E-01  4.332576224E-04  3.953547004E-02 
         2  1.150002942E+00  1.299996259E+00  6.549998111E+00  2.919997036E+02  2.919997040E+02  2.061601135E-05  9.999793691E-01  2.131701272E-05  9.999786681E-01  8.502172522E-07  3.988324295E-02 
         3  2.599979183E-01  1.299834635E+00  4.769962194E+00  2.919739187E+02  2.919739191E+02  6.402125580E-04  9.993597716E-01  6.619679902E-04  9.993380162E-01  2.640441059E-05  3.986121096E-02 
         4  2.499957813E-01  1.300216226E+00  3.040010943E+00  2.919723684E+02  2.919723685E+02  1.283459009E-03  9.987165410E-01  1.327044863E-03  9.986729551E-01  5.293298853E-05  3.983489543E-02 
         5  1.179989316E+00  1.700000987E+00  4.500025386E-01  2.920001522E+02  2.920001523E+02  6.747697572E-06  9.999932293E-01  6.977152442E-06  9.999929998E-01  2.782770263E-07  3.988375297E-02 
         6  2.090000749E+00  1.699988964E+00  2.640041275E+00  2.919959248E+02  2.919959260E+02  9.230341318E-05  9.999077003E-01  9.544175382E-05  9.999045620E-01  3.806686756E-06  3.988080412E-02 
         7  1.929998960E+00  1.700096390E+00  4.850038151E+00  2.920001908E+02  2.920001909E+02  8.321410569E-06  9.999916805E-01  8.604378453E-06  9.999913975E-01  3.431774276E-07  3.988368479E-02 
         8  1.149997690E+00  1.699993700E+00  6.550001821E+00  2.919628117E+02  2.919628127E+02  7.268387894E-04  9.992731519E-01  7.515318232E-04  9.992484589E-01  2.997892905E-05  3.985915454E-02 
         9  2.599530306E-01  1.699784014E+00  4.769789816E+00  2.919962841E+02  2.919962845E+02  9.700282555E-05  9.999029993E-01  1.003010168E-04  9.998997011E-01  4.000473579E-06  3.988056113E-02 
        10  2.500325889E-01  1.700141952E+00  3.039603904E+00  2.919945054E+02  2.919945056E+02  4.195836557E-04  9.995804182E-01  4.338450827E-04  9.995661568E-01  1.730385459E-05  3.986750069E-02 
        11  2.090000512E+00  6.999920786E-01  2.640018387E+00  2.909296050E+02  2.909296053E+02  1.582950789E-02  9.841705070E-01  1.635855838E-02  9.836414565E-01  6.549199135E-04  3.937589204E-02 
        12  1.930000944E+00  7.000071781E-01  4.849993220E+00  2.915999669E+02  2.915999676E+02  7.407890384E-03  9.925921003E-01  7.657570181E-03  9.923424205E-01  3.058926167E-04  3.963288518E-02 
        13  1.149999460E+00  7.000041210E-01  6.549999896E+00  2.915906961E+02  2.915906965E+02  8.961482500E-03  9.910385250E-01  9.260963145E-03  9.907390443E-01  3.703034642E-04  3.956979572E-02 
        14  2.599937070E-01  6.999245510E-01  4.770022657E+00  2.917675953E+02  2.917675956E+02  5.364764383E-03  9.946352291E-01  5.545444923E-03  9.944545486E-01  2.215118807E-04  3.969433966E-02 
        15  2.500057384E-01  7.000450448E-01  3.040068823E+00  2.914455659E+02  2.914455660E+02  1.556899190E-02  9.844310137E-01  1.608769234E-02  9.839123133E-01  6.432307780E-04  3.931674953E-02 
        16  1.179999658E+00  1.300002449E+00  4.500000716E-01  2.919939534E+02  2.919939534E+02  1.179242194E-04  9.998820757E-01  1.219337159E-04  9.998780662E-01  4.863320228E-06  3.988001647E-02 
        17  2.090000552E+00  1.299991228E+00  2.640042717E+00  2.919987604E+02  2.919987674E+02  3.570438304E-05  9.999642882E-01  3.691843235E-05  9.999630741E-01  1.472471449E-06  3.988275013E-02 
        18  1.930000128E+00  1.300009553E+00  4.849983633E+00  2.919950352E+02  2.919950353E+02  8.787605695E-05  9.999121388E-01  9.086394981E-05  9.999091510E-01  3.624105855E-06  3.988110911E-02 
