nodenumber     x-coordinate     y-coordinate     z-coordinate      temperature total-temperature               n2              air         molef-n2        molef-air concentration-n2 concentration-air 
         1  1.180011401E+00  7.000440735E-01  4.499552279E-01  2.895709904E+02  2.895709905E+02  9.588050082E-02  9.041194973E-01  9.868915993E-02  9.013108382E-01  3.983935931E-03  3.623608570E-02 
         2  1.150002942E+00  1.299996259E+00  6.549998111E+00  2.920005555E+02  2.920005559E+02  2.655024923E-05  9.999734348E-01  2.745305139E-05  9.999725320E-01  1.094937778E-06  3.988288187E-02 
         3  2.599979183E-01  1.299834635E+00  4.769962194E+00  2.919886732E+02  2.919886734E+02  1.537021665E-03  9.984629625E-01  1.589159597E-03  9.984108246E-01  6.338604505E-05  3.982221378E-02 
         4  2.499957813E-01  1.300216226E+00  3.040010943E+00  2.919814372E+02  2.919814374E+02  2.928609211E-03  9.970713908E-01  3.027886307E-03  9.969721137E-01  1.207722848E-04  3.976581724E-02 
         5  1.179989316E+00  1.700000987E+00  4.500025386E-01  2.920002225E+02  2.920002227E+02  2.137768765E-04  9.997862001E-01  2.210447412E-04  9.997789322E-01  8.816153894E-06  3.987520549E-02 
         6  2.090000749E+00  1.699988964E+00  2.640041275E+00  2.920005050E+02  2.920005064E+02  2.671675121E-05  9.999732870E-01  2.762522598E-05  9.999723785E-01  1.101804271E-06  3.988288340E-02 
         7  1.929998960E+00  1.700096390E+00  4.850038151E+00  2.920006246E+02  2.920006249E+02  6.945796210E-07  9.999993073E-01  7.181988782E-07  9.999992837E-01  2.864461941E-08  3.988394006E-02 
         8  1.149997690E+00  1.699993700E+00  6.550001821E+00  2.919998928E+02  2.919998933E+02  6.463507070E-05  9.999353556E-01  6.683273614E-05  9.999331580E-01  2.665566640E-06  3.988140221E-02 
         9  2.599530306E-01  1.699784014E+00  4.769789816E+00  2.920005740E+02  2.920005743E+02  6.345876241E-06  9.999936562E-01  6.561666010E-06  9.999934404E-01  2.617053504E-07  3.988371394E-02 
        10  2.500325889E-01  1.700141952E+00  3.039603904E+00  2.919856375E+02  2.919856379E+02  2.814914115E-03  9.971850877E-01  2.910329157E-03  9.970896727E-01  1.160819247E-04  3.976993397E-02 
        11  2.090000512E+00  6.999920786E-01  2.640018387E+00  2.889187701E+02  2.889187709E+02  1.210462802E-01  8.789537347E-01  1.245366161E-01  8.754633988E-01  5.030777193E-03  3.527955662E-02 
        12  1.930000944E+00  7.000071781E-01  4.849993220E+00  2.893574136E+02  2.893574138E+02  1.164370665E-01  8.835629242E-01  1.196924024E-01  8.803075883E-01  4.840056300E-03  3.541007961E-02 
        13  1.149999460E+00  7.000041210E-01  6.549999896E+00  2.901891758E+02  2.901891766E+02  7.773554455E-02  9.222644629E-01  8.008459431E-02  9.199154131E-01  3.222002310E-03  3.691156073E-02 
        14  2.599937070E-01  6.999245510E-01  4.770022657E+00  2.894545278E+02  2.894545284E+02  1.021815711E-01  8.978184224E-01  1.052250807E-01  8.947749128E-01  4.241359539E-03  3.599416360E-02 
        15  2.500057384E-01  7.000450448E-01  3.040068823E+00  2.887326027E+02  2.887326028E+02  1.625097272E-01  8.374902784E-01  1.669630370E-01  8.330369686E-01  6.750038564E-03  3.358669035E-02 
        16  1.179999658E+00  1.300002449E+00  4.500000716E-01  2.920001049E+02  2.920001050E+02  2.603896542E-04  9.997396102E-01  2.692418598E-04  9.997307580E-01  1.073845324E-05  3.987330108E-02 
        17  2.090000552E+00  1.299991228E+00  2.640042717E+00  2.920007977E+02  2.920008052E+02  1.112073185E-05  9.999888718E-01  1.149888626E-05  9.999884937E-01  4.586210377E-07  3.988348570E-02 
        18  1.930000128E+00  1.300009553E+00  4.849983633E+00  2.920008320E+02  2.920008321E+02  1.806666292E-05  9.999819482E-01  1.868100573E-05  9.999813339E-01  7.450721076E-07  3.988319636E-02 
