nodenumber     x-coordinate     y-coordinate     z-coordinate      temperature total-temperature               n2              air         molef-n2        molef-air concentration-n2 concentration-air 
         1  1.180011401E+00  7.000440735E-01  4.499552279E-01  2.910540817E+02  2.910540818E+02  2.244255790E-02  9.775574402E-01  2.318183617E-02  9.768181620E-01  9.289782545E-04  3.908496047E-02 
         2  1.150002942E+00  1.299996259E+00  6.549998111E+00  2.920006477E+02  2.920006479E+02  6.989806665E-06  9.999929953E-01  7.227493459E-06  9.999927576E-01  2.882612358E-07  3.988367596E-02 
         3  2.599979183E-01  1.299834635E+00  4.769962194E+00  2.919969090E+02  2.919969091E+02  1.725426787E-04  9.998274415E-01  1.784088306E-04  9.998215753E-01  7.115755467E-06  3.987735906E-02 
         4  2.499957813E-01  1.300216226E+00  3.040010943E+00  2.919970641E+02  2.919970643E+02  1.881578283E-04  9.998118422E-01  1.945548150E-04  9.998054452E-01  7.759719932E-06  3.987669518E-02 
         5  1.179989316E+00  1.700000987E+00  4.500025386E-01  2.920005033E+02  2.920005035E+02  2.314189079E-05  9.999768351E-01  2.392881399E-05  9.999760481E-01  9.543764803E-07  3.988302891E-02 
         6  2.090000749E+00  1.699988964E+00  2.640041275E+00  2.919996241E+02  2.919996255E+02  2.589935846E-05  9.999741044E-01  2.678003999E-05  9.999732237E-01  1.068099038E-06  3.988303741E-02 
         7  1.929998960E+00  1.700096390E+00  4.850038151E+00  2.920006262E+02  2.920006264E+02  7.311367679E-09  9.999999946E-01  7.559992100E-09  9.999999943E-01  3.015224547E-10  3.988396820E-02 
         8  1.149997690E+00  1.699993700E+00  6.550001821E+00  2.920002844E+02  2.920002848E+02  1.183120697E-05  9.999881595E-01  1.223351927E-05  9.999877572E-01  4.879224565E-07  3.988352636E-02 
         9  2.599530306E-01  1.699784014E+00  4.769789816E+00  2.920003311E+02  2.920003314E+02  1.357417943E-05  9.999864279E-01  1.403576453E-05  9.999859663E-01  5.598026208E-07  3.988344902E-02 
        10  2.500325889E-01  1.700141952E+00  3.039603904E+00  2.920004705E+02  2.920004708E+02  8.305673637E-06  9.999916962E-01  8.588106091E-06  9.999914138E-01  3.425279927E-07  3.988364723E-02 
        11  2.090000512E+00  6.999920786E-01  2.640018387E+00  2.905936971E+02  2.905936982E+02  3.278997636E-02  9.672100385E-01  3.385403085E-02  9.661459841E-01  1.358999144E-03  3.871839761E-02 
        12  1.930000944E+00  7.000071781E-01  4.849993220E+00  2.911777935E+02  2.911777936E+02  2.655557088E-02  9.734444198E-01  2.742232580E-02  9.725776649E-01  1.098423000E-03  3.889844623E-02 
        13  1.149999460E+00  7.000041210E-01  6.549999896E+00  2.915375966E+02  2.915375971E+02  1.436082951E-02  9.856391779E-01  1.483647651E-02  9.851635309E-01  5.933870510E-04  3.935400287E-02 
        14  2.599937070E-01  6.999245510E-01  4.770022657E+00  2.913154417E+02  2.913154421E+02  1.774413646E-02  9.822558570E-01  1.833302398E-02  9.816669695E-01  7.335440881E-04  3.924432785E-02 
        15  2.500057384E-01  7.000450448E-01  3.040068823E+00  2.910727968E+02  2.910727970E+02  3.202729222E-02  9.679727134E-01  3.305040367E-02  9.669496019E-01  1.325451050E-03  3.868592242E-02 
        16  1.179999658E+00  1.300002449E+00  4.500000716E-01  2.920001447E+02  2.920001447E+02  7.826392100E-05  9.999217360E-01  8.092507182E-05  9.999190748E-01  3.227618801E-06  3.988080649E-02 
        17  2.090000552E+00  1.299991228E+00  2.640042717E+00  2.920004870E+02  2.920004946E+02  9.002255526E-06  9.999909903E-01  9.308373420E-06  9.999906842E-01  3.712554790E-07  3.988361551E-02 
        18  1.930000128E+00  1.300009553E+00  4.849983633E+00  2.920006800E+02  2.920006800E+02  5.084129186E-06  9.999949308E-01  5.257014352E-06  9.999947579E-01  2.096706347E-07  3.988375252E-02 
