nodenumber     x-coordinate     y-coordinate     z-coordinate      temperature total-temperature               n2              air         molef-n2        molef-air concentration-n2 concentration-air 
         1  1.180011401E+00  7.000440735E-01  4.499552279E-01  2.881809814E+02  2.881809816E+02  2.213278249E-01  7.786721733E-01  2.267870287E-01  7.732129694E-01  9.192710768E-03  3.122160436E-02 
         2  1.150002942E+00  1.299996259E+00  6.549998111E+00  2.919601169E+02  2.919601178E+02  4.195525411E-03  9.958044597E-01  4.337514234E-03  9.956624709E-01  1.730236397E-04  3.971647747E-02 
         3  2.599979183E-01  1.299834635E+00  4.769962194E+00  2.919673766E+02  2.919673770E+02  4.081229403E-03  9.959187548E-01  4.219409133E-03  9.957805750E-01  1.683067407E-04  3.972020241E-02 
         4  2.499957813E-01  1.300216226E+00  3.040010943E+00  2.919842344E+02  2.919842348E+02  2.554020606E-03  9.974459794E-01  2.640638196E-03  9.973593618E-01  1.053251494E-04  3.978088225E-02 
         5  1.179989316E+00  1.700000987E+00  4.500025386E-01  2.919756800E+02  2.919756801E+02  3.948188240E-03  9.960517887E-01  4.081898745E-03  9.959180782E-01  1.628162347E-04  3.972455793E-02 
         6  2.090000749E+00  1.699988964E+00  2.640041275E+00  2.919993155E+02  2.919993170E+02  2.390554594E-04  9.997609483E-01  2.471823563E-04  9.997528214E-01  9.858662675E-06  3.987428900E-02 
         7  1.929998960E+00  1.700096390E+00  4.850038151E+00  2.919845168E+02  2.919845171E+02  2.851366029E-03  9.971486358E-01  2.948031441E-03  9.970519704E-01  1.175859191E-04  3.976858306E-02 
         8  1.149997690E+00  1.699993700E+00  6.550001821E+00  2.919412417E+02  2.919412429E+02  6.047946469E-03  9.939520442E-01  6.252218339E-03  9.937477723E-01  2.494179103E-04  3.964266271E-02 
         9  2.599530306E-01  1.699784014E+00  4.769789816E+00  2.919550858E+02  2.919550864E+02  5.777517407E-03  9.942224847E-01  5.972777058E-03  9.940272250E-01  2.382563264E-04  3.965193349E-02 
        10  2.500325889E-01  1.700141952E+00  3.039603904E+00  2.919783594E+02  2.919783599E+02  3.533194048E-03  9.964668078E-01  3.652898841E-03  9.963471030E-01  1.457033097E-04  3.974130681E-02 
        11  2.090000512E+00  6.999920786E-01  2.640018387E+00  2.875979039E+02  2.875979047E+02  2.752436760E-01  7.247563389E-01  2.813306793E-01  7.186693356E-01  1.143460911E-02  2.906224266E-02 
        12  1.930000944E+00  7.000071781E-01  4.849993220E+00  2.890051275E+02  2.890051279E+02  1.740362719E-01  8.259637188E-01  1.786234772E-01  8.213765135E-01  7.218435592E-03  3.308015134E-02 
        13  1.149999460E+00  7.000041210E-01  6.549999896E+00  2.892182855E+02  2.892182860E+02  1.744804863E-01  8.255195211E-01  1.790052401E-01  8.209947674E-01  7.232139803E-03  3.303687117E-02 
        14  2.599937070E-01  6.999245510E-01  4.770022657E+00  2.889713269E+02  2.889713273E+02  1.944233631E-01  8.055766304E-01  1.993544360E-01  8.006455574E-01  8.059907908E-03  3.224362045E-02 
        15  2.500057384E-01  7.000450448E-01  3.040068823E+00  2.890517967E+02  2.890517973E+02  1.758754298E-01  8.241245758E-01  1.804120631E-01  8.195879425E-01  7.295091642E-03  3.299727797E-02 
        16  1.179999658E+00  1.300002449E+00  4.500000716E-01  2.919803040E+02  2.919803041E+02  3.249585018E-03  9.967504149E-01  3.359715971E-03  9.966402839E-01  1.340081452E-04  3.975273617E-02 
        17  2.090000552E+00  1.299991228E+00  2.640042717E+00  2.920002457E+02  2.920002521E+02  1.045266802E-04  9.998954659E-01  1.080805138E-04  9.998919120E-01  4.310690902E-06  3.987970903E-02 
        18  1.930000128E+00  1.300009553E+00  4.849983633E+00  2.919941794E+02  2.919941796E+02  1.127068409E-03  9.988729465E-01  1.165345424E-03  9.988346695E-01  4.647973878E-05  3.983837038E-02 
