nodenumber     x-coordinate     y-coordinate     z-coordinate      temperature total-temperature               n2              air         molef-n2        molef-air concentration-n2 concentration-air 
         1  1.180011401E+00  7.000440735E-01  4.499552279E-01  2.884565975E+02  2.884565978E+02  1.634747416E-01  8.365252565E-01  1.678203267E-01  8.321796714E-01  6.803012114E-03  3.357313091E-02 
         2  1.150002942E+00  1.299996259E+00  6.549998111E+00  2.919997405E+02  2.919997409E+02  1.103837726E-04  9.998896013E-01  1.141366495E-04  9.998858484E-01  4.552249169E-06  3.987953588E-02 
         3  2.599979183E-01  1.299834635E+00  4.769962194E+00  2.919797212E+02  2.919797214E+02  2.926267024E-03  9.970737171E-01  3.025452314E-03  9.969745319E-01  1.206763572E-04  3.976614633E-02 
         4  2.499957813E-01  1.300216226E+00  3.040010943E+00  2.919823482E+02  2.919823484E+02  2.338608451E-03  9.976613915E-01  2.417932910E-03  9.975820671E-01  9.644308503E-05  3.979002199E-02 
         5  1.179989316E+00  1.700000987E+00  4.500025386E-01  2.919980202E+02  2.919980204E+02  5.680646108E-04  9.994319123E-01  5.873690560E-04  9.994126079E-01  2.342684553E-05  3.986089562E-02 
         6  2.090000749E+00  1.699988964E+00  2.640041275E+00  2.920003709E+02  2.920003724E+02  5.644352077E-05  9.999435602E-01  5.836274820E-05  9.999416410E-01  2.327740666E-06  3.988167577E-02 
         7  1.929998960E+00  1.700096390E+00  4.850038151E+00  2.920006221E+02  2.920006225E+02  1.718280580E-05  9.999828191E-01  1.776709369E-05  9.999822348E-01  7.086222016E-07  3.988326042E-02 
         8  1.149997690E+00  1.699993700E+00  6.550001821E+00  2.919987401E+02  2.919987408E+02  1.881846614E-04  9.998118060E-01  1.945817447E-04  9.998054089E-01  7.760779351E-06  3.987646444E-02 
         9  2.599530306E-01  1.699784014E+00  4.769789816E+00  2.919900278E+02  2.919900284E+02  1.636728458E-03  9.983632736E-01  1.692278978E-03  9.983077231E-01  6.749758020E-05  3.981791862E-02 
        10  2.500325889E-01  1.700141952E+00  3.039603904E+00  2.919774997E+02  2.919775001E+02  3.592808113E-03  9.964071937E-01  3.714516387E-03  9.962854855E-01  1.481617347E-04  3.973896584E-02 
        11  2.090000512E+00  6.999920786E-01  2.640018387E+00  2.880835176E+02  2.880835184E+02  1.890152022E-01  8.109848127E-01  1.939013787E-01  8.060986362E-01  7.862476989E-03  3.256542375E-02 
        12  1.930000944E+00  7.000071781E-01  4.849993220E+00  2.885150014E+02  2.885150017E+02  1.708552098E-01  8.291447809E-01  1.753328777E-01  8.246671130E-01  7.105918558E-03  3.326198636E-02 
        13  1.149999460E+00  7.000041210E-01  6.549999896E+00  2.892517557E+02  2.892517563E+02  1.492433537E-01  8.507566537E-01  1.533550383E-01  8.466449691E-01  6.189006457E-03  3.407491037E-02 
        14  2.599937070E-01  6.999245510E-01  4.770022657E+00  2.889684110E+02  2.889684117E+02  1.509241023E-01  8.490758912E-01  1.551538597E-01  8.448461337E-01  6.262714130E-03  3.404047024E-02 
        15  2.500057384E-01  7.000450448E-01  3.040068823E+00  2.873807456E+02  2.873807460E+02  2.747314244E-01  7.252685812E-01  2.809567462E-01  7.190432594E-01  1.142225321E-02  2.910509251E-02 
        16  1.179999658E+00  1.300002449E+00  4.500000716E-01  2.919975209E+02  2.919975211E+02  6.466756606E-04  9.993533242E-01  6.686507206E-04  9.993313492E-01  2.666874179E-05  3.985772374E-02 
        17  2.090000552E+00  1.299991228E+00  2.640042717E+00  2.920006959E+02  2.920007031E+02  3.106955028E-05  9.999689230E-01  3.212601587E-05  9.999678665E-01  1.281313262E-06  3.988267691E-02 
        18  1.930000128E+00  1.300009553E+00  4.849983633E+00  2.920007015E+02  2.920007017E+02  5.610126353E-05  9.999439136E-01  5.800885924E-05  9.999420060E-01  2.313623379E-06  3.988164562E-02 
