nodenumber     x-coordinate     y-coordinate     z-coordinate      temperature total-temperature               n2              air         molef-n2        molef-air concentration-n2 concentration-air 
         1  1.180011401E+00  7.000440735E-01  4.499552279E-01  2.889193432E+02  2.889193433E+02  1.325348843E-01  8.674651139E-01  1.362629573E-01  8.637370408E-01  5.510009809E-03  3.480078430E-02 
         2  1.150002942E+00  1.299996259E+00  6.549998111E+00  2.920000387E+02  2.920000391E+02  8.118640130E-05  9.999187987E-01  8.394675989E-05  9.999160383E-01  3.348143442E-06  3.988069926E-02 
         3  2.599979183E-01  1.299834635E+00  4.769962194E+00  2.919766251E+02  2.919766252E+02  2.827958527E-03  9.971720256E-01  2.923828883E-03  9.970761553E-01  1.166240422E-04  3.977062161E-02 
         4  2.499957813E-01  1.300216226E+00  3.040010943E+00  2.919803398E+02  2.919803400E+02  2.508825114E-03  9.974911749E-01  2.593908848E-03  9.974060912E-01  1.034628706E-04  3.978327657E-02 
         5  1.179989316E+00  1.700000987E+00  4.500025386E-01  2.919942749E+02  2.919942750E+02  1.322430953E-03  9.986775460E-01  1.367338804E-03  9.986326381E-01  5.453608565E-05  3.983029795E-02 
         6  2.090000749E+00  1.699988964E+00  2.640041275E+00  2.920003614E+02  2.920003630E+02  5.325648240E-05  9.999467472E-01  5.506736165E-05  9.999449364E-01  2.196307246E-06  3.988180850E-02 
         7  1.929998960E+00  1.700096390E+00  4.850038151E+00  2.920006179E+02  2.920006182E+02  1.588638901E-05  9.999841155E-01  1.642659170E-05  9.999835753E-01  6.551576711E-07  3.988331447E-02 
         8  1.149997690E+00  1.699993700E+00  6.550001821E+00  2.919989691E+02  2.919989698E+02  1.598817544E-04  9.998401089E-01  1.653170787E-04  9.998346736E-01  6.593562569E-06  3.987760038E-02 
         9  2.599530306E-01  1.699784014E+00  4.769789816E+00  2.919992963E+02  2.919992967E+02  1.991349356E-04  9.998008672E-01  2.059046630E-04  9.997940974E-01  8.212346990E-06  3.987593782E-02 
        10  2.500325889E-01  1.700141952E+00  3.039603904E+00  2.919743541E+02  2.919743546E+02  3.893601072E-03  9.961064008E-01  4.025460708E-03  9.959745412E-01  1.605660880E-04  3.972699121E-02 
        11  2.090000512E+00  6.999920786E-01  2.640018387E+00  2.878093483E+02  2.878093490E+02  1.940877185E-01  8.059122964E-01  1.990784948E-01  8.009215201E-01  8.079255781E-03  3.238718182E-02 
        12  1.930000944E+00  7.000071781E-01  4.849993220E+00  2.884949618E+02  2.884949619E+02  1.631789098E-01  8.368210809E-01  1.675000216E-01  8.324999690E-01  6.790100390E-03  3.358070708E-02 
        13  1.149999460E+00  7.000041210E-01  6.549999896E+00  2.883440804E+02  2.883440809E+02  1.905976020E-01  8.094024054E-01  1.955642778E-01  8.044357297E-01  7.920694936E-03  3.247060990E-02 
        14  2.599937070E-01  6.999245510E-01  4.770022657E+00  2.890006018E+02  2.890006022E+02  1.409825286E-01  8.590174649E-01  1.449555298E-01  8.550444637E-01  5.853400377E-03  3.444550813E-02 
        15  2.500057384E-01  7.000450448E-01  3.040068823E+00  2.876546194E+02  2.876546197E+02  2.427137091E-01  7.572862965E-01  2.485997653E-01  7.514002403E-01  1.009123724E-02  3.039710540E-02 
        16  1.179999658E+00  1.300002449E+00  4.500000716E-01  2.919969396E+02  2.919969397E+02  8.216400700E-04  9.991783598E-01  8.495561556E-04  9.991504437E-01  3.388410241E-05  3.985058779E-02 
        17  2.090000552E+00  1.299991228E+00  2.640042717E+00  2.920007126E+02  2.920007202E+02  2.884876243E-05  9.999711438E-01  2.982972431E-05  9.999701628E-01  1.189727793E-06  3.988276622E-02 
        18  1.930000128E+00  1.300009553E+00  4.849983633E+00  2.920006564E+02  2.920006565E+02  5.629566327E-05  9.999437192E-01  5.820986844E-05  9.999418050E-01  2.321640726E-06  3.988164377E-02 
