nodenumber     x-coordinate     y-coordinate     z-coordinate      temperature total-temperature               n2              air         molef-n2        molef-air concentration-n2 concentration-air 
         1  1.180011401E+00  7.000440735E-01  4.499552279E-01  2.886146612E+02  2.886146613E+02  1.380441199E-01  8.619558782E-01  1.419236194E-01  8.580763788E-01  5.744083242E-03  3.460940964E-02 
         2  1.150002942E+00  1.299996259E+00  6.549998111E+00  2.920005647E+02  2.920005651E+02  2.911937636E-05  9.999708657E-01  3.010953280E-05  9.999698756E-01  1.200888847E-06  3.988277466E-02 
         3  2.599979183E-01  1.299834635E+00  4.769962194E+00  2.919934844E+02  2.919934847E+02  8.726041076E-04  9.991273801E-01  9.022440926E-04  9.990977401E-01  3.598617734E-05  3.984895642E-02 
         4  2.499957813E-01  1.300216226E+00  3.040010943E+00  2.919825006E+02  2.919825008E+02  2.369879932E-03  9.976301201E-01  2.450265965E-03  9.975497340E-01  9.773256709E-05  3.978871169E-02 
         5  1.179989316E+00  1.700000987E+00  4.500025386E-01  2.919987205E+02  2.919987207E+02  5.551705740E-04  9.994448064E-01  5.740381660E-04  9.994259388E-01  2.289507279E-05  3.986133173E-02 
         6  2.090000749E+00  1.699988964E+00  2.640041275E+00  2.920005306E+02  2.920005321E+02  3.247963430E-05  9.999675241E-01  3.358406149E-05  9.999664197E-01  1.339466278E-06  3.988264223E-02 
         7  1.929998960E+00  1.700096390E+00  4.850038151E+00  2.920006248E+02  2.920006251E+02  4.326409538E-06  9.999956755E-01  4.473528144E-06  9.999955283E-01  1.784220458E-07  3.988379026E-02 
         8  1.149997690E+00  1.699993700E+00  6.550001821E+00  2.919999655E+02  2.919999660E+02  6.458216774E-05  9.999354085E-01  6.677799600E-05  9.999332127E-01  2.663383783E-06  3.988139447E-02 
         9  2.599530306E-01  1.699784014E+00  4.769789816E+00  2.920005046E+02  2.920005050E+02  1.614096022E-05  9.999838611E-01  1.668982326E-05  9.999833123E-01  6.656567531E-07  3.988331946E-02 
        10  2.500325889E-01  1.700141952E+00  3.039603904E+00  2.919795638E+02  2.919795643E+02  3.309089161E-03  9.966909127E-01  3.421226847E-03  9.965787750E-01  1.364620430E-04  3.975038355E-02 
        11  2.090000512E+00  6.999920786E-01  2.640018387E+00  2.885446828E+02  2.885446836E+02  1.468877363E-01  8.531122786E-01  1.509480341E-01  8.490519808E-01  6.108278462E-03  3.425460630E-02 
        12  1.930000944E+00  7.000071781E-01  4.849993220E+00  2.885258315E+02  2.885258316E+02  1.671404870E-01  8.328595037E-01  1.715588112E-01  8.284411795E-01  6.951333598E-03  3.341496530E-02 
        13  1.149999460E+00  7.000041210E-01  6.549999896E+00  2.893751026E+02  2.893751033E+02  1.240626217E-01  8.759373858E-01  1.275910238E-01  8.724089837E-01  5.148961650E-03  3.509791390E-02 
        14  2.599937070E-01  6.999245510E-01  4.770022657E+00  2.893042604E+02  2.893042611E+02  1.177853554E-01  8.822146381E-01  1.211792847E-01  8.788207087E-01  4.891181396E-03  3.536560120E-02 
        15  2.500057384E-01  7.000450448E-01  3.040068823E+00  2.887473629E+02  2.887473631E+02  1.635898702E-01  8.364101354E-01  1.679644396E-01  8.320355659E-01  6.797478703E-03  3.353755453E-02 
        16  1.179999658E+00  1.300002449E+00  4.500000716E-01  2.919991862E+02  2.919991863E+02  4.313381218E-04  9.995686618E-01  4.459992049E-04  9.995540007E-01  1.778830853E-05  3.986637672E-02 
        17  2.090000552E+00  1.299991228E+00  2.640042717E+00  2.920008102E+02  2.920008181E+02  1.235400000E-05  9.999876385E-01  1.277409043E-05  9.999872185E-01  5.094811749E-07  3.988343314E-02 
        18  1.930000128E+00  1.300009553E+00  4.849983633E+00  2.920007935E+02  2.920007936E+02  3.185694274E-05  9.999681580E-01  3.294019536E-05  9.999670747E-01  1.313785032E-06  3.988263290E-02 
