nodenumber     x-coordinate     y-coordinate     z-coordinate      temperature total-temperature               n2              air         molef-n2        molef-air concentration-n2 concentration-air 
         1  1.180011401E+00  7.000440735E-01  4.499552279E-01  2.889976517E+02  2.889976519E+02  1.707710657E-01  8.292289324E-01  1.751817288E-01  8.248182694E-01  7.088550696E-03  3.321164683E-02 
         2  1.150002942E+00  1.299996259E+00  6.549998111E+00  2.919629250E+02  2.919629257E+02  4.320372129E-03  9.956796130E-01  4.466600890E-03  9.955333842E-01  1.781698027E-04  3.971094761E-02 
         3  2.599979183E-01  1.299834635E+00  4.769962194E+00  2.919571614E+02  2.919571617E+02  4.912761177E-03  9.950872230E-01  5.078948133E-03  9.949210360E-01  2.025998582E-04  3.968730495E-02 
         4  2.499957813E-01  1.300216226E+00  3.040010943E+00  2.919906366E+02  2.919906369E+02  1.791682179E-03  9.982083178E-01  1.852495066E-03  9.981475049E-01  7.388740675E-05  3.981144545E-02 
         5  1.179989316E+00  1.700000987E+00  4.500025386E-01  2.919857896E+02  2.919857899E+02  2.491680422E-03  9.975082965E-01  2.576187120E-03  9.974237898E-01  1.027539122E-04  3.978323922E-02 
         6  2.090000749E+00  1.699988964E+00  2.640041275E+00  2.919979394E+02  2.919979408E+02  4.508717687E-04  9.995491320E-01  4.661961132E-04  9.995338076E-01  1.859393336E-05  3.986574169E-02 
         7  1.929998960E+00  1.700096390E+00  4.850038151E+00  2.920002299E+02  2.920002303E+02  1.245212500E-04  9.998754806E-01  1.287541782E-04  9.998712477E-01  5.135247777E-06  3.987888738E-02 
         8  1.149997690E+00  1.699993700E+00  6.550001821E+00  2.919484910E+02  2.919484917E+02  6.093358288E-03  9.939066324E-01  6.299235347E-03  9.937007553E-01  2.512841553E-04  3.963980582E-02 
         9  2.599530306E-01  1.699784014E+00  4.769789816E+00  2.919479193E+02  2.919479199E+02  6.223542484E-03  9.937764596E-01  6.433810290E-03  9.935661918E-01  2.566523472E-04  3.963451664E-02 
        10  2.500325889E-01  1.700141952E+00  3.039603904E+00  2.919860258E+02  2.919860262E+02  2.678631758E-03  9.973213701E-01  2.769465858E-03  9.972305360E-01  1.104628386E-04  3.977550001E-02 
        11  2.090000512E+00  6.999920786E-01  2.640018387E+00  2.871583534E+02  2.871583542E+02  2.932084899E-01  7.067915250E-01  2.996103738E-01  7.003896411E-01  1.219278171E-02  2.836620636E-02 
        12  1.930000944E+00  7.000071781E-01  4.849993220E+00  2.887447273E+02  2.887447276E+02  1.971535951E-01  8.028463956E-01  2.021738361E-01  7.978261546E-01  8.178192085E-03  3.215692940E-02 
        13  1.149999460E+00  7.000041210E-01  6.549999896E+00  2.892495865E+02  2.892495871E+02  1.707669627E-01  8.292330448E-01  1.753018763E-01  8.246981311E-01  7.076058613E-03  3.318825937E-02 
        14  2.599937070E-01  6.999245510E-01  4.770022657E+00  2.890519852E+02  2.890519855E+02  1.903801445E-01  8.096198489E-01  1.952834100E-01  8.047165835E-01  7.890919614E-03  3.240128033E-02 
        15  2.500057384E-01  7.000450448E-01  3.040068823E+00  2.884705901E+02  2.884705908E+02  2.104557843E-01  7.895442213E-01  2.156386758E-01  7.843613298E-01  8.735305070E-03  3.163837444E-02 
        16  1.179999658E+00  1.300002449E+00  4.500000716E-01  2.919909940E+02  2.919909943E+02  1.660638014E-03  9.983393619E-01  1.717008995E-03  9.982829909E-01  6.848345261E-05  3.981680057E-02 
        17  2.090000552E+00  1.299991228E+00  2.640042717E+00  2.919996382E+02  2.919996458E+02  1.961308339E-04  9.998038617E-01  2.027984863E-04  9.997971941E-01  8.088447346E-06  3.987601425E-02 
        18  1.930000128E+00  1.300009553E+00  4.849983633E+00  2.920001716E+02  2.920001718E+02  1.889513713E-04  9.998110635E-01  1.953749263E-04  9.998046400E-01  7.792349401E-06  3.987623927E-02 
