Time [min] Temp_01   Temp_02   Temp_03   Temp_04   Temp_05   Temp_06   Temp_07   Temp_08   Temp_09   Temp_10   Temp_11   Temp_12   Temp_13   Temp_14   Temp_15   Temp_16   Temp_17   Temp_18
    0       19.500    19.000              21.600    19.900              19.600              19.000    20.217              19.900    19.700    19.300              20.200    20.108
    1       19.500    19.000              21.600    19.900              19.600              19.000    20.250              19.900    19.700    19.300              20.200    20.100
    2       19.500    19.055              21.600    19.900              19.600              19.000    20.208              19.900    19.700    19.300              20.200    20.100
    3       19.500    19.067              21.600    19.900              19.600              19.000    20.200              19.908    19.700    19.300              20.200    20.100
    4       19.500    19.100              21.600    19.900              19.600              19.000    20.217              19.900    19.700    19.300              20.200    20.100
    5       19.500    19.100              21.600    19.900              19.600              19.000    20.233              19.900    19.700    19.300              20.200    20.100
    6       19.500    19.100              21.583    19.900              19.600              19.000    20.250              19.900    19.700    19.300              20.200    20.100
    7       19.500    19.100              21.591    19.900              19.617              19.000    20.200              19.927    19.700    19.308              20.200    20.100
    8       19.508    19.100              21.600    19.900              19.667              19.000    20.217              19.992    19.700    19.375              20.200    20.100
    9       19.575    19.092              21.600    19.900              19.636              19.000    20.217              20.000    19.700    19.400              20.200    20.100
    10      19.600    19.100              21.600    19.900              19.692              19.000    20.208              20.000    19.725    19.400              20.200    20.117
    11      19.600    19.100              21.600    19.900              19.700              19.000    20.275              20.000    19.792    19.400              20.200    20.142
    12      19.600    19.100              21.600    19.900              19.700              19.000    20.225              20.000    19.800    19.417              20.200    20.183
    13      19.600    19.100              21.600    19.900              19.700              19.000    20.233              20.000    19.800    19.473              20.200    20.158
    14      19.600    19.100              21.600    19.900              19.692              18.833    20.217              20.000    19.800    19.475              20.200    20.100
    15      19.600    19.025              21.600    19.900              19.608              18.508    20.200              20.000    19.800    19.417              20.200    20.100
    16      19.600    19.000              21.573    19.900              19.600              18.175    20.191              19.927    19.767    19.400              20.175    20.100
    17      19.567    18.992              21.500    19.900              19.600              17.917    20.142              19.900    19.717    19.400              20.108    20.100
    18      19.508    18.900              21.500    19.875              19.545              17.750    20.100              19.900    19.700    19.358              20.100    20.100
    19      19.500    18.900              21.500    19.817              19.500              17.625    20.100              19.900    19.700    19.300              20.100    20.100
    20      19.500    18.845              21.500    19.800              19.500              17.508    20.100              19.867    19.700    19.300              20.058    20.100
    21      19.483    18.800              21.492    19.800              19.500              17.425    20.075              19.800    19.700    19.225              20.000    20.100
    22      19.400    18.783              21.458    19.800              19.417              17.373    20.025              19.800    19.642    19.200              20.000    20.100
    23      19.400    18.717              21.417    19.783              19.400              17.275    20.000              19.800    19.600    19.183              20.000    20.100
    24      19.400    18.700              21.400    19.708              19.400              17.200    20.000              19.792    19.600    19.125              20.000    20.100
    25      19.400    18.617              21.400    19.700              19.392              17.125    19.991              19.773    19.600    19.100              19.950    20.100
    26      19.308    18.600              21.400    19.700              19.342              17.100    19.992              19.700    19.600    19.100              19.900    20.100
    27      19.300    18.592              21.400    19.675              19.300              17.050    19.933              19.700    19.600    19.100              19.908    20.100
    28      19.300    18.525              21.375    19.608              19.300              17.000    19.900              19.700    19.517    19.033              19.900    20.083
    29      19.300    18.500              21.317    19.600              19.300              17.000    19.900              19.692    19.500    19.000              19.900    20.000
    30      19.292    18.467              21.300    19.600              19.300              16.933    19.900              19.692    19.500    19.000              19.900    20.000
    31      19.225    18.400              21.300    19.600              19.267              16.900    19.900              19.625    19.500    19.000              19.900    20.000
    32      19.200    18.400              21.300    19.508              19.200              16.892    19.892              19.600    19.433    18.975              19.900    20.000
    33      19.200    18.375              21.300    19.500              19.200              16.800    19.858              19.600    19.400    18.900              19.900    20.000
    34      19.200    18.308              21.255    19.500              19.192              16.800    19.809              19.600    19.400    18.900              19.900    20.000
    35      19.183    18.300              21.208    19.500              19.133              16.800    19.808              19.600    19.400    18.900              19.900    20.000
    36      19.108    18.275              21.200    19.500              19.100              16.792    19.800              19.583    19.400    18.900              19.900    20.000
    37      19.100    18.208              21.200    19.492              19.100              16.700    19.800              19.533    19.400    18.850              19.900    20.000
    38      19.100    18.200              21.200    19.450              19.100              16.700    19.800              19.508    19.392    18.800              19.875    20.000
    39      19.100    18.200              21.200    19.400              19.100              16.700    19.800              19.500    19.300    18.800              19.825    20.000
    40      19.100    18.200              21.200    19.400              19.025              16.618    19.800              19.500    19.300    18.800              19.809    19.950
    41      19.092    18.108              21.200    19.400              19.000              16.600    19.800              19.500    19.300    18.800              19.800    19.917
    42      19.067    18.100              21.200    19.400              19.000              16.600    19.800              19.500    19.300    18.767              19.800    19.900
    43      19.000    18.100              21.173    19.400              19.000              16.600    19.773              19.500    19.300    18.700              19.800    19.900
    44      19.000    18.100              21.100    19.400              18.992              16.600    19.708              19.492    19.300    18.700              19.800    19.900
    45      19.000    18.100              21.100    19.367              18.927              16.600    19.700              19.433    19.300    18.700              19.800    19.900
    46      19.000    18.000              21.100    19.308              18.908              16.583    19.700              19.400    19.217    18.700              19.800    19.900
    47      19.000    18.000              21.100    19.300              18.900              16.600    19.700              19.400    19.200    18.683              19.800    19.900
    48      18.992    18.000              21.100    19.300              18.900              16.600    19.700              19.400    19.200    18.650              19.800    19.900
    49      18.958    18.000              21.100    19.300              18.900              16.600    19.700              19.400    19.200    18.609              19.800    19.883
    50      18.908    18.000              21.100    19.300              18.900              16.600    19.700              19.400    19.200    18.600              19.800    19.850
    51      18.900    18.000              21.083    19.300              18.900              16.600    19.700              19.400    19.200    18.600              19.800    19.800
    52      18.900    17.942              21.018    19.300              18.900              16.600    19.700              19.400    19.192    18.600              19.800    19.809
    53      18.900    17.900              21.025    19.300              18.892              16.633    19.700              19.392    19.150    18.600              19.800    19.800
    54      18.900    17.900              21.000    19.300              18.882              16.700    19.700              19.342    19.125    18.600              19.800    19.800
    55      18.900    17.900              21.000    19.300              18.867              16.700    19.700              19.308    19.100    18.600              19.800    19.800
    56      18.900    17.900              21.008    19.283              18.892              16.700    19.692              19.300    19.100    18.600              19.800    19.800
    57      18.900    17.900              21.000    19.292              18.817              16.783    19.692              19.300    19.100    18.600              19.800    19.800
    58      18.900    17.900              21.000    19.300              18.800              16.800    19.700              19.300    19.100    18.600              19.800    19.800
    59      18.900    17.900              21.000    19.300              18.808              16.825    19.692              19.300    19.100    18.600              19.800    19.800
    60      18.900    17.900              21.000    19.300              18.808              16.900    19.692              19.300    19.100    18.592              19.800    19.800
